PacketSeqNo,GeneratedTime(sec),ArrivalTime(sec),MulticastIdx
1,0.00183606147766,1.74995493889,1
2,0.104475021362,1.85044789314,1
3,0.207485198975,1.95554208755,1
4,0.310324192047,2.05641198158,1
5,0.41242814064,2.15923404694,1
6,0.514748096466,2.26074910164,1
7,0.617084980011,2.36308813095,1
8,0.718938112259,2.46558403969,1
9,0.821604013443,2.56864690781,1
10,0.924471139908,2.67410612106,1
11,1.02916097641,2.77537989616,1
12,1.13154602051,2.87738800049,1
13,1.23426413536,2.97904396057,1
14,1.33654713631,3.08164405823,1
15,1.43893098831,3.1830239296,1
16,1.54178404808,3.2855451107,1
17,1.64412617683,3.3948199749,1
18,1.74593520164,3.49202609062,1
19,1.84777903557,3.59260296822,1
20,1.94983911514,3.69622397423,1
21,2.05296421051,3.79662013054,1
22,2.15456414223,3.90075302124,1
23,2.25672197342,4.00066590309,1
24,2.35866713524,4.10461807251,1
25,2.46027398109,4.21213412285,1
26,2.56221699715,4.30789399147,1
27,2.66383004189,4.40855503082,1
28,2.76538515091,4.51063704491,1
29,2.86840820312,4.6137471199,1
30,2.97099113464,4.71765208244,1
31,3.07495498657,4.82102203369,1
32,3.1767141819,4.92111301422,1
33,3.27844309807,5.02418589592,1
34,3.38015413284,5.12453508377,1
35,3.48212599754,5.22854208946,1
36,3.58383512497,5.32893109322,1
37,3.68703508377,5.432117939,1
38,3.78914999962,5.53226208687,1
39,3.89116311073,5.63627195358,1
40,3.99278998375,5.73675990105,1
41,4.09500312805,5.83983206749,1
42,4.19662714005,5.94186806679,1
43,4.29812407494,6.04401397705,1
44,4.39987707138,6.14475798607,1
45,4.50311303139,6.24854493141,1
46,4.60482501984,6.34904694557,1
47,4.70703315735,6.4528260231,1
48,4.80880904198,6.55320310593,1
49,4.91047501564,6.65571689606,1
50,5.01208400726,6.75736498833,1
51,5.11376404762,6.8605799675,1
52,5.21596908569,6.96241998672,1
53,5.31822919846,7.06199193001,1
54,5.42077207565,7.16525697708,1
55,5.52236914635,7.26543593407,1
56,5.62425017357,7.36830997467,1
57,5.72655200958,7.47139191628,1
58,5.82842707634,7.57246804237,1
59,5.9312620163,7.67771410942,1
60,6.0340089798,7.77954411507,1
61,6.13560318947,7.88098311424,1
62,6.23787713051,7.98171591759,1
63,6.34025812149,8.08454799652,1
64,6.44191503525,8.18816900253,1
65,6.54436206818,8.28924298286,1
66,6.64602208138,8.38969397545,1
67,6.74759101868,8.49242901802,1
68,6.84917807579,8.59546113014,1
69,6.95099210739,8.69733309746,1
70,7.05298709869,8.79688405991,1
71,7.15552306175,8.9006690979,1
72,7.25725412369,9.00108504295,1
73,7.35936903954,9.10390305519,1
74,7.46153903008,9.20473909378,1
75,7.563352108,9.30785298347,1
76,7.66492319107,9.40812802315,1
77,7.76678204536,9.5130739212,1
78,7.86834406853,9.61471199989,1
79,7.96992897987,9.71435904503,1
80,8.07249116898,9.81804609299,1
81,8.17469000816,9.91876196861,1
82,8.27640199661,10.0208239555,1
83,8.3783621788,10.1231820583,1
84,8.48036408424,10.2251369953,1
85,8.5819401741,10.3415629864,2
86,8.68364310265,10.4295880795,2
87,8.78538203239,10.5325090885,2
88,8.88722419739,10.6347770691,2
89,8.99012207985,10.7387149334,2
90,9.09500002861,10.8425121307,2
91,9.19684100151,10.9470100403,2
92,9.29894018173,11.0506501198,2
93,9.40059304237,11.1505389214,2
94,9.50208997726,11.2546749115,2
95,9.60429000854,11.3534739017,2
96,9.71061515808,11.4544501305,2
97,9.81246113777,11.5557100773,2
98,9.91423201561,11.6586000919,2
99,10.0158030987,11.7606110573,2
100,10.1173110008,11.8613390923,2
101,10.2195920944,11.9645080566,2
102,10.3215310574,12.0668530464,2
103,10.4242520332,12.1687231064,2
104,10.5260481834,12.2713398933,2
105,10.6278731823,12.3714530468,2
106,10.7299411297,12.4743230343,2
107,10.8319051266,12.5760340691,0
108,10.9343039989,12.6782689095,0
109,11.0358572006,12.7798719406,0
110,11.1380159855,12.8834900856,0
111,11.2407341003,12.9851489067,0
112,11.3426270485,13.0856730938,0
113,11.4445080757,13.1901590824,0
114,11.5463330746,13.2904291153,0
115,11.6482861042,13.3927149773,0
116,11.7505571842,13.4934649467,0
117,11.8523731232,13.5953040123,0
118,11.9539170265,13.6987581253,0
119,12.0557560921,13.8015730381,0
120,12.1585800648,13.9022619724,0
121,12.2602720261,14.0048789978,0
122,12.3622281551,14.1054461002,0
123,12.4639689922,14.2088849545,0
124,12.5657281876,14.3099069595,0
125,12.6674890518,14.4125978947,0
126,12.7690742016,14.5130000114,0
127,12.8710410595,14.616079092,0
128,12.9727170467,14.7169859409,0
129,13.0755710602,14.8202989101,0
130,13.1777009964,14.921970129,0
131,13.279954195,15.024960041,0
132,13.381827116,15.1250419617,0
133,13.4836940765,15.2302470207,0
134,13.5855710506,15.3297019005,0
135,13.6875350475,15.4327800274,0
136,13.7891449928,15.533162117,0
137,13.8917751312,15.6370029449,0
138,13.9939479828,15.7383511066,0
139,14.0964510441,15.8415720463,0
140,14.1983001232,15.943185091,0
141,14.3003640175,16.0443809032,0
142,14.4020400047,16.1473770142,0
143,14.5038671494,16.2479479313,0
144,14.6053791046,16.3515789509,0
145,14.7076201439,16.4544858932,0
146,14.8105351925,16.5567231178,0
147,14.9124500751,16.657186985,0
148,15.0140941143,16.7601759434,0
149,15.1162581444,16.8619379997,0
150,15.2184741497,16.9642241001,0
151,15.3205871582,17.066879034,0
152,15.4227340221,17.1677889824,0
153,15.524474144,17.270234108,0
154,15.6267330647,17.3728160858,0
155,15.7290019989,17.4741539955,0
156,15.8312780857,17.5766079426,0
157,15.9332711697,17.6771159172,0
158,16.0353779793,17.7811601162,0
159,16.136931181,17.8810551167,0
160,16.2388169765,17.9840669632,0
161,16.3407301903,18.0852000713,0
162,16.4426441193,18.1881120205,0
163,16.5450761318,18.2897830009,0
164,16.6469759941,18.3920440674,0
165,16.7488341331,18.4935500622,0
166,16.8508210182,18.5955300331,0
167,16.9526791573,18.6977210045,2
168,17.0543351173,18.799323082,2
169,17.155944109,18.8998630047,2
170,17.2574491501,19.0025351048,2
171,17.3593220711,19.1030919552,2
172,17.4619791508,19.2078249454,2
173,17.5640480518,19.308989048,2
174,17.6661009789,19.4095261097,2
175,17.7677531242,19.5115139484,2
176,17.8694851398,19.6157579422,2
177,17.9709451199,19.7166519165,2
178,18.0724620819,19.8171629906,2
179,18.1741671562,19.9181799889,2
180,18.2756891251,20.0214080811,2
181,18.3780851364,20.1230540276,2
182,18.480173111,20.2246749401,2
183,18.5818071365,20.3263800144,2
184,18.6843910217,20.4286499023,2
185,18.7869410515,20.5308918953,2
186,18.8886451721,20.6327440739,2
187,18.9901921749,20.7333528996,2
188,19.091987133,20.8370349407,2
189,19.1936950684,20.9396359921,2
190,19.296118021,21.0411729813,2
191,19.3982381821,21.1419548988,2
192,19.4997611046,21.2439329624,2
193,19.6017961502,21.3457319736,2
194,19.7043759823,21.4502151012,2
195,19.8065321445,21.549268961,2
196,19.9081130028,21.6514809132,2
197,20.0104711056,21.7546999454,2
198,20.1129000187,21.8573338985,2
199,20.2150712013,21.9599750042,2
200,20.3169159889,22.0604410172,2
201,20.4186971188,22.1633889675,2
202,20.52079916,22.2649209499,2
203,20.6226820946,22.3673450947,2
204,20.7246630192,22.4681329727,2
205,20.8263471127,22.5712189674,2
206,20.9279081821,22.672025919,2
207,21.0301880836,22.7745420933,2
208,21.1321589947,22.8757719994,2
209,21.2339282036,22.9783780575,2
210,21.3357629776,23.0797200203,2
211,21.4375290871,23.1822140217,2
212,21.539317131,23.2828569412,2
213,21.6408920288,23.3869431019,2
214,21.7425661087,23.4873309135,2
215,21.8444881439,23.5897240639,2
216,21.9461021423,23.6902110577,2
217,22.0490620136,23.7937190533,2
218,22.1506969929,23.8955481052,2
219,22.2523860931,23.996573925,2
220,22.3540480137,24.0995659828,2
221,22.4560000896,24.2000761032,2
222,22.5575580597,24.3012809753,2
223,22.6593630314,24.4032149315,2
224,22.7619650364,24.5056989193,2
225,22.8637490273,24.6093769073,2
226,22.9672460556,24.7112910748,2
227,23.0692939758,24.8176751137,2
228,23.1708950996,24.9143559933,2
229,23.2728450298,25.0168070793,2
230,23.3752140999,25.1191220284,2
231,23.4768400192,25.2206869125,2
232,23.5785210133,25.3474431038,2
233,23.7053291798,25.4502339363,2
234,23.8086020947,25.5521221161,2
235,23.9108161926,25.6540660858,2
236,24.0126600266,25.7570559978,2
237,24.114577055,25.8587200642,2
238,24.2168359756,25.9608170986,2
239,24.3191092014,26.0639910698,2
240,24.4212009907,26.1647729874,2
241,24.5232269764,26.267136097,2
242,24.6251571178,26.3694291115,2
243,24.7272031307,26.4709789753,2
244,24.8293809891,26.5730409622,2
245,24.9310832024,26.6752490997,2
246,25.0337030888,26.7783389091,2
247,25.1355381012,26.8794801235,2
248,25.2371649742,26.9803349972,2
249,25.3387751579,27.0824689865,2
250,25.4410459995,27.1860771179,2
251,25.5428440571,27.2872109413,2
252,25.6446020603,27.3885629177,2
253,25.7468791008,27.4914660454,2
254,25.8486042023,27.5939090252,2
255,25.9511551857,27.6954579353,2
256,26.0530049801,27.7973189354,2
257,26.1549441814,27.8981261253,2
258,26.2569169998,28.002218008,2
259,26.3589169979,28.1024599075,2
260,26.4606540203,28.2050709724,0
261,26.5622410774,28.3066840172,0
262,26.6642780304,28.4080719948,0
263,26.7664041519,28.5118250847,0
264,26.8689911366,28.6125259399,0
265,26.9708621502,28.7149341106,0
266,27.0729341507,28.8190689087,0
267,27.1750190258,28.9206280708,0
268,27.2769970894,29.0205559731,0
269,27.379319191,29.1222350597,0
270,27.4811530113,29.2259581089,0
271,27.582777977,29.3278079033,0
272,27.686175108,29.4317889214,0
273,27.7878351212,29.53241992,0
274,27.8897850513,29.6332039833,0
275,27.9917960167,29.7356030941,0
276,28.0933229923,29.8368120193,0
277,28.1955330372,29.9389989376,0
278,28.2976121902,30.0430901051,0
279,28.3991601467,30.1431310177,0
280,28.5018460751,30.2455339432,0
281,28.6038382053,30.3473370075,0
282,28.7056519985,30.4504430294,0
283,28.8073961735,30.5516541004,0
284,28.9090781212,30.6529929638,0
285,29.0107250214,30.7544538975,0
286,29.1125161648,30.8575320244,0
287,29.2140820026,30.95779109,0
288,29.3158760071,31.0621070862,0
289,29.4176189899,31.1618640423,0
290,29.5202081203,31.2666299343,0
291,29.6220111847,31.3662939072,0
292,29.7239429951,31.46844697,0
293,29.8256721497,31.5697751045,0
294,29.9274661541,31.6711220741,0
295,30.0291240215,31.7731490135,0
296,30.1307971478,31.8780789375,0
297,30.2327911854,31.9769821167,0
298,30.3347520828,32.0818300247,0
299,30.4375050068,32.1825220585,0
300,30.5392000675,32.2835490704,0
301,30.6413931847,32.3852210045,0
302,30.7439620495,32.4891779423,0
303,30.8460001945,32.5897810459,0
304,30.9480822086,32.6925880909,0
305,31.0504970551,32.7940900326,0
306,31.1520500183,32.904540062,3
307,31.2545800209,33.0012340546,3
308,31.3561401367,33.1022160053,3
309,31.4578590393,33.2058799267,3
310,31.5599420071,33.3102219105,3
311,31.6642560959,33.4128069878,3
312,31.7664241791,33.5188190937,3
313,31.8681190014,33.6233301163,3
314,31.9712400436,33.7256278992,3
315,32.0731921196,33.8302130699,3
316,32.175412178,33.9203009605,3
317,32.2785902023,34.0230190754,3
318,32.3802080154,34.1247370243,3
319,32.4818861485,34.2281429768,3
320,32.5835402012,34.327655077,3
321,32.6855270863,34.4305579662,3
322,32.7879571915,34.5321469307,3
323,32.8900601864,34.6350750923,3
324,32.9917571545,34.7355079651,3
325,33.0943570137,34.8388359547,3
326,33.1967220306,34.9411571026,3
327,33.2986540794,35.0442240238,3
328,33.400960207,35.1448709965,3
329,33.5026731491,35.2466161251,3
330,33.6043729782,35.3485879898,3
331,33.7069451809,35.4512319565,3
332,33.8089292049,35.5544850826,3
333,33.910900116,35.6549019814,3
334,34.0129151344,35.7572140694,3
335,34.1146550179,35.8583729267,3
336,34.216340065,35.9624891281,3
337,34.318144083,36.0627479553,3
338,34.4198122025,36.1658549309,3
339,34.5219731331,36.267950058,3
340,34.6246321201,36.3679249287,3
341,34.7267661095,36.4699790478,3
342,34.8285300732,36.5718450546,3
343,34.930752039,36.6749260426,3
344,35.0323760509,36.7767241001,3
345,35.1339390278,36.8788659573,3
346,35.2359120846,36.9797859192,3
347,35.3376171589,37.0832021236,3
348,35.440538168,37.1858310699,3
349,35.5424921513,37.2865331173,3
350,35.6446971893,37.3884000778,3
351,35.7474331856,37.4908161163,3
352,35.849624157,37.59354496,3
353,35.9531440735,37.6978929043,3
354,36.0548391342,37.7999789715,3
355,36.1569120884,37.9005920887,3
356,36.2591340542,38.0049741268,3
357,36.3613111973,38.1057059765,3
358,36.4632351398,38.206772089,3
359,36.5650691986,38.3090491295,3
360,36.6668410301,38.4107849598,3
361,36.7685170174,38.5124371052,3
362,36.8702740669,38.6136310101,3
363,36.9726190567,38.7183029652,3
364,37.076665163,38.8212900162,3
365,37.1784770489,38.9225869179,3
366,37.280452013,39.0243570805,3
367,37.3826060295,39.127229929,3
368,37.4843711853,39.2283439636,3
369,37.58613801,39.3324301243,3
370,37.6881070137,39.4317700863,3
371,37.7903161049,39.5352399349,3
372,37.8928160667,39.6373450756,3
373,37.9947490692,39.7386510372,3
374,38.0965981483,39.8420240879,3
375,38.198472023,39.9431049824,3
376,38.3006110191,40.0440430641,3
377,38.4023551941,40.1466059685,3
378,38.5040512085,40.2478919029,3
379,38.6057372093,40.3504359722,3
380,38.7078120708,40.4515271187,3
381,38.8103580475,40.5554940701,3
382,38.9121730328,40.6558248997,3
383,39.013944149,40.7588961124,3
384,39.1162981987,40.8607590199,3
385,39.2178461552,40.9624390602,3
386,39.3194701672,41.0639619827,3
387,39.4211201668,41.1666409969,3
388,39.5233061314,41.2676289082,3
389,39.6253740788,41.3702878952,3
390,39.7277500629,41.4718129635,3
391,39.8294010162,41.573184967,3
392,39.9312491417,41.6753430367,3
393,40.0329651833,41.7787499428,3
394,40.134688139,41.8787081242,3
395,40.2366859913,41.9807879925,3
396,40.3384301662,42.0828061104,3
397,40.440018177,42.183950901,3
398,40.5416851044,42.2868070602,3
399,40.6440391541,42.3883199692,3
400,40.7459421158,42.489043951,3
401,40.8480200768,42.5917909145,3
402,40.9499261379,42.6936469078,3
403,41.0524961948,42.8033080101,3
404,41.154291153,42.8998939991,3
405,41.2567000389,43.002092123,3
406,41.3588380814,43.103358984,3
407,41.4615499973,43.2068181038,3
408,41.5656540394,43.3099620342,3
409,41.6677210331,43.4119679928,3
410,41.7696530819,43.5153961182,3
411,41.8719220161,43.616560936,3
412,41.9749221802,43.7194581032,3
413,42.0770690441,43.8216481209,3
414,42.1790480614,43.9226629734,3
415,42.2807831764,44.0253651142,3
416,42.3825922012,44.1269650459,3
417,42.4842061996,44.2289159298,3
418,42.586400032,44.3308980465,3
419,42.6880831718,44.4314160347,3
420,42.7897870541,44.5337250233,3
421,42.8917620182,44.6371309757,3
422,42.9948220253,44.739151001,3
423,43.0968990326,44.8414480686,3
424,43.1994080544,44.9437220097,3
425,43.3010070324,45.0452399254,3
426,43.40279603,45.1477310658,3
427,43.5048241615,45.248595953,3
428,43.6071560383,45.3514180183,3
429,43.709031105,45.4538481236,3
430,43.8110561371,45.5565280914,3
431,43.9138259888,45.6577820778,3
432,44.0156960487,45.7609128952,3
433,44.1174170971,45.8613181114,3
434,44.2194371223,45.9633140564,3
435,44.3212912083,46.0663590431,3
436,44.4238491058,46.1691799164,3
437,44.5254590511,46.272810936,3
438,44.6269860268,46.3723480701,3
439,44.7289481163,46.4725089073,3
440,44.8309440613,46.5760979652,3
441,44.9329500198,46.6770720482,3
442,45.0348010063,46.779145956,3
443,45.1366991997,46.8796379566,3
444,45.2391901016,46.9835700989,3
445,45.3408441544,47.0850510597,3
446,45.4430429935,47.187513113,3
447,45.5447762012,47.2900359631,3
448,45.6477570534,47.3923649788,3
449,45.7495930195,47.4929909706,3
450,45.8517839909,47.5957360268,3
451,45.9536039829,47.6975901127,3
452,46.0553100109,47.7995691299,3
453,46.1569881439,47.901252985,3
454,46.2594840527,48.0033390522,3
455,46.3612611294,48.1057219505,3
456,46.4642820358,48.2170300484,3
457,46.5662071705,48.3114221096,3
458,46.6678440571,48.4120070934,3
459,46.769641161,48.5137469769,3
460,46.8714990616,48.6161730289,3
461,46.9735541344,48.7177190781,3
462,47.0751821995,48.8195109367,3
463,47.1770410538,48.9204740524,3
464,47.2787940502,49.0238420963,3
465,47.382073164,49.1261599064,3
466,47.484994173,49.2288899422,3
467,47.5869500637,49.3317019939,3
468,47.6887991428,49.4334349632,3
469,47.7903940678,49.5342690945,3
470,47.8927869797,49.6373310089,1
471,47.9953219891,49.7412590981,1
472,48.0976040363,49.8436329365,1
473,48.2007319927,49.9442610741,1
474,48.3024160862,50.0470879078,1
475,48.4046161175,50.1482539177,1
476,48.5066671371,50.2517940998,1
477,48.6089069843,50.353085041,1
478,48.7106981277,50.4553260803,1
479,48.8123791218,50.5567040443,1
480,48.9143221378,50.6609840393,1
481,49.0169081688,50.7616391182,1
482,49.1188721657,50.8636159897,1
483,49.2207860947,50.9666550159,1
484,49.3228390217,51.0671551228,1
485,49.4247200489,51.1706609726,1
486,49.5264060497,51.2697389126,1
487,49.627972126,51.3733561039,1
488,49.7295730114,51.474627018,3
489,49.8311901093,51.5776090622,3
490,49.9342031479,51.6773879528,3
491,50.0359990597,51.7811179161,3
492,50.1376709938,51.8827490807,3
493,50.2395269871,51.983536005,3
494,50.3412020206,52.0874919891,3
495,50.4427101612,52.1879820824,3
496,50.5444540977,52.291121006,3
497,50.6460111141,52.3941869736,3
498,50.7477111816,52.4935901165,3
499,50.8508701324,52.5944120884,3
500,50.9528880119,52.6970469952,3
501,51.0580370426,52.8025860786,3
502,51.160063982,52.9035758972,3
503,51.2624671459,53.0071690083,3
504,51.3642811775,53.1084439754,3
505,51.4663250446,53.2109339237,3
506,51.568655014,53.3123970032,3
507,51.6711161137,53.4152479172,3
508,51.7731261253,53.5169501305,3
509,51.875464201,53.6201210022,3
510,51.9773921967,53.7204530239,3
511,52.0795199871,53.8239810467,3
512,52.1812341213,53.9255650043,3
513,52.2831361294,54.0285589695,3
514,52.3861320019,54.1314740181,3
515,52.4881100655,54.23290205,3
516,52.5898201466,54.3339369297,3
517,52.6919131279,54.4360630512,3
518,52.7937510014,54.5372219086,3
519,52.8957390785,54.6402740479,3
520,52.9977049828,54.742125988,3
521,53.1001541615,54.8446359634,1
522,53.2029490471,54.9468390942,1
523,53.3048360348,55.0486810207,1
524,53.4064340591,55.1499419212,1
525,53.508174181,55.2518339157,1
526,53.610033989,55.353413105,1
527,53.7116141319,55.45531106,1
528,53.8133831024,55.5576400757,1
529,53.9149420261,55.6594610214,1
530,54.0170311928,55.7617681026,3
531,54.1202161312,55.86541605,3
532,54.2222440243,55.9675340652,3
533,54.3241910934,56.0701510906,3
534,54.4260861874,56.1706659794,3
535,54.5279471874,56.2733271122,3
536,54.6294970512,56.378923893,3
537,54.7314610481,56.477782011,3
538,54.8333871365,56.5786809921,3
539,54.9353101254,56.6838960648,3
540,55.0380811691,56.7831339836,3
541,55.1395680904,56.8828229904,3
542,55.241508007,56.9859619141,3
543,55.3444039822,57.08898592,3
544,55.4466731548,57.191245079,3
545,55.548992157,57.2929239273,3
546,55.6512820721,57.3969500065,3
547,55.75385499,57.4970400333,3
548,55.8555901051,57.5992538929,3
549,55.9572851658,57.7018249035,3
550,56.0594270229,57.8055551052,3
551,56.1610980034,57.9050199986,3
552,56.2627902031,58.0066649914,3
553,56.3643810749,58.1082239151,3
554,56.4660050869,58.2100660801,3
555,56.5678780079,58.3126261234,3
556,56.6699810028,58.4145550728,3
557,56.7719740868,58.5157670975,3
558,56.8734931946,58.6179790497,3
559,56.9752390385,58.7185800076,3
560,57.0771300793,58.8211081028,3
561,57.1789741516,58.9231219292,3
562,57.2812800407,59.0254349709,3
563,57.3829321861,59.1274859905,3
564,57.4847581387,59.2301130295,3
565,57.5866060257,59.3305571079,3
566,57.6892671585,59.4352259636,3
567,57.7910690308,59.5667870045,3
568,57.8937621117,59.637458086,3
569,57.9958631992,59.7407081127,3
570,58.0976500511,59.8422429562,3
571,58.1993641853,59.9436459541,3
572,58.3013160229,60.0457279682,3
573,58.4029271603,60.1471090317,3
574,58.5052452087,60.2488679886,3
575,58.6073901653,60.3519771099,3
576,58.7092280388,60.4534449577,3
577,58.8117361069,60.5550379753,3
578,58.9134171009,60.6576399803,3
579,59.0150961876,60.7591300011,3
580,59.1170361042,60.8607001305,3
581,59.2188110352,60.9628250599,3
582,59.3203990459,61.064371109,3
583,59.4233520031,61.1678769588,3
584,59.5254371166,61.271791935,3
585,59.6272289753,61.3723459244,3
586,59.729886055,61.4742200375,3
587,59.831895113,61.5759439468,3
588,59.9335930347,61.6777279377,3
589,60.035323143,61.7796211243,3
590,60.137155056,61.8818778992,3
591,60.240568161,61.9855780602,3
592,60.3425850868,62.0876049995,3
593,60.4441251755,62.1888990402,3
594,60.5460979939,62.2909450531,3
595,60.6485002041,62.3922960758,3
596,60.750672102,62.4945819378,3
597,60.8523581028,62.5969750881,3
598,60.9547131062,62.698898077,3
599,61.0571410656,62.8017239571,3
600,61.1588470936,62.9037489891,3
601,61.2605330944,63.0048320293,3
602,61.3623440266,63.1074810028,3
603,61.4644351006,63.2093839645,3
604,61.566778183,63.3110461235,3
605,61.6685101986,63.4120149612,3
606,61.7704110146,63.5132241249,3
607,61.8724970818,63.6189141273,3
608,61.9751410484,63.7183759212,3
609,62.0767121315,63.8216159344,3
610,62.1785101891,63.9225299358,3
611,62.2806081772,64.025042057,3
612,62.3826570511,64.126044035,3
613,62.4844880104,64.2289431095,3
614,62.5863301754,64.3291120529,3
615,62.688131094,64.4337410927,3
616,62.7904131413,64.5349349976,3
617,62.8933382034,64.6376159191,3
618,62.9950201511,64.7394840717,3
619,63.0968210697,64.8409440517,3
620,63.1989769936,64.9435520172,3
621,63.3006620407,65.0463409424,3
622,63.40290308,65.1478989124,3
623,63.504940033,65.2488689423,3
624,63.6067271233,65.3517780304,3
625,63.7094500065,65.4543290138,3
626,63.8112640381,65.5563890934,3
627,63.9131300449,65.657998085,3
628,64.0152599812,65.7594869137,3
629,64.1171081066,65.8611819744,3
630,64.2189581394,65.9624669552,3
631,64.3206431866,66.0652201176,3
632,64.4221580029,66.1661128998,3
633,64.5239231586,66.268750906,3
634,64.6267240047,66.3701860905,3
635,64.7284090519,66.4726779461,3
636,64.8299810886,66.5753009319,3
637,64.9316170216,66.6757500172,3
638,65.033424139,66.7782390118,3
639,65.1349761486,66.8803770542,3
640,65.2367930412,66.9821619987,3
641,65.3384740353,67.082597971,3
642,65.440210104,67.1847589016,3
643,65.5421199799,67.2884321213,3
644,65.645742178,67.3901970387,3
645,65.7476651669,67.4909749031,3
646,65.8497312069,67.5935480595,3
647,65.9516191483,67.696475029,3
648,66.0537881851,67.7977719307,3
649,66.155354023,67.9003551006,3
650,66.256994009,68.0019059181,3
651,66.3586161137,68.1036529541,3
652,66.4615261555,68.2056930065,3
653,66.563295126,68.3081319332,3
654,66.6657211781,68.4099609852,3
655,66.7677311897,68.511687994,3
656,66.8696181774,68.6144390106,3
657,66.9714801311,68.7149710655,3
658,67.0734381676,68.8182771206,3
659,67.175314188,68.9202969074,3
660,67.2776169777,69.0218679905,3
661,67.3794500828,69.1231939793,3
662,67.4812450409,69.2244451046,3
663,67.5829741955,69.328305006,3
664,67.6855630875,69.4299440384,3
665,67.7873530388,69.5310869217,1
666,67.8890180588,69.6328599453,1
667,67.9906980991,69.7362039089,1
668,68.0923521519,69.8372299671,1
669,68.1950521469,69.9402549267,1
670,68.2973661423,70.0423281193,1
671,68.3991291523,70.1453530788,1
672,68.5008561611,70.2462289333,1
673,68.6024479866,70.3464031219,1
674,68.7041289806,70.4484319687,1
675,68.80580616,70.5505990982,1
676,68.9076170921,70.6527459621,1
677,69.0093960762,70.7545061111,1
678,69.1114389896,70.8566989899,1
679,69.2139050961,70.9576609135,1
680,69.3162360191,71.0615429878,1
681,69.4179201126,71.1619429588,1
682,69.5199861526,71.2644639015,1
683,69.6221461296,71.3677470684,3
684,69.7243959904,71.4694120884,3
685,69.8259391785,71.5717999935,3
686,69.92801404,71.6730480194,3
687,70.0305130482,71.7769019604,3
688,70.1334731579,71.8779110909,3
689,70.2352941036,71.9828140736,3
690,70.336992979,72.0823729038,3
691,70.4388461113,72.1844439507,3
692,70.540446043,72.2857720852,3
693,70.6420271397,72.3856101036,3
694,70.743694067,72.4882390499,3
695,70.8456151485,72.5894699097,3
696,70.9476661682,72.6935501099,3
697,71.0495381355,72.7949769497,3
698,71.1520671844,72.8964209557,3
699,71.2541291714,72.9988749027,3
700,71.3561770916,73.1007199287,3
701,71.4578461647,73.2019109726,3
702,71.5594270229,73.3037059307,3
703,71.6611452103,73.4057381153,3
704,71.7629871368,73.5075399876,3
705,71.8657450676,73.6102480888,3
706,71.9677820206,73.7118899822,3
707,72.0695111752,73.8128559589,3
708,72.1712961197,73.9151921272,3
709,72.2730331421,74.0164530277,3
710,72.3746321201,74.1191251278,3
711,72.4764070511,74.2212669849,3
712,72.5784311295,74.3229649067,3
713,72.6815781593,74.4261131287,3
714,72.7835140228,74.5279021263,3
715,72.8851950169,74.6294510365,3
716,72.9869711399,74.7303550243,3
717,73.0886240005,74.8320319653,3
718,73.1909410954,74.9340491295,3
719,73.2926881313,75.0366990566,1
720,73.3942911625,75.1386299133,1
721,73.495882988,75.2420070171,1
722,73.5979251862,75.3428230286,1
723,73.6998159885,75.4445381165,1
724,73.8022329807,75.5464930534,1
725,73.9043221474,75.6487619877,1
726,74.0065491199,75.751926899,1
727,74.108355999,75.853552103,1
728,74.2099201679,75.9543089867,1
729,74.3117201328,76.0565810204,1
730,74.4136121273,76.1587378979,1
731,74.5164580345,76.2615730762,1
732,74.6182591915,76.3622739315,1
733,74.7199530602,76.466285944,1
734,74.8216671944,76.565928936,1
735,74.9236211777,76.6688799858,1
736,75.0255300999,76.7692220211,1
737,75.1277492046,76.8723959923,1
738,75.2299060822,76.9744739532,1
739,75.3319721222,77.078799963,1
740,75.43486619,77.1800699234,1
741,75.5370190144,77.2835259438,1
742,75.6389431953,77.3834810257,1
743,75.7406051159,77.4845440388,1
744,75.8423340321,77.5866138935,1
745,75.944051981,77.6888720989,1
746,76.0457479954,77.789837122,1
747,76.1476759911,77.894192934,1
748,76.250729084,77.9945831299,1
749,76.3532540798,78.098706007,1
750,76.4549291134,78.2015080452,1
751,76.5569701195,78.3021509647,1
752,76.659165144,78.4028799534,1
753,76.7611961365,78.5073640347,1
754,76.8630530834,78.6087141037,1
755,76.9650139809,78.7129099369,1
756,77.0681071281,78.8276751041,1
757,77.1702611446,78.9165439606,1
758,77.2723481655,79.0175290108,1
759,77.3747169971,79.1236770153,1
760,77.4768571854,79.224200964,1
761,77.5794382095,79.3337430954,1
762,77.6833920479,79.4280979633,1
763,77.786823988,79.5380871296,1
764,77.8941471577,79.6388940811,1
765,77.995827198,79.7401309013,1
766,78.0993351936,79.8441541195,1
767,78.2016642094,79.9543790817,1
768,78.3034021854,80.0516090393,1
769,78.4073030949,80.1548449993,1
770,78.5114920139,80.2580220699,1
771,78.6158452034,80.3634769917,1
772,78.7184360027,80.4675500393,3
773,78.8273451328,80.5730230808,3
774,78.929213047,80.6749539375,3
775,79.0344390869,80.7812550068,3
776,79.1363430023,80.8874359131,3
777,79.2397601604,80.9910480976,3
778,79.345968008,81.0917201042,3
779,79.4474611282,81.1918509007,3
780,79.5496389866,81.3014960289,3
781,79.6520102024,81.407006979,3
782,79.7576830387,81.5026419163,3
783,79.8596611023,81.6041779518,3
784,79.9634420872,81.7108569145,3
785,80.0690360069,81.8132300377,3
786,80.1718890667,81.915872097,1
787,80.2735381126,82.017537117,1
788,80.3757500648,82.1209149361,1
789,80.4777710438,82.2221450806,1
790,80.5802340508,82.3247909546,1
791,80.6818380356,82.4255230427,1
792,80.7836430073,82.5290260315,1
793,80.8854629993,82.6309700012,1
794,80.9884309769,82.7320160866,1
795,81.090015173,82.8346290588,1
796,81.1920661926,82.9362640381,1
797,81.2941730022,83.0387229919,1
798,81.3960940838,83.1418690681,1
799,81.4976561069,83.2434720993,1
800,81.5992400646,83.3433709145,1
801,81.7009210587,83.4467658997,1
802,81.8033800125,83.5480999947,1
803,81.9054541588,83.6507160664,1
804,82.0072159767,83.7523150444,1
805,82.109413147,83.8546729088,1
806,82.2112560272,83.9555039406,1
807,82.3132619858,84.0589060783,1
808,82.4154140949,84.1588149071,1
809,82.517455101,84.2638111115,1
810,82.6192190647,84.3647060394,1
811,82.7218170166,84.4672119617,1
812,82.8236980438,84.5687789917,1
813,82.9257471561,84.6717031002,1
814,83.0284700394,84.7728760242,1
815,83.1302261353,84.8759949207,1
816,83.2318780422,84.9785120487,1
817,83.3334681988,85.0806119442,1
818,83.4350690842,85.1810100079,1
819,83.5366210938,85.2831699848,1
820,83.6394309998,85.3954339027,2
821,83.7412931919,85.4901070595,2
822,83.8435270786,85.591121912,2
823,83.9453032017,85.6925280094,2
824,84.047342062,85.7953219414,2
825,84.1562330723,85.90426898,2
826,84.2585191727,86.0123009682,2
827,84.3609549999,86.1189439297,2
828,84.462690115,86.2213969231,2
829,84.5644361973,86.3248889446,2
830,84.6668431759,86.4114301205,2
831,84.7703740597,86.5169479847,2
832,84.8743472099,86.6179230213,2
833,84.9762220383,86.7198970318,2
834,85.0780470371,86.8225030899,2
835,85.1802890301,86.9257450104,2
836,85.2824389935,87.0264151096,2
837,85.3844101429,87.1313960552,2
838,85.4862830639,87.2315211296,2
839,85.5878520012,87.3328149319,2
840,85.6906120777,87.4347040653,2
841,85.7922940254,87.5362899303,2
842,85.8963651657,87.6409311295,2
843,85.9984540939,87.7422759533,2
844,86.1016550064,87.8456950188,2
845,86.2035009861,87.9478619099,2
846,86.3053450584,88.0507559776,2
847,86.407834053,88.1519269943,2
848,86.510433197,88.2544770241,2
849,86.6125051975,88.3572559357,2
850,86.714662075,88.4590530396,2
851,86.8164541721,88.5600681305,2
852,86.9183151722,88.6627800465,2
853,87.0200681686,88.7640030384,2
854,87.1217989922,88.8664739132,2
855,87.2244651318,88.9702250957,2
856,87.3268060684,89.0711529255,2
857,87.4284601212,89.1732280254,2
858,87.5304000378,89.2746050358,0
859,87.6322200298,89.3764789104,0
860,87.7340300083,89.4783658981,0
861,87.8358011246,89.5813980103,0
862,87.9379220009,89.6823630333,0
863,88.0404071808,89.7847909927,0
864,88.1428751945,89.8897681236,0
865,88.2452380657,89.9904611111,0
866,88.3474030495,90.0913369656,0
867,88.4491240978,90.1940989494,0
868,88.5510251522,90.29449296,0
869,88.652723074,90.3976020813,0
870,88.7548730373,90.5006840229,0
871,88.8567969799,90.6023869514,0
872,88.9596991539,90.7041099072,0
873,89.0617640018,90.8078560829,0
874,89.1635410786,90.9074399471,0
875,89.2656731606,91.0108039379,0
876,89.3675332069,91.112612009,0
877,89.469189167,91.2136878967,0
878,89.5708260536,91.3151171207,0
879,89.6724741459,91.4183840752,0
880,89.7749090195,91.51998806,0
881,89.8775241375,91.6230380535,0
882,89.9791791439,91.7227950096,0
883,90.0811350346,91.8263571262,0
884,90.1830260754,91.9303820133,0
885,90.2849140167,92.0303139687,0
886,90.3866729736,92.1314709187,0
887,90.488368988,92.2365620136,0
888,90.5900971889,92.3348701,0
889,90.6919519901,92.437762022,0
890,90.7938511372,92.5377240181,0
891,90.8959131241,92.641479969,0
892,90.999861002,92.7441129684,0
893,91.101804018,92.8469040394,0
894,91.2042121887,92.948059082,0
895,91.3059620857,93.050909996,0
896,91.407736063,93.1517930031,0
897,91.5095350742,93.2561640739,0
898,91.6130402088,93.357254982,0
899,91.7148141861,93.4601950645,0
900,91.8165671825,93.5605709553,0
901,91.9185609818,93.6625819206,0
902,92.020234108,93.7640368938,0
903,92.1223452091,93.8672790527,0
904,92.224927187,93.9686989784,0
905,92.327933073,94.0747890472,0
906,92.4297890663,94.1751379967,0
907,92.531537056,94.2763440609,0
908,92.6332621574,94.3781731129,0
909,92.7352371216,94.4809861183,0
910,92.8373451233,94.5810260773,0
911,92.9393701553,94.684128046,0
912,93.041162014,94.7869050503,0
913,93.1428530216,94.8873269558,0
914,93.2457590103,94.9906659126,0
915,93.3475501537,95.0918259621,0
916,93.4496409893,95.1943190098,0
917,93.5514421463,95.2962651253,0
918,93.6534900665,95.3979420662,0
919,93.7554330826,95.5002701283,0
920,93.8571691513,95.6032989025,0
921,93.9587490559,95.7029750347,0
922,94.0604782104,95.8074510098,0
923,94.1635670662,95.9069271088,0
924,94.2652080059,96.0101490021,0
925,94.366767168,96.1120939255,0
926,94.4687070847,96.215141058,0
927,94.5704801083,96.3150060177,0
928,94.6726830006,96.4170811176,0
929,94.7745599747,96.5202629566,0
930,94.876294136,96.6203510761,0
931,94.9782371521,96.7243320942,0
932,95.0809400082,96.826280117,0
933,95.1832511425,96.9290590286,0
934,95.2858831882,97.0320260525,0
935,95.387732029,97.1308760643,0
936,95.4893591404,97.2340979576,0
937,95.5911271572,97.3367099762,0
938,95.6927580833,97.4380259514,0
939,95.7942490578,97.5391440392,0
940,95.8967020512,97.6423110962,0
941,95.9986782074,97.7425811291,0
942,96.1005091667,97.8456399441,0
943,96.2022809982,97.9452850819,0
944,96.304279089,98.0496330261,0
945,96.4060192108,98.1507849693,0
946,96.5083370209,98.2545099258,0
947,96.6098330021,98.3551859856,0
948,96.7115430832,98.4569320679,0
949,96.814289093,98.5580129623,0
950,96.9160301685,98.6611070633,0
951,97.0176551342,98.7618100643,0
952,97.1198811531,98.8661310673,0
953,97.2220191956,98.967124939,0
954,97.3236141205,99.0700991154,0
955,97.4252181053,99.1690840721,0
956,97.5268080235,99.2715699673,0
957,97.6283521652,99.3734009266,0
958,97.7312040329,99.4764690399,0
959,97.8329780102,99.5771911144,0
960,97.93475914,99.6789009571,0
961,98.0367121696,99.7800381184,0
962,98.1383020878,99.8833179474,0
963,98.240281105,99.9843599796,0
964,98.342372179,100.087683916,0
965,98.4441201687,100.189898014,0
966,98.5457282066,100.290230036,0
967,98.6478970051,100.394068956,0
968,98.7503430843,100.494457006,0
969,98.8521552086,100.597939014,0
970,98.9544169903,100.699474096,0
971,99.0564770699,100.800770998,0
972,99.1580591202,100.904092073,0
973,99.2597260475,101.006803989,0
974,99.3614521027,101.107250929,0
975,99.46302104,101.207331896,0
976,99.5652060509,101.310564995,0
977,99.6679830551,101.411644936,0
978,99.7696361542,101.51514411,0
979,99.8725249767,101.615875959,0
980,99.9746170044,101.719159126,0
981,100.076219082,101.821065903,0
982,100.178103209,101.923438072,0
983,100.280316114,102.024383068,0
984,100.382397175,102.128466129,0
985,100.484714031,102.228492022,0
986,100.586956024,102.332376003,0
987,100.688808203,102.435103893,0
988,100.791126013,102.536555052,0
989,100.892693996,102.63813591,0
990,100.994400978,102.738878965,0
991,101.095962048,102.841221094,0
992,101.198155165,102.94611311,0
993,101.302620173,103.049164057,0
994,101.404497147,103.149477959,0
995,101.50646019,103.251333952,0
996,101.609233141,103.354950905,0
997,101.711335182,103.457391977,0
998,101.81301403,103.557501078,0
999,101.915320158,103.661281109,0
1000,102.018257141,103.762275934,0
1001,102.120251179,103.865174055,0
1002,102.221909046,103.96598196,0
1003,102.323672056,104.069772005,0
1004,102.425314188,104.169634104,0
1005,102.5271492,104.27233696,0
1006,102.629010201,104.373194933,0
1007,102.730720997,104.476378918,0
1008,102.832766056,104.576973915,0
1009,102.935159206,104.679690123,0
1010,103.036928177,104.780880928,0
1011,103.139053106,104.884257078,0
1012,103.240875006,104.984761953,0
1013,103.342890024,105.087285042,0
1014,103.444481134,105.18817997,0
1015,103.546072006,105.290328979,0
1016,103.647888184,105.391180992,0
1017,103.750056982,105.494622946,0
1018,103.852953196,105.633620977,0
1019,103.95473814,105.702481031,0
1020,104.056411028,105.808538914,0
1021,104.158811092,105.906399965,0
1022,104.26118803,106.0063591,0
1023,104.394493103,106.154235125,0
1024,104.511593103,106.259936094,0
1025,104.61383009,106.359318018,0
1026,104.715900183,106.462729931,0
1027,104.818619013,106.565032959,0
1028,104.920464039,106.664397001,0
1029,105.022238016,106.767700911,0
1030,105.124299049,106.868712902,0
1031,105.226027012,106.971523046,0
1032,105.328199148,107.07319212,0
1033,105.430873156,107.176260948,0
1034,105.532660007,107.277349949,0
1035,105.634345055,107.379519939,0
1036,105.73725009,107.482515097,0
1037,105.839452028,107.583548069,0
1038,105.942195177,107.68781209,0
1039,106.044702053,107.788068056,0
1040,106.146787167,107.8931849,0
1041,106.248864174,107.995187044,0
1042,106.351240158,108.096398115,0
1043,106.45473814,108.198570967,0
1044,106.557331085,108.302685022,0
1045,106.659254074,108.404374123,0
1046,106.761857986,108.508206129,0
1047,106.86494112,108.613564014,0
1048,106.968091011,108.713407993,0
1049,107.071650982,108.816913128,0
1050,107.175671101,108.919775963,0
1051,107.278412104,109.024589062,0
1052,107.380691051,109.123976946,0
1053,107.482487202,109.22872591,0
1054,107.585411072,109.330585003,0
1055,107.688429117,109.433985949,0
1056,107.790114164,109.537688971,0
1057,107.891865015,109.636094093,0
1058,107.993719101,109.738085032,0
1059,108.09546113,109.840630054,0
1060,108.197371006,109.943408966,0
1061,108.299478054,110.045731068,0
1062,108.40338707,110.149295092,0
1063,108.506323099,110.250790119,0
1064,108.608017206,110.352864027,0
1065,108.709618092,110.454620123,0
1066,108.81164813,110.556613922,0
1067,108.913294077,110.659107924,0
1068,109.015403986,110.760416031,0
1069,109.116949081,110.863234043,0
1070,109.218948126,110.96402812,0
1071,109.320479155,111.068237066,0
1072,109.423493147,111.170005083,0
1073,109.525320053,111.271094084,0
1074,109.627063036,111.372080088,0
1075,109.728990078,111.475032091,0
1076,109.830741167,111.574595928,0
1077,109.932851076,111.679815054,0
1078,110.03562808,111.779683113,0
1079,110.137354136,111.882987022,0
1080,110.239951134,111.984422922,0
1081,110.341790199,112.086545944,0
1082,110.443684101,112.188225031,0
1083,110.545773983,112.291985035,0
1084,110.64785409,112.392874002,0
1085,110.74959898,112.49484396,0
1086,110.85115099,112.594803095,0
1087,110.953029156,112.698563099,0
1088,111.054772139,112.800590038,0
1089,111.157582045,112.90348506,0
1090,111.259521008,113.003569126,0
1091,111.361211061,113.107006073,0
1092,111.462889194,113.207891941,0
1093,111.564544201,113.309952021,0
1094,111.666809082,113.411499023,0
1095,111.768383026,113.514233112,0
1096,111.870227098,113.614226103,0
1097,111.971884012,113.717108011,0
1098,112.073564053,113.818891048,0
1099,112.17642498,113.920041084,0
1100,112.278055191,114.023509979,0
1101,112.380531073,114.12522912,0
1102,112.483128071,114.22845602,0
1103,112.584829092,114.328933001,0
1104,112.687200069,114.4341681,0
1105,112.78890419,114.533046007,0
1106,112.89176321,114.635308981,0
1107,112.993587017,114.737204075,0
1108,113.095771074,114.840784073,0
1109,113.197458029,114.941483021,0
1110,113.299772978,115.045988083,0
1111,113.401501179,115.144813061,0
1112,113.503239155,115.248475075,0
1113,113.605043173,115.349421024,0
1114,113.707100153,115.453350067,0
1115,113.810023069,115.555423975,0
1116,113.91168499,115.655869007,0
1117,114.013218164,115.758721113,0
1118,114.115056992,115.860268116,0
1119,114.217045069,115.960392952,0
1120,114.318788052,116.063595057,0
1121,114.42028904,116.16475296,0
1122,114.52195406,116.266490936,0
1123,114.62353301,116.369646072,0
1124,114.726000071,116.470747948,0
1125,114.827605009,116.572570086,0
1126,114.929438114,116.675678968,0
1127,115.031111002,116.776443958,0
1128,115.133141994,116.879801035,0
1129,115.234858036,116.980622053,0
1130,115.336386204,117.081396103,0
1131,115.437950134,117.183548927,0
1132,115.543166161,117.28905201,0
1133,115.645565033,117.38982296,0
1134,115.747260094,117.492931128,0
1135,115.849028111,117.592797041,0
1136,115.950738192,117.69611907,0
1137,116.052484989,117.799640894,0
1138,116.154458046,117.900573969,0
1139,116.256124973,118.000030994,0
1140,116.358242035,118.105098009,0
1141,116.461031199,118.204663038,0
1142,116.562669992,118.306685925,0
1143,116.66478014,118.409761906,0
1144,116.766611099,118.512614012,0
1145,116.868355036,118.612556934,0
1146,116.970168114,118.715596914,0
1147,117.071781158,118.815766096,0
1148,117.174826145,118.920156002,0
1149,117.278463125,119.023293972,0
1150,117.380357981,119.12531805,0
1151,117.482110977,119.227108002,0
1152,117.583986044,119.329139948,0
1153,117.686169147,119.42990303,0
1154,117.787868023,119.532777071,0
1155,117.890207052,119.635004997,0
1156,117.992498159,119.736762047,0
1157,118.095252037,119.841048002,0
1158,118.197462082,119.941354036,0
1159,118.299231052,120.043410063,0
1160,118.401473999,120.145524979,0
1161,118.503337145,120.248405933,0
1162,118.605442047,120.348426104,0
1163,118.707515001,120.452450037,0
1164,118.809298038,120.553369999,0
1165,118.911324978,120.65615797,0
1166,119.013812065,120.758424997,0
1167,119.115919113,120.862066984,0
1168,119.218023062,120.962415934,0
1169,119.319998026,121.065217018,0
1170,119.421662092,121.166841984,0
1171,119.523168087,121.269882917,0
1172,119.624814034,121.370148897,0
1173,119.726351976,121.470417023,0
1174,119.829085112,121.574717999,0
1175,119.93138814,121.675615072,0
1176,120.033300161,121.778243065,0
1177,120.135008097,121.878843069,0
1178,120.236780167,121.98152113,0
1179,120.338364124,122.084430933,0
1180,120.44038415,122.185941935,0
1181,120.542183161,122.287642002,0
1182,120.64419198,122.390083075,0
1183,120.74703598,122.490348101,0
1184,120.84901619,122.594080925,0
1185,120.950724125,122.696069956,0
1186,121.052962065,122.798149109,0
1187,121.154671192,122.899827003,0
1188,121.256615162,123.001735926,0
1189,121.358265162,123.103919029,0
1220,124.53602314,126.285553932,1
1221,124.638174057,126.382025957,1
1222,124.740530014,126.486573935,1
1223,124.843095064,126.588366032,1
1224,124.945314169,126.690939903,1
1225,125.047672033,126.792640924,1
1226,125.150272131,126.894514084,1
1227,125.252259016,126.997905016,1
1228,125.354516983,127.098359108,1
1229,125.456746101,127.202968121,1
1230,125.559170008,127.303736925,1
1231,125.660828114,127.405817986,1
1232,125.76239109,127.507337093,1
1233,125.864593029,127.611408949,1
1234,125.968264103,127.712142944,1
1235,126.070128202,127.815023899,1
1236,126.17186904,127.915503025,1
1237,126.273684025,128.021315098,1
1238,126.375380993,128.119445086,1
1239,126.476916075,128.22210598,1
1240,126.578842163,128.325104952,1
1241,126.680404186,128.42654705,1
1242,126.781938076,128.52818799,1
1243,126.884673119,128.630170107,1
1244,126.986328125,128.729559898,1
1245,127.08813715,128.833580017,1
1246,127.189936161,128.933861017,1
1247,127.292032003,129.038224936,1
1248,127.393849134,129.138793945,1
1249,127.495799065,129.241060972,1
1250,127.597880125,129.342245102,1
1251,127.70135808,129.44709897,1
1252,127.803884983,129.547414064,1
1253,127.906275034,129.652156115,1
1254,128.008117199,129.752058029,1
1255,128.109851122,129.855998993,1
1256,128.211475134,129.956078053,1
1257,128.313331127,130.059895992,1
1258,128.415242195,130.16019702,1
1259,128.516870022,130.262191057,1
1260,128.619153023,130.363694906,1
1261,128.721237183,130.466346979,1
1262,128.823143005,130.568248987,1
1263,128.924800158,130.669773102,1
1264,129.026802063,130.771034002,1
1265,129.128751993,130.873507023,1
1266,129.230466127,130.974476099,1
1267,129.331964016,131.076486111,1
1268,129.433528185,131.179219961,1
1269,129.535252094,131.280687094,1
1270,129.638332129,131.383785009,1
1271,129.740185022,131.483892918,1
1292,131.88894105,133.638607979,0
1293,131.991262197,133.736521959,0
1294,132.093827009,133.839059114,0
1295,132.196291208,133.941558123,0
1296,132.298611164,134.043703079,0
1297,132.400816202,134.146284103,0
1298,132.503018141,134.2468009,0
1299,132.605980158,134.351345062,0
1300,132.707957983,134.453459978,0
1301,132.810194016,134.554507971,0
1302,132.91229105,134.655890942,0
1303,133.013917208,134.758654118,0
1304,133.115483046,134.858940125,0
1305,133.217020988,134.961600065,0
1306,133.31896615,135.064971924,0
1307,133.421162128,135.166742086,0
1308,133.524209023,135.267447948,0
1309,133.626176119,135.370800018,0
1310,133.728016138,135.472095013,0
1311,133.830113173,135.574801922,0
1312,133.932820082,135.677283049,0
1313,134.034393072,135.779073954,0
1314,134.135965109,135.88001895,0
1315,134.237756014,135.98259306,0
1316,134.340326071,136.084662914,0
1317,134.442224026,136.186484098,0
1318,134.544234037,136.288794041,0
1319,134.6467731,136.391032934,0
1320,134.749648094,136.494268894,0
1321,134.851253986,136.595483065,0
1322,134.952944994,136.698430061,0
1323,135.054818153,136.799475908,0
1324,135.157525063,136.901632071,0
1325,135.259222031,137.003618002,0
1326,135.360957146,137.105154037,0
1327,135.462641001,137.206753969,0
1328,135.564928055,137.320008039,0
1329,135.666774035,137.411538124,0
1330,135.768700123,137.512780905,0
1331,135.870491982,137.615679979,0
1332,135.97200799,137.716790915,0
1333,136.075118065,137.819896936,0
1334,136.177386045,137.921847105,0
1335,136.279659986,138.024074078,0
1336,136.381762981,138.125862122,0
1337,136.483688116,138.22853303,0
1338,136.585730076,138.329086065,0
1339,136.687427998,138.433435917,0
1340,136.789125204,138.533890963,0
1341,136.891947031,138.636709929,0
1342,136.993827105,138.739155054,0
1343,137.096289158,138.841491938,0
1344,137.198812008,138.943372011,0
1345,137.300789118,139.045412064,0
1346,137.402518988,139.146099091,0
1347,137.504227161,139.248471022,0
1348,137.606264114,139.351341009,0
1349,137.709374189,139.453490019,0
1350,137.811346054,139.557265997,0
1351,137.913894176,139.657943964,0
1352,138.015778065,139.761116028,0
1353,138.117848158,139.862085104,0
1354,138.220260143,139.964675903,0
1355,138.322002172,140.066805124,0
1356,138.423991203,140.171808004,0
1357,138.526829004,140.27069211,0
1358,138.628489017,140.373430967,0
1404,143.343551159,145.093323946,3
1405,143.445815086,145.190912008,3
1406,143.548237085,145.292994022,3
1407,143.651336193,145.394944906,3
1408,143.753745079,145.498050928,3
1409,143.856006145,145.600356102,3
1410,143.958463192,145.702835083,3
1411,144.060132027,145.804531097,3
1412,144.162399054,145.907768965,3
1413,144.265191078,146.009021044,3
1414,144.36709404,146.111009121,3
1415,144.469485998,146.214035988,3
1416,144.571974039,146.316311121,3
1417,144.673818111,146.418205023,3
1418,144.775490999,146.51989913,3
1419,144.877389193,146.621560097,3
1420,144.979489088,146.723827124,3
1421,145.082393169,146.826836109,3
1422,145.184559107,146.928249121,3
1423,145.287162066,147.031512976,3
1424,145.389320135,147.133549929,3
1425,145.491276979,147.235769033,3
1426,145.593366146,147.338614941,3
1427,145.695015192,147.439429045,3
1428,145.79662919,147.542186975,3
1429,145.899150133,147.643700123,3
1430,146.001038074,147.744527102,3
1431,146.103085041,147.846786976,3
1432,146.205867052,147.95036912,3
1433,146.307622194,148.052419901,3
1434,146.409802198,148.154721975,3
1435,146.511972189,148.257740974,3
1436,146.613829136,148.357578993,3
1437,146.716082096,148.46035099,3
1438,146.818580151,148.562952042,3
1439,146.920636177,148.664866924,3
1440,147.022593021,148.767614126,3
1441,147.124742985,148.870018959,3
1442,147.226664066,148.970474958,3
1443,147.32892108,149.073769093,3
1444,147.43077898,149.175874949,3
1445,147.533253193,149.278645992,3
1446,147.635124207,149.379533052,3
1447,147.737071991,149.482001066,3
1448,147.838925123,149.583992004,3
1449,147.940854073,149.685363054,3
1450,148.042943001,149.785911083,3
1451,148.144625187,149.889072895,3
1452,148.246613026,149.99158597,3
1453,148.348284006,150.093598127,3
1454,148.450838089,150.19462204,3
1455,148.552919149,150.299390078,3
1456,148.65576911,150.399428129,3
1457,148.757733107,150.502748966,3
1458,148.859961033,150.604676008,3
1459,148.962141037,150.706686974,3
1460,149.063999176,150.807714939,3
1461,149.165721178,150.91225791,3
1462,149.269060135,151.012403011,3
1463,149.370889187,151.116779089,3
1464,149.472772121,151.216322899,3
1465,149.575504065,151.32041502,3
1466,149.677376032,151.422166109,3
1467,149.779196978,151.524279118,3
1468,149.881646156,151.628343105,3
1469,149.983355999,151.72881794,3
1470,150.085500002,151.830150127,3
1471,150.187978029,151.931757927,3
1472,150.289875984,152.034426928,3
1473,150.391576052,152.136029959,3
1474,150.494089127,152.238852978,3
1475,150.596006155,152.342032909,3
1476,150.697760105,152.442358971,3
1477,150.799767017,152.54447794,3
1478,150.902527094,152.64695406,3
1479,151.004460096,152.748596907,3
1480,151.106469154,152.851004124,3
1481,151.208655119,152.9527421,3
1482,151.310899019,153.054646015,3
1483,151.412898064,153.157108068,3
1484,151.514561176,153.258474112,3
1485,151.616139174,153.361195087,3
1486,151.71817112,153.464082956,3
1487,151.820774078,153.565380096,3
1488,151.923076153,153.667788982,3
1489,152.025194168,153.769771099,3
1490,152.127707005,153.87203908,3
1491,152.229435205,153.973160028,3
1492,152.332300186,154.076071978,3
1493,152.43414712,154.180073977,3
1494,152.5373981,154.282196045,3
1495,152.639451981,154.38658309,3
1496,152.741490126,154.487056971,3
1497,152.843116045,154.586824894,3
1498,152.945201159,154.689423084,3
1499,153.046945095,154.792093039,3
1500,153.149158001,154.894717932,3
1501,153.252190113,154.99762392,3
1502,153.355269194,155.099225998,3
1503,153.460255146,155.2051301,3
1504,153.563229084,155.308490038,3
1505,153.665587187,155.410398006,3
1506,153.767969131,155.512804985,3
1507,153.869982004,155.614275932,3
1508,153.9723382,155.716758013,3
1509,154.07392621,155.817899942,3
1510,154.17603302,155.920180082,3
1511,154.278367996,156.021506071,3
1512,154.380135059,156.124711037,3
1513,154.482439995,156.227437019,3
1514,154.584154129,156.329756975,3
1515,154.686362982,156.431637049,3
1516,154.789155006,156.53311801,3
1517,154.891345978,156.635066032,3
1518,154.993343115,156.737467051,3
1519,155.095123053,156.839318037,3
1520,155.197245121,156.94184494,3
1521,155.299561024,157.044096947,3
1522,155.402129173,157.146835089,3
1523,155.503907204,157.250808001,3
1524,155.606571198,157.350836039,3
1525,155.708673,157.452264071,3
1526,155.810505152,157.554755926,3
1527,155.912264109,157.65657711,3
1528,156.014518023,157.758563995,3
1529,156.116450071,157.860358953,3
1530,156.218364,157.96242404,3
1531,156.319974184,158.064512968,3
1532,156.421637058,158.170701027,3
1533,156.525187016,158.269094944,3
1534,156.627182007,158.37075305,3
1535,156.729618073,158.474740982,3
1536,156.831376076,158.575598001,3
1537,156.934041977,158.678419113,3
1538,157.035775185,158.780610085,3
1539,157.137510061,158.882427931,3
1540,157.240558147,158.984935999,3
1541,157.342581034,159.086781979,3
1542,157.444349051,159.188806057,3
1543,157.546226025,159.290957928,3
1544,157.648416042,159.392334938,3
1545,157.750208139,159.495002985,3
1546,157.85206008,159.597362041,3
1547,157.953786135,159.698574066,3
1548,158.055754185,159.800462008,3
1549,158.1588552,159.903445005,3
1550,158.260976076,160.005110979,3
1551,158.36294198,160.108055115,3
1552,158.464859009,160.208655119,3
1553,158.566493988,160.310425043,3
1554,158.668198109,160.412454128,3
1555,158.769917011,160.513768911,3
1556,158.871746063,160.616611004,3
1557,158.973577976,160.719340086,3
1558,159.077069044,160.820688009,3
1559,159.178909063,160.923643112,3
1560,159.280750036,161.025038958,3
1561,159.383249044,161.127806902,3
1562,159.485133171,161.228801012,3
1563,159.586889029,161.333622932,3
1564,159.689038038,161.433419943,3
1565,159.791319132,161.536646128,3
1566,159.894292116,161.638914108,3
1567,159.996577978,161.740262032,3
1568,160.098214149,161.841506958,3
1569,160.200124025,161.945216894,3
1570,160.302097082,162.046658993,3
1571,160.403647184,162.148447037,3
1572,160.505300999,162.250458956,3
1573,160.607043982,162.35216403,3
1574,160.709808111,162.453824997,3
1575,160.811522007,162.555576086,1
1576,160.914029121,162.658272982,1
1577,161.015709162,162.759887934,1
1578,161.117931128,162.861998081,1
1579,161.219611168,162.963799953,1
1580,161.321327209,163.065700054,1
1581,161.4237082,163.168509007,1
1582,161.526099205,163.271012068,1
1583,161.628226042,163.372132063,1
1584,161.730355024,163.475240946,1
1585,161.832462072,163.577574015,1
1586,161.93465209,163.67969203,1
1587,162.036432028,163.78144908,1
1588,162.138714075,163.881650925,1
1589,162.240965128,163.985846996,1
1590,162.34407711,164.088905096,1
1591,162.44590807,164.190320969,1
1592,162.547515154,164.291827917,1
1593,162.649254084,164.393247128,1
1594,162.751888037,164.496737957,1
1595,162.85403204,164.598174095,1
1596,162.955922127,164.700722933,1
1597,163.057727098,164.801973104,1
1598,163.159923077,164.905083895,1
1599,163.262418032,165.007266998,1
1600,163.364391088,165.109256983,1
1601,163.466234207,165.210912943,1
1602,163.568037033,165.31261611,1
1603,163.670052052,165.415090084,1
1604,163.771676064,165.516182899,1
1605,163.873486042,165.61915493,1
1606,163.975404978,165.720511913,1
1607,164.078410149,165.822263956,1
1608,164.180309057,165.924730062,1
1609,164.282019138,166.026684999,1
1610,164.383831978,166.127744913,1
1611,164.485937119,166.23003006,1
1612,164.588026047,166.336477041,1
1613,164.689804077,166.435050964,1
1614,164.791613102,166.536753893,1
1615,164.893773079,166.637903929,1
1616,164.996286154,166.741714954,1
1617,165.097956181,166.842279911,1
1618,165.200736046,166.945672035,1
1619,165.302609205,167.047477961,1
1620,165.404231071,167.148633003,1
1621,165.50595212,167.250016928,1
1622,165.607650995,167.352437973,1
1623,165.709835052,167.45512104,1
1624,165.811904192,167.557378054,1
1625,165.914294004,167.658095121,1
1626,166.016271114,167.761136055,1
1627,166.118010044,167.861083984,1
1628,166.220180035,167.964936018,1
1629,166.321860075,168.06577611,1
1630,166.423659086,168.167599916,1
1631,166.525256157,168.27030611,1
1632,166.627286196,168.373106956,1
1633,166.729320049,168.475064039,1
1634,166.831668139,168.576029062,1
1635,166.93365407,168.678618908,1
1636,167.035829067,168.780503035,1
1637,167.137677193,168.881897926,1
1638,167.239367008,168.984025002,1
1639,167.34100008,169.087337971,1
1640,167.442660093,169.187433004,1
1641,167.544275045,169.288064957,1
1642,167.6467731,169.392446995,1
1643,167.748962164,169.492368937,1
1644,167.851217031,169.595284939,1
1645,167.953173161,169.697762966,1
1646,168.055227041,169.799720049,1
1647,168.156953096,169.901161909,1
1648,168.259222031,170.003057957,1
1649,168.361051083,170.10471797,3
1650,168.464014053,170.210233927,3
1651,168.566182137,170.310359001,3
1652,168.66793704,170.411632061,3
1653,168.769823074,170.514341116,3
1654,168.872107983,170.615263939,3
1655,168.973745108,170.718342066,3
1656,169.075635195,170.82014513,3
1657,169.177951097,170.922630072,3
1658,169.27948904,171.023431063,3
1659,169.382106066,171.127058029,3
1660,169.48430419,171.228658915,3
1661,169.586290121,171.330574036,3
1662,169.687886,171.433207989,3
1663,169.789676189,171.534006119,3
1664,169.891683102,171.635426044,3
1665,169.993492126,171.738054991,3
1666,170.095659018,171.8405931,3
1667,170.197779179,171.943861961,3
1668,170.30095315,172.044390917,3
1669,170.402671099,172.146822929,3
1670,170.504518986,172.24864912,3
1671,170.606549978,172.351006031,3
1672,170.709002018,172.453426123,3
1673,170.810821056,172.555629969,3
1674,170.912523031,172.656785965,3
1675,171.01435709,172.759900093,3
1676,171.117070198,172.861686945,3
1677,171.219392061,172.965019941,3
1678,171.321158171,173.065426111,3
1679,171.422902107,173.168204069,3
1680,171.524502039,173.269133091,3
1681,171.62669301,173.371777058,3
1682,171.728617191,173.472805023,3
1683,171.83043313,173.576699972,3
1684,171.933022976,173.676743984,3
1685,172.035561085,173.781256914,3
1686,172.137402058,173.8813591,3
1687,172.239151001,173.982711077,3
1688,172.341683149,174.086185932,3
1689,172.443740129,174.189261913,3
1690,172.545833111,174.291548967,3
1691,172.647694111,174.39349699,3
1692,172.749547005,174.494775057,3
1693,172.852979183,174.597142935,3
1694,172.954957008,174.700035095,3
1695,173.057542086,174.802446127,3
1696,173.160298109,174.904340029,3
1697,173.26257205,175.007772923,3
1698,173.364554167,175.108858109,3
1699,173.467225075,175.211564064,3
1700,173.569507122,175.314830065,3
1701,173.671478987,175.415827036,3
1702,173.774224997,175.51967907,3
1703,173.87612009,175.621746063,3
1704,173.977789164,175.721837997,3
1705,174.079571009,175.824007988,3
1706,174.181629181,175.926301956,3
1707,174.284691095,176.029947042,3
1708,174.387645006,176.13184309,3
1709,174.489327192,176.234297991,3
1710,174.591956139,176.336303949,3
1711,174.693943024,176.439002037,3
1712,174.796117067,176.540302992,3
1713,174.897942066,176.643755913,3
1714,175.000010014,176.744756937,3
1715,175.102604151,176.847937107,3
1716,175.204285145,176.949603081,3
1717,175.305906057,177.049700022,3
1718,175.407731056,177.151174068,3
1719,175.50933218,177.253932953,3
1720,175.611518145,177.356411934,3
1721,175.713261127,177.457271099,3
1722,175.815010071,177.559662104,3
1723,175.916657209,177.660602093,3
1724,176.019880056,177.764688969,3
1725,176.121818066,177.866219044,3
1726,176.223809004,177.96834898,3
1727,176.325567007,178.069152117,3
1728,176.427284002,178.170815945,3
1729,176.528861046,178.272933006,3
1730,176.630702019,178.37499404,3
1731,176.732357979,178.477155924,3
1732,176.834792137,178.58069396,3
1733,176.937511206,178.68343091,3
1734,177.039506197,178.783924103,3
1735,177.14116621,178.885136127,3
1736,177.243705988,178.988270998,3
1737,177.345852137,179.09011507,3
1738,177.447788,179.191695929,3
1739,177.550235987,179.295918941,3
1740,177.651916027,179.396312952,3
1741,177.754628181,179.498552084,3
1742,177.856228113,179.59987998,3
1743,177.957777023,179.702136993,3
1744,178.060257196,179.805081129,3
1745,178.161836147,179.906321049,3
1746,178.263384104,180.007575989,3
1747,178.365075111,180.109993935,1
1748,178.466659069,180.210972071,1
1749,178.56835103,180.313340902,1
1750,178.671504021,180.415226936,1
1751,178.773189068,180.516746044,1
1752,178.874963045,180.618593931,1
1753,178.9770751,180.722470999,1
1754,179.079645157,180.823151112,1
1755,179.181241989,180.925756931,1
1756,179.283213139,181.027288914,1
1757,179.385255098,181.130465031,1
1758,179.487132072,181.232347012,1
1759,179.589999199,181.333434105,1
1760,179.691702127,181.437097073,1
1761,179.793348074,181.537653923,1
1762,179.895266056,181.639625072,1
1763,179.997084141,181.741182089,1
1764,180.098814011,181.843518972,1
1765,180.200340986,181.944813967,1
1766,180.302700043,182.048478127,3
1767,180.404821157,182.15022397,3
1768,180.50743413,182.25236702,3
1769,180.609162092,182.353724003,3
1770,180.711009979,182.45558691,3
1771,180.812703133,182.556334019,3
1772,180.914921999,182.660737991,3
1773,181.017233133,182.761631012,3
1774,181.120522976,182.865978003,3
1775,181.222326994,182.968010902,3
1776,181.324239016,183.069550037,3
1777,181.426525116,183.170905113,3
1778,181.528331041,183.271714926,3
1779,181.630153179,183.376085997,3
1780,181.732228041,183.477548122,3
1781,181.834088087,183.578644991,3
1782,181.935957193,183.679965973,3
1783,182.037684202,183.783008099,3
1784,182.140420198,183.884206057,3
1785,182.24288702,183.987567902,3
1786,182.344709158,184.08961606,3
1787,182.446540117,184.191199064,3
1788,182.548650026,184.292268991,3
1789,182.650847197,184.395734072,3
1790,182.752633095,184.496192932,3
1791,182.854176044,184.599517107,3
1792,182.956083059,184.701515913,3
1793,183.059024096,184.80479908,3
1794,183.161353111,184.905307055,3
1795,183.263190985,185.008476019,3
1796,183.364923,185.108711004,3
1797,183.466684103,185.210719109,3
1798,183.568682194,185.312308073,1
1799,183.670355082,185.415128946,1
1800,183.772023201,185.515949965,1
1801,183.87441206,185.618809938,1
1802,183.976615191,185.720415115,1
1803,184.078396082,185.821985006,1
1804,184.180643082,185.925537109,1
1805,184.282823086,186.026750088,1
1806,184.384714127,186.128353119,1
1807,184.486468077,186.230705976,1
1808,184.588322163,186.3342731,1
1809,184.690581083,186.435184002,1
1810,184.793380022,186.537940979,1
1811,184.89518404,186.639271975,1
1812,184.996915102,186.740252972,1
1813,185.098814011,186.842828989,1
1814,185.202697039,186.947104931,1
1815,185.304790974,187.04945302,1
1816,185.407508135,187.152300119,1
1817,185.510451078,187.255916119,1
1818,185.612172127,187.356831074,1
1819,185.714225054,187.459180117,1
1820,185.816030025,187.560135126,1
1821,185.917617083,187.66257906,1
1822,186.020534039,187.767112017,1
1823,186.122992039,187.868891001,1
1824,186.224829197,187.970154047,1
1825,186.327702045,188.072263002,1
1826,186.429334164,188.173912048,1
1827,186.531162024,188.275262117,1
1828,186.633799076,188.37887907,1
1829,186.735817194,188.479598045,1
1830,186.837936163,188.583132982,1
1831,186.939788103,188.684962034,1
1832,187.041984081,188.788177013,1
1833,187.145348072,188.888963938,1
1834,187.247361183,188.993149996,1
1835,187.349251032,189.093311071,1
1836,187.450988054,189.195661068,1
1837,187.55254221,189.296521902,1
1838,187.654321194,189.399141073,1
1839,187.755891085,189.500874043,1
1840,187.857796192,189.603039026,1
1841,187.960443974,189.705584049,1
1842,188.063512087,189.808382988,1
1843,188.165372133,189.909292936,1
1844,188.267218113,190.011864901,1
1845,188.369255066,190.11344409,1
1846,188.472038031,190.216025114,1
1847,188.573818207,190.319451094,1
1848,188.675993204,190.421034098,1
1849,188.778455019,190.521631002,1
1850,188.880120039,190.625142097,1
1851,188.981669188,190.725481033,1
1852,189.084163189,190.82863307,1
1853,189.185975075,190.929573059,1
1854,189.287963152,191.037363052,1
1855,189.389943123,191.135540009,1
1856,189.491641998,191.236423016,1
1857,189.593161106,191.340904951,1
1858,189.6964221,191.443911076,1
1859,189.798590183,191.544495106,1
1860,189.901879072,191.647200108,1
1861,190.003829002,191.747792959,1
1862,190.108500004,191.85513711,1
1863,190.212279081,191.957623959,1
1864,190.315117121,192.06024313,1
1865,190.417742014,192.162322044,1
1866,190.519638062,192.265652895,1
1867,190.622177124,192.366571903,1
1868,190.725081205,192.470566988,1
1869,190.826891184,192.571588993,1
1870,190.929813147,192.674720049,1
1871,191.031731129,192.780103922,1
1872,191.13343215,192.878120899,1
1873,191.235337019,192.980637074,1
1874,191.337272167,193.081516981,1
1875,191.438997984,193.183784962,1
1876,191.541188002,193.284828901,1
1877,191.642971992,193.387998104,1
1878,191.744868994,193.490435123,1
1879,191.848168135,193.593574047,1
1880,191.949925184,193.693953037,1
1881,192.052004099,193.797424078,1
1882,192.154117107,193.898111105,1
1883,192.255995989,194.001348972,1
1884,192.358071089,194.10185194,1
1885,192.459921122,194.203809023,1
1886,192.562187195,194.307425976,1
1887,192.664350033,194.409328938,1
1888,192.766503096,194.51185894,1
1889,192.868087053,194.613310099,1
1890,192.969789028,194.714163065,1
1891,193.07152009,194.81584096,1
1892,193.173241138,194.917113066,1
1893,193.274986982,195.01970911,1
1894,193.376798153,195.121372938,1
1895,193.478618145,195.223705053,1
1896,193.581191063,195.32661891,1
1897,193.682967186,195.42890501,3
1898,193.784668207,195.529026985,3
1899,193.886434078,195.631038904,3
1900,193.988336086,195.732502937,3
1901,194.09032917,195.834618092,3
1902,194.1926682,195.93583703,3
1903,194.294779062,196.040652037,3
1904,194.396427155,196.140981913,3
1905,194.499293089,196.244405031,3
1906,194.601557016,196.345488071,3
1907,194.703092098,196.447515011,3
1908,194.804804087,196.548798084,3
1909,194.906620026,196.654905081,3
1910,195.008501053,196.754652023,3
1911,195.110454082,196.855044127,3
1912,195.212978125,196.957950115,3
1913,195.315977097,197.060074091,3
1914,195.417590141,197.16148591,3
1915,195.519772053,197.263979912,3
1916,195.621499062,197.365710974,3
1917,195.723875046,197.468029976,3
1918,195.825812101,197.571118116,3
1919,195.927600145,197.671829939,3
1920,196.02965498,197.774818897,3
1921,196.131365061,197.876307964,3
1922,196.234112024,197.978781939,3
1923,196.336060047,198.079741001,3
1924,196.437894106,198.181427002,3
1925,196.539745092,198.284265995,3
1926,196.641494036,198.385737896,3
1927,196.743566036,198.487889051,3
1928,196.845273018,198.589677095,3
1929,196.946892977,198.691304922,3
1930,197.048699141,198.795097113,3
1931,197.151394129,198.89543891,3
1932,197.25377202,198.997639894,3
1933,197.355539083,199.099090099,3
1934,197.457265139,199.202043056,3
1935,197.559072018,199.303452969,3
1936,197.660879135,199.405226946,3
1937,197.762652159,199.506869078,3
1938,197.864374161,199.609534979,3
1939,197.966959,199.710451126,3
1940,198.069355011,199.814193964,3
1941,198.172183037,199.917001009,3
1942,198.274415016,200.018822908,3
1943,198.376859188,200.120151043,3
1944,198.478569984,200.222252131,3
1945,198.580476999,200.324546099,3
1946,198.682762146,200.428014994,3
1947,198.785250187,200.529551983,3
1948,198.887138128,200.632503033,3
1949,198.988811016,200.73260498,3
1950,199.090569019,200.83496809,3
1951,199.192466021,200.937156916,3
1952,199.294512987,201.038799047,3
1953,199.396025181,201.140408993,3
1954,199.498323202,201.242599964,3
1955,199.600154161,201.345019102,1
1956,199.702944994,201.448585033,1
1957,199.804751158,201.549825907,1
1958,199.907179117,201.652261972,1
1959,200.01021719,201.75458312,1
1960,200.112112045,201.856053114,1
1961,200.214587212,201.959387064,1
1962,200.316794157,202.062115908,1
1963,200.419411182,202.163938999,1
1964,200.521170139,202.265938997,1
1965,200.622878075,202.368037939,1
1966,200.724975109,202.469594002,1
1967,200.827306032,202.570863962,1
1968,200.929112196,202.674170971,1
1969,201.03126502,202.775756121,1
1970,201.133638144,202.879101038,1
1971,201.236530066,202.980443001,1
1972,201.33893013,203.083579063,1
1973,201.440611124,203.184571981,1
1974,201.542494059,203.286261082,1
1975,201.644095182,203.388390064,1
1976,201.745805979,203.490339994,1
1977,201.847619057,203.592339039,1
1978,201.949932098,203.694595098,1
1979,202.051557064,203.797274113,1
1980,202.154025078,203.898833036,1
1981,202.255709171,204.000540018,1
1982,202.357910156,204.102541924,1
1983,202.459593058,204.204823017,1
1984,202.561933994,204.306116104,1
1985,202.663864136,204.408420086,1
1986,202.766088009,204.509951115,1
1987,202.867742062,204.613820076,1
1988,202.969333172,204.71517396,1
1989,203.072071075,204.816702127,1
1990,203.17380619,204.918258905,1
1991,203.275538206,205.019808054,1
1992,203.377580166,205.122533083,1
1993,203.479410172,205.224976063,1
1994,203.581304073,205.325165033,1
1995,203.682947159,205.427047014,1
1996,203.785005093,205.531171083,1
1997,203.887029171,205.63221097,1
1998,203.98952508,205.73439908,1
1999,204.091963053,205.837161064,1
2000,204.193813086,205.93838191,1
2001,204.295719147,206.040566921,1
2002,204.397601128,206.14172411,1
2003,204.499199152,206.243398905,1
2004,204.601172209,206.345746994,1
2005,204.703022003,206.448570967,1
2006,204.805930138,206.550097942,1
2007,204.907800198,206.652965069,1
2008,205.01001215,206.753767014,1
2009,205.112065077,206.856365919,1
2010,205.214198112,206.959541082,1
2011,205.315744162,207.060211897,1
2012,205.41733098,207.162851095,1
2013,205.519062042,207.265584946,1
2014,205.620889187,207.36700201,1
2015,205.724136114,207.468540907,1
2016,205.826254129,207.569798946,1
2017,205.92803216,207.673001051,1
2018,206.030214071,207.774234056,1
2019,206.131782055,207.876482964,1
2020,206.233771086,207.977739096,1
2021,206.336022139,208.081244946,1
2022,206.437693119,208.182564974,1
2023,206.540408134,208.284717083,1
2024,206.642371178,208.387881041,1
2025,206.744060993,208.487704992,1
2026,206.846369028,208.590742111,1
2027,206.948131084,208.691643,1
2028,207.049754143,208.795291901,1
2029,207.151794195,208.897315979,1
2030,207.253611088,208.998234034,1
2031,207.355377197,209.102370024,1
2032,207.458997011,209.20342803,1
2033,207.560908079,209.304358006,1
2034,207.662587166,209.408169031,1
2035,207.764610052,209.507972002,1
2036,207.86639905,209.611690044,1
2037,207.96827817,209.712373018,1
2038,208.070455074,209.815519094,1
2039,208.171990156,209.917169094,1
2040,208.274947166,210.019623995,1
2041,208.376587152,210.12191391,1
2042,208.478417158,210.222903967,1
2043,208.580201149,210.324202061,1
2044,208.682229042,210.42730093,1
2045,208.783790112,210.528652906,1
2046,208.885608196,210.630490065,1
2047,208.987405062,210.732300997,1
2048,209.088952065,210.83317399,1
2049,209.191076994,210.936455011,1
2050,209.293286085,211.037698984,1
2051,209.395436049,211.140588999,1
2052,209.497363091,211.241158009,1
2053,209.599430084,211.343029976,1
2054,209.701608181,211.446568012,1
2055,209.803395033,211.548561096,1
2056,209.905207157,211.651290894,1
2057,210.006813049,211.752408981,1
2058,210.109411001,211.853591919,1
2059,210.211003065,211.955822945,1
2060,210.312698126,212.057760954,1
2061,210.41464901,212.16090107,1
2062,210.516980171,212.260993004,1
2063,210.618699074,212.362778902,1
2064,210.720476151,212.466080904,1
2065,210.822219133,212.566327095,1
2066,210.923797131,212.66820693,1
2067,211.026666164,212.769956112,1
2068,211.128690004,212.873611927,1
2069,211.230429173,212.975189924,1
2070,211.332492113,213.076261044,1
2071,211.434156179,213.178041935,1
2072,211.536020041,213.281362057,1
2073,211.638002157,213.382750034,1
2074,211.739921093,213.485115051,1
2075,211.84171319,213.586523056,1
2076,211.944301128,213.68888998,1
2077,212.046315193,213.790869951,1
2078,212.148327112,213.892910004,1
2079,212.25023818,213.994406939,1
2080,212.353038073,214.097100973,1
2081,212.455031157,214.199111938,1
2082,212.556754112,214.303211927,1
2083,212.658591986,214.403557062,1
2084,212.761852026,214.506861925,1
2085,212.863684177,214.610409975,1
2086,212.965457201,214.710763931,1
2087,213.067587137,214.81143713,1
2088,213.170179129,214.915540934,1
2089,213.273202181,215.017926931,1
2090,213.374986172,215.120419025,1
2091,213.478065014,215.22260499,1
2092,213.580313206,215.324252129,1
2093,213.681905985,215.426381111,1
2115,215.936372995,217.685081005,0
2116,216.039857149,217.786222935,0
2117,216.143618107,217.888114929,0
2118,216.246957064,217.992376089,0
2119,216.349278212,218.093462944,0
2120,216.451246977,218.195255995,0
2121,216.554243088,218.29847908,0
2122,216.656430006,218.400548935,0
2123,216.758179188,218.502608061,0
2124,216.860722065,218.605552912,0
2125,216.963951111,218.708986044,0
2126,217.06578517,218.810956955,0
2127,217.16771698,218.915025949,0
2128,217.269741058,219.013500929,0
2129,217.371853113,219.115072966,0
2130,217.47379303,219.218889952,0
2131,217.57657218,219.322187901,0
2132,217.678970098,219.424210072,0
2133,217.781742096,219.526009083,0
2134,217.883623123,219.628139019,0
2135,217.985277176,219.729635954,0
2136,218.087366104,219.831161022,0
2137,218.189164162,219.933591127,0
2138,218.290821075,220.03533411,0
2139,218.39268899,220.137392998,0
2140,218.494503975,220.239823103,0
2141,218.59614706,220.34138608,0
2142,218.698837996,220.44412303,0
2143,218.800608158,220.544774055,0
2144,218.902669191,220.648516893,0
2145,219.005427122,220.749531984,0
2146,219.107187986,220.851561069,0
2147,219.209081173,220.952832937,0
2148,219.311537027,221.056555033,0
2149,219.413210154,221.157515049,0
2150,219.515907049,221.260740995,0
2151,219.617680073,221.362598896,0
2152,219.719591141,221.464447021,0
2153,219.821408033,221.566226959,0
2154,219.92369318,221.668198109,0
2155,220.025597095,221.770695925,0
2156,220.127305984,221.871711969,0
2157,220.228965044,221.974540949,0
2158,220.331411123,222.077579021,0
2159,220.4343431,222.178833008,0
2160,220.53621006,222.280836105,0
2161,220.637945175,222.382858992,0
2162,220.739602089,222.483411074,0
2163,220.841341019,222.586183071,0
2164,220.943276167,222.687168121,0
2165,221.045210123,222.790087938,0
2166,221.14695406,222.892080069,0
2167,221.250128031,222.9954741,0
2168,221.352157116,223.096213102,0
2169,221.45392108,223.198125124,0
2170,221.55589819,223.30094099,0
2171,221.657730103,223.403245926,0
2172,221.759714127,223.504369974,0
2173,221.861694098,223.606378078,0
2174,221.963200092,223.70746398,0
2175,222.064872026,223.810444117,0
2176,222.167683125,223.912647963,0
2177,222.269459009,224.013590097,0
2178,222.371883154,224.116584063,0
2256,230.376922131,232.126495123,1
2257,230.478598118,232.223408937,1
2258,230.580447197,232.325171947,1
2259,230.682604074,232.427199125,1
2260,230.785043001,232.531446934,1
2261,230.887874126,232.633201122,1
2262,230.991492033,232.736938,1
2263,231.093475103,232.837831974,1
2264,231.195311069,232.940548897,1
2265,231.297336102,233.040862083,1
2266,231.399619102,233.145200968,1
2267,231.501260042,233.245870113,1
2268,231.603342056,233.348167896,1
2269,231.705074072,233.449961901,1
2270,231.80735302,233.552019119,1
2271,231.909304142,233.65388298,1
2272,232.011343002,233.755806923,1
2273,232.113260031,233.858029127,1
2274,232.214984179,233.959873915,1
2275,232.317102194,234.061830997,1
2276,232.418857098,234.163723946,1
2277,232.520479202,234.265063047,1
2278,232.62245512,234.36777401,1
2279,232.724568129,234.469129086,1
2280,232.826892138,234.571615934,1
2281,232.928606987,234.673876047,1
2282,233.030488014,234.775917053,1
2283,233.132705212,234.879193068,1
2284,233.23664403,234.982037067,1
2285,233.338709116,235.083751917,3
2286,233.440468073,235.185374975,3
2287,233.54245019,235.287188053,3
2288,233.645809174,235.39114809,3
2289,233.748422146,235.493528128,3
2290,233.850234985,235.594129086,3
2291,233.952530146,235.697160006,3
2292,234.054574013,235.798788071,3
2293,234.156643152,235.90101099,3
2294,234.258300066,236.004099131,3
2295,234.361185074,236.106990099,3
2296,234.464137077,236.20854497,3
2297,234.566743135,236.311186075,3
2298,234.668444157,236.41349411,3
2299,234.770132065,236.51534009,1
2300,234.872105122,236.617628098,1
2301,234.974352121,236.720014095,1
2302,235.076378107,236.821346045,1
2303,235.1788311,236.923841953,1
2304,235.280395031,237.025053024,1
2305,235.382284164,237.127506971,1
2306,235.484330177,237.228238106,1
2307,235.586336136,237.332217932,1
2308,235.688112974,237.432280064,1
2309,235.790225983,237.535370111,1
2310,235.891851187,237.637042999,1
2311,235.994102001,237.738950014,1
2312,236.096637011,237.840908051,1
2313,236.198533058,237.943552017,1
2314,236.300671101,238.044361115,1
2315,236.402801037,238.147466898,1
2316,236.504534006,238.248819113,1
2317,236.606125116,238.350462914,3
2318,236.707787037,238.452521086,3
2319,236.809625149,238.555323124,3
2320,236.912719011,238.657418013,3
2321,237.014382124,238.759413004,3
2322,237.116263151,238.859936953,3
2323,237.218172073,238.964934111,3
2324,237.32052803,239.0642519,3
2325,237.422486067,239.167696953,3
2326,237.524478197,239.267507076,3
2327,237.626471996,239.371650934,3
2328,237.729259014,239.473658085,3
2329,237.831619024,239.576606989,3
2330,237.933390141,239.676698923,3
2331,238.035087109,239.778903008,3
2332,238.13748312,239.882874012,3
2333,238.240208149,239.984571934,3
2334,238.3425982,240.087353945,3
2335,238.444190979,240.19113493,3
2336,238.549808025,240.294668913,3
2337,238.652337074,240.396371126,3
2338,238.755352974,240.499526978,3
2339,238.857317209,240.601238012,3
2340,238.959030151,240.7033391,3
2341,239.061057091,240.80576992,3
2342,239.163151026,240.909063101,3
2343,239.26585412,241.010514975,3
2344,239.367926121,241.111807108,3
2345,239.469642162,241.213675976,3
2346,239.572067022,241.317003012,3
2347,239.674071074,241.418761015,3
2348,239.775786161,241.520339012,3
2349,239.877742052,241.622186899,3
2350,239.979691982,241.724714994,3
2351,240.08270812,241.826595068,3
2352,240.184431076,241.929436922,3
2353,240.286591053,242.031105995,3
2354,240.388981104,242.13431406,3
2355,240.491065025,242.235105038,3
2356,240.592941999,242.338306904,3
2357,240.694908142,242.439609051,3
2358,240.796559095,242.54301095,3
2359,240.899492025,242.643373013,3
2360,241.001209021,242.745981932,3
2361,241.103024006,242.847271919,3
2362,241.205278158,242.949369907,3
2363,241.307007074,243.050744057,3
2364,241.408768177,243.153358936,3
2365,241.51049304,243.254879951,3
2366,241.612323046,243.356910944,3
2367,241.713948011,243.459103107,3
2368,241.816946983,243.560873032,3
2369,241.918648005,243.662983894,3
2370,242.020606041,243.76530695,3
2371,242.122515202,243.86768198,3
2372,242.224151134,243.968308926,3
2373,242.325860977,244.070770025,3
2374,242.427663088,244.173382998,3
2375,242.52967,244.273953915,3
2376,242.63144803,244.376311064,3
2377,242.733800173,244.477765083,3
2378,242.835457087,244.580435991,3
2379,242.937578201,244.681329012,3
2380,243.040144205,244.783608913,1
2381,243.141884089,244.885648966,1
2382,243.243510008,244.9883039,1
2383,243.345201015,245.089504004,1
2384,243.446871042,245.192127943,1
2385,243.548416138,245.293102026,1
2386,243.65130806,245.399056911,1
2387,243.753727198,245.498857021,1
2388,243.855465174,245.599565029,1
2389,243.957856178,245.700995922,1
2390,244.059542179,245.804378986,1
2391,244.161171198,245.906531096,1
2392,244.263362169,246.009145021,1
2393,244.365372181,246.110490084,1
2394,244.468039036,246.212848902,1
2395,244.569660187,246.314558983,1
2396,244.671503067,246.416135073,1
2397,244.773317099,246.517910004,1
2398,244.87549305,246.620988131,1
2399,244.977157116,246.721771002,1
2400,245.078761101,246.82288003,1
2401,245.180651188,246.926757097,1
2402,245.282595158,247.026932001,1
2403,245.384910107,247.129213095,1
2404,245.486905098,247.231462002,1
2405,245.588911057,247.334429026,1
2406,245.690535069,247.435363054,1
2407,245.792618036,247.537422895,1
2408,245.894658089,247.638905048,1
2409,245.996491194,247.740503073,1
2410,246.099236012,247.844013929,1
2411,246.202116013,247.946926117,1
2412,246.304196119,248.048908949,1
2413,246.406002045,248.151441097,1
2414,246.507827997,248.252962112,1
2415,246.609647036,248.355644941,1
2416,246.711496115,248.456448078,1
2417,246.813235998,248.558712006,1
2418,246.914999008,248.659198999,1
2419,247.016695976,248.762300014,1
2420,247.119415998,248.863173962,1
2421,247.221661091,248.967250109,1
2422,247.324274063,249.068938017,1
2423,247.426122189,249.171231031,1
2424,247.52859807,249.272650957,1
2425,247.630123138,249.375234127,1
2426,247.731817007,249.476030111,1
2427,247.833441019,249.580045938,1
2428,247.936558008,249.683279991,1
2429,248.038223982,249.783986092,1
2430,248.140079021,249.884238958,1
2431,248.241991043,249.986891985,1
2432,248.343969107,250.088551998,1
2433,248.445647001,250.190717936,1
2434,248.54749012,250.292659998,1
2435,248.64923811,250.394377947,1
2436,248.751180172,250.495207071,1
2437,248.854248047,250.598505974,1
2438,248.956061125,250.699129105,1
2439,249.05788517,250.801897049,1
2440,249.160349131,250.903940916,1
2441,249.261954069,251.006596088,1
2442,249.363663197,251.107726097,1
2443,249.465505123,251.211031914,1
2444,249.567178011,251.311887026,1
2445,249.668766022,251.4143641,1
2446,249.771757126,251.515949011,1
2447,249.874126196,251.618833065,1
2448,249.975908041,251.720537901,1
2449,250.077843189,251.822315931,1
2450,250.179552078,251.923336029,1
2451,250.281460047,252.026926041,1
2452,250.384154081,252.129205942,1
2453,250.485880136,252.230169058,1
2454,250.588664055,252.332866907,1
2455,250.690248013,252.435071945,1
2456,250.792257071,252.538335085,1
2457,250.894407034,252.639019966,1
2458,250.997002125,252.742821932,1
2459,251.098965168,252.843010902,1
2460,251.20065403,252.9454,1
2461,251.303030014,253.047872066,1
2462,251.405445099,253.150870085,1
2463,251.507615089,253.253745079,1
2464,251.609675169,253.353615999,1
2465,251.711678982,253.456522942,1
2466,251.813431025,253.558515072,3
2467,251.915158033,253.660480976,3
2468,252.017172098,253.762712002,3
2469,252.118858099,253.865246058,3
2470,252.2207551,253.966463089,3
2471,252.325463057,254.071425915,3
2472,252.427946091,254.172665119,3
2473,252.529746056,254.274255037,3
2474,252.631502151,254.377222061,3
2475,252.733035088,254.479305983,3
2476,252.835098028,254.579492092,3
2477,252.937013149,254.682644129,3
2478,253.039453983,254.784749031,3
2479,253.141487122,254.885586023,3
2480,253.243520021,254.988147974,3
2481,253.345266104,255.090106964,3
2482,253.447252035,255.192137003,3
2483,253.548877001,255.293867111,3
2484,253.650768995,255.395249128,3
2485,253.752485037,255.496802092,3
2486,253.854166985,255.600219011,3
2487,253.956670046,255.700753927,3
2488,254.05897212,255.803296089,3
2489,254.161261082,255.904921055,3
2490,254.26307106,256.007026911,3
2491,254.364742994,256.108817101,3
2492,254.466566086,256.212315083,3
2493,254.568440199,256.314047098,3
2494,254.670233011,256.415338993,3
2495,254.771952152,256.516395092,3
2496,254.874677181,256.61916399,3
2497,254.976783037,256.720578909,3
2498,255.079136133,256.8249681,3
2499,255.181197166,256.925122023,3
2500,255.283393145,257.027683973,3
2501,255.385363102,257.130017996,3
2502,255.487713099,257.232065916,3
2503,255.589251041,257.333983898,3
2504,255.692234993,257.436772108,3
2505,255.794558048,257.541871071,3
2506,255.897889137,257.643390894,3
2507,256.000053167,257.746437073,3
2508,256.102244139,257.847878933,3
2509,256.204737186,257.950608969,3
2510,256.307135105,258.054521084,3
2511,256.409898043,258.156467915,3
2512,256.513267994,258.257961035,3
2513,256.616101027,258.362351894,3
2514,256.718281984,258.463212013,3
2515,256.822896004,258.567490101,3
2516,256.926944017,258.670907021,3
2517,257.028949976,258.773910999,3
2518,257.13116312,258.875629902,3
2519,257.232976198,258.978406906,3
2520,257.33566308,259.079623938,3
2521,257.437442064,259.181833029,3
2522,257.539353132,259.283936024,3
2523,257.641407013,259.387495041,3
2524,257.745024204,259.489094973,3
2525,257.846816063,259.591984034,3
2526,257.94872117,259.692826033,3
2527,258.050760984,259.796543121,3
2528,258.152616024,259.897063971,3
2529,258.254933119,259.999287128,3
2530,258.356758118,260.101485014,1
2531,258.458644152,260.20390892,1
2532,258.561480045,260.30637908,1
2533,258.663254023,260.408525944,1
2534,258.765129089,260.508520126,1
2535,258.867454052,260.611984015,1
2536,258.970092058,260.715241909,1
2537,259.071848154,260.816426039,1
2538,259.173454046,260.917870998,1
2539,259.275082111,261.019846916,1
2540,259.3779881,261.123029947,1
2541,259.479753017,261.224241972,1
2542,259.581890106,261.326141119,1
2543,259.683780193,261.429158926,1
2544,259.785690069,261.529608011,1
2545,259.887567997,261.632443905,1
2546,259.989211082,261.733912945,1
2547,260.090928078,261.836486101,1
2548,260.192996025,261.939013004,1
2549,260.29581213,262.039523125,1
2550,260.39738512,262.141875982,1
2551,260.499881029,262.243916035,1
2552,260.602501154,262.346642017,1
2553,260.704118013,262.447957039,1
2554,260.806260109,262.549942017,1
2555,260.90802002,262.652246952,1
2556,261.009726048,262.75523591,1
2557,261.112957001,262.856600046,1
2558,261.214632988,262.959832907,1
2559,261.316399097,263.061641932,1
2560,261.418708086,263.163265944,1
2561,261.520486116,263.264895916,1
2562,261.622481108,263.366545916,1
2563,261.724045038,263.469582081,1
2564,261.82576108,263.570863008,1
2565,261.927525997,263.672502995,1
2566,262.030845165,263.775105,1
2567,262.132633209,263.877207041,1
2568,262.234222174,263.978590965,1
2569,262.335780144,264.08091712,1
2570,262.437404156,264.182020903,1
2571,262.539067984,264.284418106,1
2572,262.641350031,264.385394096,1
2573,262.743115187,264.489088058,1
2574,262.844825029,264.589765072,1
2575,262.94769001,264.692589045,1
2576,263.049638033,264.793651104,1
2577,263.151889086,264.897329092,1
2578,263.253856182,264.999517918,1
2579,263.355588198,265.101735115,1
2580,263.457324028,265.203304052,1
2581,263.559133053,265.302935123,1
2582,263.661109209,265.406537056,1
2583,263.76385498,265.507810116,1
2584,263.866155148,265.611293077,1
2585,263.968012094,265.712362051,1
2586,264.069728136,265.814590931,1
2587,264.171722174,265.915743113,1
2588,264.274027109,266.018929958,1
2589,264.375724077,266.121025085,1
2590,264.47776413,266.224144936,1
2591,264.580337048,266.32465291,1
2592,264.682211161,266.427222013,1
2593,264.783913136,266.528671026,1
2594,264.885852098,266.630888939,1
2595,264.987641096,266.731858969,1
2596,265.089595079,266.83356905,1
2597,265.191346169,266.935364962,1
2598,265.293320179,267.0379529,1
2599,265.395129204,267.140849113,1
2600,265.496734142,267.242528915,1
2601,265.599286079,267.34474802,1
2602,265.701128006,267.445781946,1
2603,265.802752018,267.547605991,1
2604,265.905035019,267.649327993,1
2605,266.006680012,267.752393007,1
2606,266.10829401,267.853163958,1
2607,266.210214138,267.954659939,1
2608,266.312295198,268.057070971,1
2609,266.414779186,268.159823895,1
2610,266.51694417,268.262104988,1
2611,266.619072199,268.363626957,1
2612,266.721462011,268.465665102,1
2613,266.823245049,268.567692041,1
2614,266.925229073,268.670331955,1
2615,267.027482033,268.772396088,1
2616,267.129348993,268.875484943,1
2617,267.231886148,268.976764917,1
2618,267.334843159,269.080365896,1
2619,267.436597109,269.184109926,1
2620,267.538619041,269.282923937,1
2621,267.640411139,269.384818077,1
2622,267.741954088,269.486643076,1
2623,267.843522072,269.587913036,1
2624,267.945622206,269.691702127,1
2625,268.047304153,269.792485952,1
2626,268.15024209,269.893428087,1
2627,268.251814127,269.996191025,1
2628,268.353517056,270.097435951,1
2629,268.455668211,270.200274944,1
2630,268.55777812,270.302786112,1
2631,268.65943408,270.403741121,1
2632,268.761639118,270.506518126,1
2633,268.863458157,270.607429981,1
2634,268.96531105,270.710474968,1
2635,269.068680048,270.873359919,1
2636,269.170520067,270.917073011,1
2637,269.272301197,271.016741991,1
2638,269.374594212,271.120111942,1
2639,269.476562977,271.221642971,1
2640,269.578281164,271.322343111,1
2641,269.681885004,271.426465034,1
2642,269.784201145,271.530216932,1
2643,269.886171103,271.6322999,1
2644,269.988270044,271.732609034,1
2645,270.0898242,271.834562063,1
2646,270.194992065,271.938843012,1
2647,270.296970129,272.042283058,1
2648,270.398758173,272.143712997,1
2649,270.501428127,272.247375965,1
2650,270.603573084,272.348299026,1
2651,270.705157995,272.450664043,1
2652,270.806939125,272.552064896,1
2653,270.90883708,272.654496908,1
2654,271.010507107,272.75474596,1
2655,271.112508059,272.859345913,1
2656,271.215464115,272.960177898,1
2657,271.318223,273.062458992,1
2658,271.420308113,273.165906906,1
2659,271.521985054,273.266321898,1
2660,271.623925209,273.369231939,1
2661,271.726194143,273.470928907,1
2662,271.828591108,273.573041916,1
2663,271.930279016,273.675713062,1
2664,272.031897068,273.77756691,1
2665,272.134515047,273.880198002,1
2666,272.237196207,273.981167078,1
2667,272.339667082,274.088423967,1
2668,272.441651106,274.186860085,1
2669,272.54343009,274.288444996,1
2670,272.645135164,274.390595913,1
2671,272.747497082,274.492417097,1
2672,272.849220991,274.594491005,1
2673,272.950900078,274.698255062,1
2674,273.053862095,274.798291922,1
2675,273.15567708,274.901963949,1
2676,273.257507086,275.00310111,1
2677,273.359606981,275.103698015,1
2678,273.4612391,275.205794096,1
2679,273.563148022,275.307208061,1
2680,273.665568113,275.410825014,1
2681,273.767243147,275.511493921,1
2682,273.86948514,275.615818977,1
2683,273.97202301,275.717042923,1
2684,274.073693991,275.818511009,1
2685,274.175315142,275.921530962,1
2686,274.277559996,276.023015976,1
2687,274.379163027,276.123234034,1
2688,274.481168985,276.225431919,1
2689,274.582859039,276.329160929,1
2690,274.684854984,276.431370974,1
2691,274.787280083,276.532197952,1
2692,274.890267134,276.634787083,1
2693,274.991877079,276.736752987,1
2694,275.094738007,276.83930397,1
2695,275.196751118,276.942224026,1
2696,275.298599005,277.04334712,1
2697,275.4003582,277.14467597,1
2698,275.502222061,277.247603893,1
2699,275.604967117,277.34921813,1
2700,275.707555056,277.452969074,1
2701,275.809312105,277.553597927,3
2702,275.911193132,277.656887054,3
2703,276.012935162,277.757987976,3
2704,276.114829063,277.859821081,3
2705,276.216553211,277.960587978,3
2706,276.318417072,278.065403938,3
2707,276.420231104,278.165560961,3
2708,276.5229702,278.267708063,3
2709,276.62492013,278.369226933,3
2710,276.726849079,278.471583128,3
2711,276.82865715,278.573635101,3
2712,276.930417061,278.675942898,3
2713,277.032063007,278.777194977,3
2714,277.133778095,278.878981113,3
2715,277.235405207,278.979973078,3
2716,277.33790803,279.083928108,3
2717,277.44144702,279.186017036,3
2718,277.54331708,279.28689599,3
2719,277.645416021,279.388984919,3
2720,277.747307062,279.491387129,3
2721,277.848847151,279.592557907,3
2722,277.950952053,279.696595907,3
2723,278.05253005,279.798289061,3
2724,278.154139042,279.89882803,3
2725,278.256683111,280.000905991,3
2726,278.358581066,280.102682114,3
2727,278.460597992,280.205524921,3
2728,278.562621117,280.306953907,3
2729,278.664551973,280.409115076,3
2730,278.766644001,280.5110569,3
2731,278.868219137,280.612805128,3
2732,278.970405102,280.714317083,3
2733,279.072154999,280.818109035,3
2734,279.175084114,280.919402122,3
2735,279.276916027,281.020983934,3
2736,279.378741026,281.122503996,3
2737,279.480834007,281.226056099,3
2738,279.582854033,281.32791996,1
2739,279.684570074,281.429786921,1
2740,279.786612988,281.531517982,1
2741,279.888370037,281.634592056,1
2742,279.99153018,281.735145092,1
2743,280.093662024,281.839230061,1
2744,280.196133137,281.940717936,1
2745,280.297774076,282.042905092,1
2746,280.402230024,282.146728992,1
2747,280.503945112,282.249012947,1
2748,280.605566978,282.351390123,1
2749,280.708857059,282.453516006,1
2750,280.810734034,282.554428101,1
2751,280.912567139,282.657059908,1
2752,281.015089989,282.759691,1
2753,281.117163181,282.862787008,1
2754,281.219647169,282.963613987,1
2755,281.321310997,283.066060066,1
2756,281.423336029,283.167789936,1
2757,281.525804043,283.270503044,1
2758,281.628121138,283.372735023,1
2759,281.729890108,283.47608304,1
2760,281.83158803,283.577513933,1
2761,281.933238983,283.678827047,1
2762,282.034978151,283.780033112,1
2763,282.136667013,283.882389069,1
2764,282.238521099,283.984025955,1
2765,282.34001708,284.086461067,1
2766,282.442989111,284.188432932,1
2767,282.544622183,284.290904045,1
2768,282.646860123,284.391591072,1
2769,282.748534203,284.493405104,3
2770,282.850546122,284.594203949,3
2771,282.95246315,284.69748497,3
2772,283.054092169,284.797609091,3
2773,283.156172991,284.900687933,3
2774,283.258033037,285.003931046,3
2775,283.361091137,285.107640982,3
2776,283.463008165,285.208117962,3
2777,283.564717054,285.308578968,3
2778,283.666496038,285.410694122,3
2779,283.768332005,285.512413025,3
2780,283.870114088,285.614421129,3
2781,283.972404003,285.716475964,3
2782,284.074963093,285.819157124,3
2783,284.177554131,285.921808958,3
2784,284.279371023,286.023785114,3
2785,284.381175995,286.125262022,3
2786,284.483659029,286.228020906,3
2787,284.585450172,286.330055952,3
2788,284.6873312,286.433386087,1
2789,284.788977146,286.534120083,1
2790,284.890830994,286.636330128,1
2791,284.992630005,286.737052917,1
2792,285.103479147,286.847357988,1
2793,285.206756115,286.952286005,1
2794,285.309446096,287.053951025,1
2795,285.411239147,287.155945063,1
2796,285.513066053,287.257016897,1
2797,285.614799023,287.359205008,1
2798,285.716821194,287.461565018,1
2799,285.818436146,287.562885046,1
2800,285.920487165,287.664699078,1
2801,286.022428989,287.7666471,1
2802,286.124320984,287.86899209,1
2803,286.226070166,287.970449924,1
2804,286.328994989,288.07376194,1
2805,286.431384087,288.175993919,1
2806,286.533360004,288.27807498,1
2807,286.635189056,288.381654978,1
2808,286.737061024,288.481987953,1
2809,286.838736057,288.582627058,1
2810,286.940353155,288.685992002,1
2811,287.042203188,288.789325953,1
2812,287.144419193,288.890969038,1
2813,287.247303009,288.991547108,1
2814,287.348963022,289.093161106,1
2815,287.450754166,289.196377039,1
2816,287.552436113,289.297313929,1
2817,287.654109001,289.398006916,1
2818,287.756184101,289.501945019,1
2819,287.858042002,289.602543116,1
2820,287.960170031,289.705361128,1
2821,288.062290192,289.807051897,1
2822,288.164245129,289.909172058,1
2823,288.265928984,290.010437965,1
2824,288.368301153,290.11196804,1
2825,288.470561028,290.215615034,1
2826,288.572300196,290.317688942,1
2827,288.673899174,290.417961121,1
2828,288.775570154,290.519804955,1
2829,288.877437115,290.621396065,1
2830,288.979552984,290.72449708,1
2831,289.081938982,290.826014042,1
2832,289.18433404,290.928489923,1
2833,289.286274195,291.031034946,1
2834,289.389642,291.133419991,1
2835,289.491404057,291.236234903,1
2836,289.593237162,291.33762002,1
2837,289.694854021,291.441461086,1
2838,289.797975063,291.542822123,1
2839,289.899892092,291.645339012,1
2840,290.001547098,291.747349977,1
2841,290.103821039,291.849141121,1
2842,290.205867052,291.949898005,1
2843,290.307562113,292.052601099,1
2844,290.409270048,292.155117035,1
2845,290.51157999,292.259032011,1
2846,290.614046097,292.359514952,1
2847,290.716202974,292.460737944,1
2848,290.818114042,292.562777042,1
2849,290.919821024,292.66434598,1
2850,291.021923065,292.766345024,1
2851,291.123926163,292.868209124,1
2852,291.226107121,292.971053123,1
2853,291.327939987,293.072869062,1
2854,291.429887056,293.175133944,1
2855,291.5326612,293.27761507,1
2856,291.634320974,293.380136013,1
2857,291.736065149,293.481281042,1
2858,291.8382411,293.583604097,1
2859,291.94017005,293.685869932,1
2860,292.042499065,293.789675951,1
2861,292.14453721,293.8894701,1
2862,292.246764183,293.991679907,1
2863,292.349603176,294.094475985,1
2864,292.452123165,294.197256088,1
2865,292.553768158,294.298545122,1
2866,292.655929089,294.400020123,1
2867,292.758568048,294.503797054,1
2868,292.860263109,294.60584712,1
2869,292.962020159,294.707137108,1
2870,293.063837051,294.809118986,1
2871,293.166294098,294.911483049,1
2872,293.268507004,295.01353097,1
2873,293.370576143,295.117163897,1
2874,293.472537994,295.216213942,1
2875,293.574963093,295.319262028,1
2876,293.676779032,295.420885086,1
2877,293.77850318,295.524030924,1
2878,293.880289078,295.625504017,1
2879,293.982439995,295.727324009,1
2880,294.085391045,295.830121994,1
2881,294.187216043,295.931613922,1
2882,294.289138079,296.033545017,1
2883,294.390923977,296.134207964,1
2884,294.492947102,296.237822056,1
2885,294.594485998,296.339267969,1
2886,294.696290016,296.439826965,1
2887,294.797948122,296.545943022,1
2888,294.899670124,296.644737959,1
2889,295.002825975,296.747621059,1
2890,295.104833126,296.850582123,1
2891,295.206547976,296.951694965,1
2892,295.30825305,297.052823067,1
2893,295.41003418,297.154751062,1
2894,295.511625051,297.255691051,1
2895,295.613814116,297.359198093,1
2896,295.715842009,297.460442066,1
2897,295.818679094,297.563698053,1
2898,295.920382977,297.664583921,1
2899,296.02266717,297.767565012,1
2900,296.124791145,297.869245052,1
2901,296.227215052,297.972361088,1
2902,296.329349995,298.077203035,1
2903,296.431044102,298.176454067,1
2904,296.532706976,298.278405905,1
2905,296.635816097,298.379472017,1
2906,296.737497091,298.482918024,1
2907,296.839152098,298.584903955,1
2908,296.941693068,298.686506033,1
2909,297.043838024,298.788430929,1
2910,297.145981073,298.89071393,1
2911,297.247708082,298.994290113,1
2912,297.349529982,299.095788002,1
2913,297.45155406,299.196202993,1
2914,297.554620028,299.299351931,1
2915,297.656557083,299.401359081,1
2916,297.758335114,299.504096985,1
2917,297.859979153,299.605263948,1
2918,297.962046146,299.706881046,1
2919,298.063650131,299.808805943,1
2920,298.165934086,299.9118011,1
2921,298.267455101,300.01207304,1
2922,298.370110035,300.115950108,1
2923,298.472212076,300.215944052,1
2924,298.574230194,300.319154978,1
2925,298.675926208,300.419599056,1
2926,298.777887106,300.521986961,1
2927,298.87946105,300.622946978,1
2928,298.981193066,300.725161076,1
2929,299.08339715,300.828293085,1
2930,299.18513608,300.931015968,1
2931,299.288034201,301.03241992,1
2932,299.390149117,301.135272026,1
2933,299.491965055,301.23717308,1
2934,299.59360218,301.338329077,1
2935,299.69544816,301.438729048,1
2936,299.797227144,301.541696072,1
2937,299.899200201,301.644114971,1
2938,300.001175165,301.746048927,1
2939,300.103578091,301.848550081,1
2940,300.206336975,301.951010942,1
2941,300.308493137,302.052498102,1
2942,300.410405159,302.157154083,1
2943,300.51300621,302.257570982,1
2944,300.615733147,302.359646082,1
2945,300.717444181,302.463227034,1
2946,300.819583178,302.564997911,1
2947,300.922191143,302.666896105,1
2948,301.024847031,302.769642115,1
2949,301.126877069,302.871694088,1
2950,301.228772163,302.973381042,1
2951,301.330859184,303.074482918,1
2952,301.432622194,303.176849127,1
2953,301.534890175,303.279763937,1
2954,301.636462212,303.381053925,1
2955,301.738856077,303.483294964,1
2956,301.840831041,303.585284948,1
2957,301.942471027,303.686836958,1
2958,302.04433918,303.788722992,1
2959,302.146486998,303.890770912,1
2960,302.248119116,303.992609024,1
2961,302.349858046,304.09348011,1
2962,302.451604128,304.196353912,1
2963,302.553134203,304.298937082,1
2964,302.654889107,304.400272131,1
2965,302.757539988,304.502979994,1
2966,302.859207153,304.603687048,1
2967,302.961570978,304.708307981,1
2968,303.06476903,304.810009956,1
2969,303.166509151,304.911413908,1
2970,303.268179178,305.013469934,1
2971,303.369961977,305.115250111,1
2972,303.471882105,305.216701031,1
2973,303.574619055,305.320288897,1
2974,303.676742077,305.421159983,1
2975,303.77895999,305.524535894,1
2976,303.880819082,305.624077082,1
2977,303.982681036,305.727118015,1
2978,304.08439517,305.82842207,1
2979,304.18624115,305.930865049,1
2980,304.288017988,306.032376051,1
2981,304.391043186,306.135642052,1
2982,304.492843151,306.237086058,1
2983,304.594921112,306.339020967,1
2984,304.696986198,306.440947056,1
2985,304.799341202,306.543759108,1
2986,304.901307106,306.645535946,1
2987,305.003173113,306.749963045,1
2988,305.105578184,306.851802111,1
2989,305.208473206,306.953049898,1
2990,305.31061101,307.055417061,1
2991,305.412542105,307.157689095,1
2992,305.514775991,307.258179903,1
2993,305.616362095,307.360942125,1
2994,305.71807003,307.46201992,1
2995,305.819873095,307.563621044,1
2996,305.921894073,307.667347908,1
2997,306.024196148,307.769877911,1
2998,306.127436161,307.872522116,1
2999,306.229480982,307.973922968,1
3000,306.331572056,308.076081991,1
3001,306.433227062,308.177666903,1
3002,306.535601139,308.279747009,1
3003,306.637543201,308.382585049,1
3004,306.740139008,308.48528409,1
3005,306.842710018,308.58661294,1
3006,306.944663048,308.689218998,1
3007,307.04639411,308.791085958,1
3008,307.148686171,308.89366293,1
3009,307.251248121,308.996562004,1
3010,307.353535175,309.099513054,1
3011,307.456497192,309.201574087,1
3012,307.558821201,309.30331707,1
3013,307.661194086,309.404689074,1
3014,307.763746023,309.509275913,1
3015,307.865540981,309.611145973,1
3016,307.968497992,309.713604927,1
3017,308.070128202,309.815792084,1
3018,308.171868086,309.917654991,1
3019,308.27355504,310.019273043,1
3020,308.375390053,310.122139931,1
3021,308.477998018,310.223285913,1
3022,308.580387115,310.325062037,1
3023,308.682596207,310.427851915,1
3024,308.784800053,310.530294895,1
3025,308.886665106,310.631140947,1
3026,308.988685131,310.733417034,1
3027,309.090882063,310.835501909,1
3028,309.194033146,310.941395998,1
3029,309.296441078,311.04341507,1
3030,309.398212194,311.143721104,1
3031,309.500178099,311.245491028,1
3032,309.602260113,311.345977068,1
3033,309.704301119,311.450051069,1
3034,309.806993008,311.553025007,1
3035,309.908871174,311.653156996,1
3036,310.011795044,311.758827925,1
3037,310.114162207,311.85926199,1
3038,310.216126204,311.961452961,1
3039,310.319339037,312.064013958,1
3040,310.423091173,312.168211937,1
3041,310.525071144,312.270394087,1
3042,310.627403975,312.372203112,1
3043,310.729543209,312.474833012,1
3044,310.831709146,312.575694084,1
3045,310.933400154,312.67901206,1
3046,311.03650403,312.780700922,1
3047,311.138696194,312.883687019,1
3048,311.240503073,312.985596895,1
3049,311.342492104,313.087366104,1
3050,311.445281982,313.190167904,1
3051,311.547798157,313.29233098,1
3052,311.65083313,313.397598028,1
3053,311.754383087,313.500839949,1
3054,311.856203079,313.601233006,1
3055,311.958019018,313.703542948,1
3056,312.060050011,313.804754019,1
3057,312.163096189,313.907361031,1
3058,312.265479088,314.009429932,1
3059,312.367782116,314.112725973,1
3060,312.470010996,314.214502096,1
3061,312.572674036,314.317349911,1
3062,312.674823046,314.420213938,1
3063,312.776588202,314.52167201,1
3064,312.878795147,314.622834921,1
3065,312.980876207,314.725625038,1
3066,313.082641125,314.82644701,1
3067,313.185242176,314.930403948,1
3068,313.287058115,315.03147912,1
3069,313.388640165,315.134825945,1
