PacketSeqNo,GeneratingTime,ArrivalTime,MulticastIdx
1,0.00202083587646,11.257972002,1
2,0.0146498680115,11.268048048,1
3,0.0269339084625,11.2825729847,1
4,0.0393648147583,11.2957019806,1
5,0.0520248413086,11.3086180687,1
6,0.0642368793488,11.3178179264,1
7,0.0764179229736,11.3330938816,1
8,0.0886869430542,11.3420078754,1
9,0.100872993469,11.3579258919,1
10,0.113071918488,11.368596077,1
11,0.127138853073,11.3831989765,1
12,0.139219999313,11.3952600956,1
13,0.151538848877,11.4062619209,1
14,0.163708925247,11.4177088737,1
15,0.176080942154,11.4306380749,1
16,0.188256025314,11.4630570412,1
17,0.219899892807,11.4727120399,1
18,0.23143696785,11.4842050076,1
19,0.24320101738,11.4957079887,1
20,0.254983901978,11.5105650425,1
21,0.266556024551,11.5196290016,1
22,0.278928041458,11.532998085,1
23,0.292353868484,11.5498540401,1
24,0.304853916168,11.5577130318,1
25,0.316679954529,11.5704009533,1
26,0.328512907028,11.5819239616,1
27,0.340072870255,11.5999779701,1
28,0.351750850677,11.605068922,1
29,0.363461017609,11.6169879436,1
30,0.375483989716,11.6290919781,1
31,0.387568950653,11.6445400715,1
32,0.399873971939,11.6542730331,1
33,0.412247896194,11.6681780815,1
34,0.424715042114,11.6801550388,1
35,0.436966896057,11.6920320988,3
36,0.449151039124,11.7027490139,3
37,0.461248874664,11.7152149677,3
38,0.474323034286,11.7336809635,3
39,0.486773967743,11.7401149273,3
40,0.499555826187,11.753827095,3
41,0.512307882309,11.7667050362,3
42,0.524605989456,11.7782809734,3
43,0.536790847778,11.7940540314,3
44,0.548962831497,11.8027238846,3
45,0.561173915863,11.81488204,3
46,0.573678016663,11.8270950317,3
47,0.585914850235,11.8389670849,3
48,0.597990989685,11.8597710133,3
49,0.610159873962,11.8666920662,3
50,0.622591018677,11.8769738674,3
51,0.635145902634,11.8989489079,3
52,0.647620916367,11.9023480415,3
53,0.660063028336,11.9144310951,3
54,0.673014879227,11.9302499294,3
55,0.685225963593,11.9395079613,3
56,0.697459936142,11.9511699677,3
57,0.709699869156,11.9639539719,3
58,0.722329854965,11.9766058922,3
59,0.734617948532,11.987901926,3
60,0.746826887131,12.0001339912,3
61,0.759006977081,12.0174300671,3
62,0.771276950836,12.0245900154,3
63,0.783567905426,12.0380759239,3
64,0.796120882034,12.0501420498,3
65,0.808320999146,12.0614459515,3
66,0.822424888611,12.0781989098,3
67,0.834570884705,12.0881519318,3
68,0.846432924271,12.1001780033,3
69,0.85827088356,12.1122539043,3
70,0.870201826096,12.124161005,3
71,0.882217884064,12.1422669888,3
72,0.894557952881,12.1483659744,3
73,0.906770944595,12.1603970528,3
74,0.918952941895,12.1746690273,3
75,0.931259870529,12.1862020493,3
76,0.943869829178,12.1982769966,3
77,0.956046819687,12.210862875,3
78,0.968231916428,12.2219090462,3
79,0.98039484024,12.2345130444,3
80,0.992640972137,12.2462439537,3
81,1.00489783287,12.2602570057,3
82,1.0174138546,12.2735099792,3
83,1.02990484238,12.2824399471,3
84,1.04207587242,12.2968420982,3
85,1.05469298363,12.3086340427,3
86,1.06739282608,12.3235769272,3
87,1.07964897156,12.3369989395,3
88,1.09219384193,12.3480930328,3
89,1.1044678688,12.3640658855,3
90,1.11659288406,12.3732829094,3
91,1.12888598442,12.3905940056,3
92,1.14112901688,12.3954310417,3
93,1.1533498764,12.4095749855,1
94,1.16579985619,12.4208939075,1
95,1.17799282074,12.4339489937,1
96,1.19021081924,12.444963932,1
97,1.20240998268,12.4574239254,1
98,1.21464896202,12.4684948921,1
99,1.22695803642,12.4829790592,1
100,1.23934483528,12.4959189892,1
101,1.25168800354,12.512098074,1
102,1.26390790939,12.5208399296,1
103,1.27608299255,12.5284268856,1
104,1.28861999512,12.5461649895,1
105,1.30110502243,12.5568599701,1
106,1.31352686882,12.5673558712,1
107,1.32582402229,12.5826730728,1
108,1.33823490143,12.5937869549,1
109,1.35083794594,12.6067678928,1
110,1.36337089539,12.6180040836,1
111,1.37568497658,12.6308948994,1
112,1.38809204102,12.6487469673,1
113,1.40024781227,12.6548109055,1
114,1.41241598129,12.6663210392,1
115,1.42442703247,12.6805989742,1
116,1.43599700928,12.6883568764,1
117,1.4475979805,12.7004919052,1
118,1.45947384834,12.7164390087,1
119,1.47121095657,12.7289249897,1
120,1.48285102844,12.7383499146,1
121,1.49461102486,12.7475938797,1
122,1.50655794144,12.7678949833,1
123,1.51899600029,12.7747189999,1
124,1.53208088875,12.7863988876,1
125,1.54452586174,12.8030500412,1
126,1.55661988258,12.8120419979,1
127,1.56867194176,12.8226618767,1
128,1.58084082603,12.8351519108,1
129,1.59301185608,12.8467700481,1
130,1.60534501076,12.8638899326,1
131,1.61735892296,12.8726279736,1
132,1.62953090668,12.8874540329,1
133,1.64177799225,12.9022190571,1
134,1.65407395363,12.9074048996,1
135,1.66657400131,12.922246933,1
136,1.67954301834,12.9330980778,1
137,1.69172286987,12.9460968971,1
138,1.70391488075,12.9577050209,1
139,1.71642303467,12.9775569439,1
140,1.72861790657,12.9821600914,1
141,1.74085283279,13.0006549358,1
142,1.75398087502,13.0077540874,1
143,1.76607990265,13.0207459927,1
144,1.77829384804,13.0326619148,1
145,1.79058098793,13.050743103,1
146,1.80306696892,13.0586490631,1
147,1.81552100182,13.0699050426,1
148,1.82794690132,13.0909030437,1
149,23.8656690121,35.1266069412,2
150,23.8858850002,35.1399009228,2
151,23.8982229233,35.1505320072,2
152,23.9218080044,35.189455986,2
153,23.9472939968,35.2007498741,2
154,23.9704508781,35.282200098,2
155,24.0459628105,35.3851389885,2
156,24.1599488258,35.4144229889,2
157,24.1792719364,35.46991992,2
158,24.2861618996,35.5405960083,2
159,24.3271830082,35.6167678833,2
160,24.3806059361,35.6767060757,2
161,24.4442420006,35.7127969265,2
162,24.4725499153,35.7560210228,2
163,24.5195479393,35.7725729942,2
164,24.5327179432,35.8013219833,2
165,24.5588729382,35.8237318993,2
166,24.5819299221,35.8413419724,2
167,24.6013598442,35.8545410633,2
168,24.6161189079,35.8680310249,2
169,24.6313929558,35.8845729828,2
170,24.6441140175,35.8972580433,2
171,24.6562349796,35.9138100147,2
172,24.668309927,35.9202620983,2
173,24.6804728508,35.9372079372,2
174,24.6927649975,35.9451770782,2
175,24.7047150135,35.9566869736,2
176,24.7165358067,35.9701418877,2
177,24.7289338112,35.9823479652,2
178,24.7406890392,36.0006210804,2
179,24.7615838051,36.015444994,2
180,24.7763838768,36.0287380219,2
181,24.7887089252,36.0531768799,2
182,24.8116469383,36.0645260811,2
183,24.8238370419,36.0771660805,2
184,24.837157011,36.0901710987,2
185,24.8490099907,36.1089808941,2
186,24.8693578243,36.123167038,2
187,24.8871028423,36.1476938725,2
188,24.9080889225,36.1633141041,2
189,24.920224905,36.1792359352,2
190,24.9348769188,36.1898589134,2
191,24.9465208054,36.199639082,2
192,24.9594018459,36.2121970654,2
193,24.971985817,36.2330329418,2
194,24.9847109318,36.2390248775,2
195,24.9962608814,36.2503790855,2
196,25.0081958771,36.2605788708,2
197,25.0201468468,36.2734470367,2
198,25.0330989361,36.2859060764,2
199,25.0451829433,36.3083369732,2
200,25.057092905,36.3102550507,2
201,25.0690748692,36.3230340481,2
202,25.0808358192,36.3388309479,2
203,25.0935308933,36.3463039398,2
204,25.1058359146,36.3587799072,2
205,25.1178088188,36.370773077,2
206,25.1294548512,36.382267952,2
207,25.1411828995,36.393944025,2
208,25.1527509689,36.4052898884,2
209,25.1641988754,36.4192910194,0
210,25.1761279106,36.4336900711,0
211,25.18993783,36.4417600632,0
212,25.2016358376,36.4570970535,0
213,25.2136180401,36.4681930542,0
214,25.2252469063,36.4775710106,0
215,25.2369530201,36.4949150085,0
216,25.2552998066,36.5073280334,0
217,25.2823178768,36.5396089554,0
218,25.2963178158,36.5618460178,0
219,25.3387320042,36.598664999,0
220,25.355727911,36.6093239784,0
221,25.3681509495,36.6223380566,0
222,25.3812308311,36.635021925,0
223,25.3951158524,36.6495878696,0
224,25.4180288315,36.6799480915,0
225,25.4327418804,36.6881210804,0
226,25.4455049038,36.6976959705,0
227,25.4584870338,36.7193191051,0
228,25.4818239212,36.7377820015,0
229,25.4961488247,36.7505030632,0
230,25.5083999634,36.7628369331,0
231,25.5212378502,36.7749290466,0
232,25.5327928066,36.7881410122,0
233,25.547894001,36.8023300171,0
234,25.5621008873,36.8193750381,0
235,25.5762729645,36.8355810642,0
236,25.5956799984,36.8505699635,0
237,25.6077170372,36.8609540462,0
238,25.6241948605,36.8886399269,0
239,25.6471710205,36.9014658928,0
240,25.6595709324,36.9179670811,0
241,25.671423912,36.9257469177,0
242,25.6846790314,36.9396619797,0
243,25.6967768669,36.9517889023,0
244,25.7112798691,36.9649600983,0
245,25.7240388393,36.9784259796,0
246,25.736274004,36.9914259911,0
247,25.7480018139,37.0065290928,0
248,25.76719594,37.019438982,0
249,25.7804858685,37.0331940651,0
250,25.7929618359,37.0463490486,0
251,25.8097529411,37.062846899,0
252,25.8221099377,37.0774059296,0
253,25.8349809647,37.0887179375,0
254,25.8474919796,37.1040029526,0
255,25.8617539406,37.1212050915,0
256,25.8746440411,37.1303310394,0
257,25.8875968456,37.1424980164,0
258,25.899741888,37.1538589001,0
259,25.9115478992,37.1660060883,0
260,47.9294669628,59.1816780567,3
261,47.9410820007,59.1945888996,3
262,47.9550449848,59.2082469463,3
263,47.9681158066,59.2209789753,3
264,47.9802379608,59.2328960896,3
265,47.9924588203,59.2476968765,3
266,48.0046539307,59.263851881,3
267,48.0165660381,59.2698779106,3
268,48.0287048817,59.2819540501,3
269,48.0417249203,59.2941129208,3
270,48.053716898,59.3091919422,3
271,48.0655150414,59.3204550743,3
272,48.0815420151,59.3346509933,3
273,48.0943479538,59.3511669636,3
274,48.1070640087,59.3603138924,3
275,48.1194248199,59.3743488789,3
276,48.132942915,59.3869791031,3
277,48.1452260017,59.4007389545,3
278,48.1579170227,59.4108390808,3
279,48.1696658134,59.4219200611,3
280,48.1817350388,59.4348130226,3
281,48.1935420036,59.4460818768,3
282,48.2061679363,59.4584889412,3
283,48.2185628414,59.4711630344,3
284,48.2303519249,59.4830269814,3
285,48.244287014,59.4974379539,3
286,48.2562148571,59.5100228786,3
287,48.2681279182,59.5233199596,3
288,48.280313015,59.5327560902,3
289,48.292402029,59.5455460548,3
290,48.3040318489,59.560847044,3
291,48.3164629936,59.5701320171,3
292,48.3298618793,59.5847890377,3
293,48.3414869308,59.5995719433,3
294,48.3534798622,59.6066789627,3
295,48.3652029037,59.6189498901,3
296,48.3788499832,59.6312589645,3
297,48.3908529282,59.6445350647,3
298,48.4036560059,59.6565570831,3
299,48.4161798954,59.6683418751,3
300,48.4280159473,59.6817729473,3
301,48.440073967,59.6944139004,3
302,48.4522178173,59.7055881023,3
303,48.4640128613,59.7175519466,3
304,48.4763169289,59.7287039757,3
305,48.4884328842,59.7433819771,3
306,48.5036878586,59.756426096,3
307,48.5173478127,59.7709140778,3
308,48.5290679932,59.7817370892,3
309,48.5409288406,59.7935469151,3
310,48.5527210236,59.8056349754,3
311,48.5642549992,59.8182890415,3
312,48.5769109726,59.8300089836,3
313,48.5911428928,59.8444359303,3
314,48.6040148735,59.8569638729,3
315,48.6164019108,59.8703379631,1
316,48.6317720413,59.8859379292,1
317,48.6437609196,59.8973760605,1
318,48.6557779312,59.9085080624,1
319,48.6677129269,59.9219288826,1
320,48.6796379089,59.9343419075,1
321,48.6914680004,59.9437561035,1
322,48.7041139603,59.9564509392,1
323,48.7156209946,59.9681270123,1
324,48.7272260189,59.9816570282,1
325,48.7400870323,59.9925630093,1
326,48.7517929077,60.006098032,1
327,48.7633910179,60.0388550758,1
328,48.7757458687,60.0433909893,1
329,48.7876758575,60.0449359417,1
330,48.7994809151,60.0555830002,1
331,48.8150708675,60.0686690807,1
332,48.8277168274,60.0832109451,1
333,48.8405749798,60.0965480804,1
334,48.85303092,60.1087141037,1
335,48.8650128841,60.118242979,1
336,48.876901865,60.1314890385,1
337,48.8902978897,60.1441869736,1
338,48.9023728371,60.1551969051,1
339,48.9141058922,60.1676750183,1
340,48.9270188808,60.1804099083,1
341,48.9386789799,60.190664053,1
342,48.9505548477,60.2027549744,1
343,48.9628899097,60.2158770561,1
344,48.9753639698,60.2287940979,1
345,48.987046957,60.2394199371,1
346,48.9994189739,60.2538340092,1
347,49.0115430355,60.2647550106,1
348,49.0237059593,60.280575037,1
349,49.0359318256,60.2945668697,1
350,49.0480699539,60.3003509045,1
351,49.0605139732,60.3182668686,1
352,49.0742440224,60.3276998997,1
353,49.0897018909,60.3440189362,1
354,49.1019389629,60.3594739437,1
355,49.1138288975,60.367552042,1
356,49.125756979,60.3786900043,1
357,49.1376378536,60.3937170506,1
358,49.1498270035,60.4031200409,1
359,49.1619429588,60.4146289825,1
360,49.1744430065,60.4263310432,1
361,49.1864588261,60.4401369095,1
362,49.2029268742,60.4560279846,1
363,49.2157189846,60.4686539173,1
364,49.2314789295,60.484513998,1
365,49.2435388565,60.4966049194,1
366,49.2563509941,60.5127820969,1
367,49.2681980133,60.526638031,1
368,49.2801179886,60.5336809158,1
369,49.2928278446,60.5455579758,1
370,49.3047819138,60.5630450249,1
371,49.3165278435,60.5714540482,1
372,49.3283100128,60.5803260803,1
373,49.3415279388,60.6028878689,1
374,71.3656249046,82.620331049,2
375,71.3773758411,82.6296858788,2
376,71.3893589973,82.6416289806,2
377,71.4010310173,82.6553280354,2
378,71.4129989147,82.6667299271,2
379,71.4248650074,82.6768400669,2
380,71.4366719723,82.6901519299,2
381,71.448417902,82.7028360367,2
382,71.4669039249,82.7193949223,2
383,71.4786338806,82.7307910919,2
384,71.4939219952,82.7493999004,2
385,71.5068359375,82.7630469799,2
386,71.5213158131,82.7734940052,2
387,71.5351688862,82.7877449989,2
388,71.5475258827,82.8027920723,2
389,71.5593519211,82.8115038872,2
390,71.5712168217,82.8262910843,2
391,71.5835609436,82.8360450268,2
392,71.5958738327,82.8484621048,2
393,71.608194828,82.8626461029,2
394,71.6203010082,82.8751029968,2
395,71.6326858997,82.8878638744,2
396,71.644867897,82.8969728947,2
397,71.6577198505,82.9105329514,2
398,71.6694040298,82.9217190742,2
399,71.6821520329,82.9362559319,2
400,71.6948950291,82.9494230747,2
401,71.7068970203,82.9602689743,2
402,71.7190568447,82.9723260403,2
403,71.7308139801,82.9835660458,2
404,71.7433478832,83.0057420731,2
405,71.7549479008,83.0090310574,2
406,71.7684268951,83.0207390785,2
407,71.7813618183,83.0369710922,2
408,71.7948548794,83.0484120846,2
409,71.8069720268,83.0610790253,2
410,71.81889081,83.0717480183,2
411,71.8308730125,83.0998249054,2
412,71.8431608677,83.1027269363,2
413,71.855481863,83.1090900898,2
414,71.8680388927,83.131499052,2
415,71.879981041,83.1434428692,2
416,71.8915398121,83.1446909904,2
417,71.904419899,83.1570389271,2
418,71.9180238247,83.1712889671,2
419,71.9300968647,83.1856219769,2
420,71.9425289631,83.1956729889,2
421,71.9543960094,83.2106809616,2
422,71.9700119495,83.2223310471,2
423,71.9816160202,83.234801054,2
424,71.9932899475,83.2457590103,2
425,72.0049028397,83.2593910694,2
426,72.0167210102,83.2687370777,2
427,72.0286879539,83.2859320641,2
428,72.0404629707,83.2961599827,2
429,72.052284956,83.3052868843,2
430,72.0645399094,83.3223390579,0
431,72.0764868259,83.3329610825,0
432,72.0916318893,83.3438849449,0
433,72.1031868458,83.3554849625,0
434,72.1172378063,83.370169878,0
435,72.130245924,83.3862709999,0
436,72.1422078609,83.3947319984,0
437,72.1541428566,83.4074730873,0
438,72.166218996,83.4188098907,0
439,72.1779899597,83.4306669235,0
440,72.1896929741,83.442373991,0
441,72.2015609741,83.4546148777,0
442,72.213310957,83.4689919949,0
443,72.2268898487,83.4796071053,0
444,72.2386639118,83.4914798737,0
445,72.2501528263,83.5024530888,0
446,72.261690855,83.5143640041,0
447,72.273319006,83.5256729126,0
448,72.2870969772,83.5394721031,0
449,72.298956871,83.55291605,0
450,72.310986042,83.5633370876,0
451,72.3230149746,83.5758669376,0
452,72.3368389606,83.589099884,0
453,72.349822998,83.6039299965,0
454,72.361689806,83.6143329144,0
455,72.3734369278,83.6270029545,0
456,72.3864588737,83.6400408745,0
457,72.3992609978,83.6553380489,0
458,72.4115178585,83.6642398834,0
459,72.4235739708,83.6770761013,0
460,72.4367530346,83.6922750473,0
461,72.4491198063,83.7027480602,0
462,72.4614009857,83.7178499699,0
463,72.4732179642,83.7302269936,0
464,72.4851078987,83.7400228977,0
465,72.4969949722,83.7522978783,0
466,72.5089218616,83.7631731033,0
467,72.5246298313,83.7794089317,0
468,72.5384898186,83.7916550636,0
469,72.5505888462,83.8033940792,0
470,72.5642418861,83.820661068,0
471,72.5761249065,83.829169035,0
472,72.5878460407,83.8433120251,0
473,72.5994949341,83.8559250832,0
474,72.6116440296,83.8660619259,0
475,72.623598814,83.8811590672,0
476,72.6354308128,83.8906650543,0
477,72.6472318172,83.9000608921,0
478,72.659168005,83.9135570526,0
479,72.6712779999,83.9247550964,0
480,72.6839380264,83.9424929619,0
481,72.6972608566,83.9494519234,0
482,72.7097728252,83.9632940292,0
483,72.7248599529,83.9801630974,2
484,72.7365858555,83.9886040688,2
485,72.749765873,84.0114040375,2
486,72.7651100159,84.018625021,2
487,72.7783389091,84.0392129421,2
488,72.7905628681,84.0480868816,2
489,72.803647995,84.0560019016,2
490,72.817332983,84.0696129799,2
491,72.8338549137,84.0976419449,2
492,72.8467228413,84.1053800583,2
493,72.8587749004,84.1148979664,2
494,72.8711378574,84.1311409473,2
495,72.8834519386,84.1386420727,2
496,72.8956508636,84.150840044,2
497,72.9076068401,84.1623499393,2
498,72.9197018147,84.1733689308,2
499,72.9320399761,84.1929569244,2
500,72.9438409805,84.1989500523,2
501,72.9556889534,84.2134370804,2
502,72.9686698914,84.2215549946,2
503,72.9809699059,84.2340869904,2
504,72.9936788082,84.2458250523,2
505,73.0072779655,84.261920929,2
506,73.0192408562,84.2726359367,2
507,73.0310330391,84.2874629498,2
508,73.0433659554,84.2978379726,2
509,73.0553209782,84.312114954,2
510,73.06741786,84.3250470161,2
511,73.0805490017,84.3337979317,2
512,73.0947079659,84.347769022,2
513,73.1068918705,84.3610179424,2
514,73.120043993,84.3757040501,2
515,73.1328868866,84.3885378838,2
516,73.1453139782,84.3998980522,2
517,73.1572389603,84.4127480984,2
518,73.1737380028,84.4264919758,2
519,73.1854979992,84.4432499409,2
520,73.197029829,84.4495470524,2
521,73.2085578442,84.4616150856,2
522,73.2204008102,84.4730360508,2
523,73.232036829,84.4838039875,2
524,73.2440578938,84.4968400002,2
525,73.2559659481,84.5134449005,2
526,73.2683179379,84.52333498,2
527,73.280092001,84.5378420353,2
528,73.2920029163,84.5455811024,2
529,73.3037488461,84.5564250946,2
530,73.3155770302,84.5718519688,2
531,73.3273279667,84.5842659473,2
532,73.3407709599,84.5984520912,2
533,73.3537988663,84.6070489883,2
534,73.3661518097,84.6206228733,2
535,73.3782839775,84.6314659119,0
536,73.3904178143,84.6446020603,0
537,73.4067349434,84.6602990627,0
538,73.4189889431,84.6754760742,0
539,73.4318950176,84.6908810139,0
540,73.4455988407,84.6982579231,0
541,73.457805872,84.7103979588,0
542,73.4696838856,84.7236640453,0
543,73.4829838276,84.7351770401,0
544,73.4963028431,84.7531960011,0
545,73.5098350048,84.7631230354,0
546,73.5222358704,84.7776710987,0
547,73.5359809399,84.7935540676,0
548,73.5480179787,84.8022089005,0
549,73.5598828793,84.8126060963,0
550,73.5716218948,84.8241648674,0
551,73.5839169025,84.8382799625,0
552,73.5960979462,84.8495280743,0
553,73.6077699661,84.8616569042,0
554,73.6195778847,84.8764719963,0
555,73.6314759254,84.8875339031,0
556,73.64346385,84.8965198994,0
557,73.6552670002,84.9115710258,0
558,73.6674799919,84.9223508835,0
559,73.6798458099,84.9329690933,0
560,73.6918799877,84.9449160099,0
561,73.7040708065,84.9597980976,0
562,73.7159349918,84.9724259377,0
563,73.7277739048,84.9820668697,0
564,73.7400608063,84.9953079224,0
565,73.7521159649,85.0045540333,0
566,73.7666149139,85.0187170506,0
567,73.779695034,85.0334708691,0
568,73.7929518223,85.0538930893,0
569,73.8052659035,85.0604948997,0
570,73.8201680183,85.0725860596,0
571,73.8329489231,85.0942120552,0
572,73.8462569714,85.0998780727,0
573,73.8607239723,85.1135098934,0
574,73.8729469776,85.1274008751,0
575,73.8860900402,85.1395568848,0
576,73.8983559608,85.1574149132,0
577,73.9101519585,85.1638860703,0
578,73.9218168259,85.1747410297,0
579,73.934470892,85.1952829361,0
580,73.9468410015,85.1992750168,0
581,73.9594249725,85.214812994,0
582,73.9716088772,85.2281680107,0
583,73.9842989445,85.2381989956,0
584,73.9968409538,85.2522799969,0
585,74.0089328289,85.261952877,0
586,74.0207719803,85.2756650448,2
587,74.033192873,85.2895290852,2
588,74.0451920033,85.2972660065,2
589,74.0569159985,85.3122808933,2
590,74.0688970089,85.3224949837,2
591,74.0819268227,85.3427829742,2
592,74.09461689,85.3473520279,2
593,74.1073639393,85.360172987,2
594,74.1215319633,85.3743720055,2
595,74.1332809925,85.3887898922,2
596,74.145442009,85.3996238708,2
597,74.1570498943,85.412322998,2
598,74.1686038971,85.4215269089,2
599,74.181622982,85.4349079132,2
600,74.1939308643,85.4475979805,2
601,74.2060828209,85.4629299641,2
602,74.2242648602,85.4806978703,2
603,74.2382249832,85.4937450886,2
604,74.2511649132,85.507338047,2
605,74.2635009289,85.5163578987,2
606,74.2762959003,85.5297520161,2
607,74.2881579399,85.5406398773,2
608,74.2997479439,85.5611190796,2
609,74.311300993,85.5644299984,2
610,74.3229789734,85.5755748749,2
611,74.3351089954,85.5928740501,2
612,74.3484869003,85.6014990807,2
613,74.3604609966,85.616298914,2
614,74.3773839474,85.6322889328,2
615,74.3901920319,85.6462349892,2
616,74.4027578831,85.6604850292,2
617,74.4146499634,85.6677858829,2
618,74.4268078804,85.6794729233,2
619,74.4385259151,85.6916499138,2
620,74.4503669739,85.7029650211,2
621,74.4625389576,85.71529603,2
622,74.4747929573,85.7270689011,2
623,74.4865410328,85.7453079224,2
624,74.4985280037,85.7556540966,2
625,74.510571003,85.7635278702,2
626,74.5235350132,85.7793428898,2
627,74.5353498459,85.7885699272,2
628,74.5475108624,85.8040459156,2
629,74.5592730045,85.8124229908,2
630,74.5726099014,85.8243410587,2
631,74.5848588943,85.8399629593,2
632,74.5968430042,85.8502268791,2
633,74.6089179516,85.864921093,2
634,74.6215639114,85.878467083,2
635,74.6334009171,85.8857550621,2
636,74.6452460289,85.9028699398,2
637,74.6589398384,85.9136080742,2
638,74.6713998318,85.9292418957,2
639,74.6830248833,85.9360868931,2
640,74.6948738098,85.9585940838,2
641,74.7071948051,85.962583065,2
642,74.7210190296,85.9779648781,2
643,74.7328100204,85.9849569798,2
644,74.7451360226,85.9978160858,2
645,74.756939888,86.0088939667,2
646,74.7691898346,86.0261390209,0
647,74.7818570137,86.0352590084,0
648,74.7955498695,86.0569019318,0
649,74.8075799942,86.0602109432,0
650,74.8198719025,86.0721490383,0
651,74.8314909935,86.0867788792,0
652,74.8431618214,86.0979349613,0
653,74.854888916,86.1093840599,0
654,74.8667488098,86.1190989017,0
655,74.8783578873,86.1309878826,0
656,74.8905959129,86.14417696,0
657,74.9034318924,86.1597950459,0
658,74.9184939861,86.1748180389,0
659,74.9316298962,86.187349081,0
660,74.9448280334,86.199160099,0
661,74.9573688507,86.2107338905,0
662,74.9705870152,86.2232689857,0
663,74.9823498726,86.2416079044,0
664,74.9948058128,86.2505190372,0
665,75.0068278313,86.2585740089,0
666,75.0192568302,86.2723898888,0
667,75.0312378407,86.2854728699,0
668,75.0451228619,86.2989459038,0
669,75.0576689243,86.3113400936,0
670,75.0698888302,86.3231229782,0
671,75.0817708969,86.334510088,0
672,75.0937569141,86.3457670212,0
673,75.1055219173,86.3584780693,0
674,75.1170349121,86.3734989166,0
675,75.1288599968,86.3809299469,0
676,75.1404969692,86.3964960575,0
677,75.1527099609,86.4054379463,0
678,75.165170908,86.4222590923,0
679,75.1774148941,86.4349820614,0
680,75.1895589828,86.4503340721,0
681,75.2055900097,86.464247942,0
682,75.2171189785,86.4691040516,0
683,75.2289018631,86.4890789986,0
684,75.2415709496,86.4951760769,0
685,75.25613904,86.5100979805,0
686,75.2680399418,86.5257189274,0
687,75.280452013,86.5335659981,0
688,75.2931900024,86.5468199253,0
689,75.305066824,86.5581710339,0
690,75.3169150352,86.5700058937,0
691,75.3302428722,86.5826749802,0
692,75.3420188427,86.5976209641,0
693,75.3572478294,86.6250219345,0
694,75.3689579964,86.6283330917,0
695,75.3849258423,86.6375119686,0
696,75.3970079422,86.6527309418,0
697,75.4127528667,86.6710438728,0
698,75.4257910252,86.6787629128,0
699,75.4385719299,86.6906299591,0
700,75.450676918,86.708466053,0
701,75.4655148983,86.728605032,0
702,75.4781448841,86.7314949036,0
703,75.492005825,86.7465319633,0
704,75.5043578148,86.7585270405,0
705,75.5162148476,86.7751250267,0
706,75.5324509144,86.7896039486,2
707,75.5452740192,86.7999539375,2
708,75.5583558083,86.8121070862,2
709,75.5704848766,86.8238999844,2
710,75.5844049454,86.8369870186,2
711,75.6003110409,86.8544249535,2
712,75.6124019623,86.8669559956,2
713,75.6249389648,86.8812179565,2
714,75.6371018887,86.8949420452,2
715,75.6493289471,86.9061090946,2
716,75.6618468761,86.9137580395,2
717,75.6736018658,86.9323198795,2
718,75.6898779869,86.9444429874,2
719,75.7025339603,86.9604849815,2
720,75.7147238255,86.9691109657,2
721,75.7279458046,86.9827950001,2
722,75.7408900261,86.9947879314,2
723,75.753264904,87.0113120079,2
724,75.7651548386,87.0212609768,2
725,75.7768168449,87.0298790932,2
726,75.7903118134,87.0428168774,2
727,75.8027558327,87.0589520931,2
728,75.8153378963,87.0680010319,2
729,75.8277640343,87.0820438862,2
730,75.8399779797,87.0930709839,2
731,75.8521459103,87.1051058769,2
732,75.8665590286,87.1203160286,2
733,75.8795189857,87.1329030991,2
734,75.8918838501,87.1481859684,2
735,75.9047489166,87.161397934,2
736,75.9179928303,87.170582056,2
737,75.9301528931,87.183729887,2
738,75.9427850246,87.1975688934,2
739,75.9554758072,87.2096199989,2
740,75.9678609371,87.2214260101,2
741,75.9809789658,87.2359790802,2
742,75.9939918518,87.2475509644,2
743,76.0066249371,87.2667899132,2
744,76.0186538696,87.2717559338,2
745,76.0310490131,87.2852649689,2
746,76.0428159237,87.2980558872,2
747,76.0555539131,87.3178939819,2
748,76.0685219765,87.3202290535,2
749,76.0803968906,87.3342759609,2
750,76.0923268795,87.3494279385,2
751,76.1041688919,87.3572919369,2
752,76.1161379814,87.3703699112,2
753,76.1291058064,87.3810129166,2
754,76.1412708759,87.3958079815,2
755,76.1541409492,87.4124670029,2
756,76.168763876,87.425360918,2
757,76.1805639267,87.4339830875,2
758,76.1927230358,87.4503309727,2
759,76.2054359913,87.4603180885,2
760,76.2169239521,87.4701809883,2
761,76.2288029194,87.4967150688,0
762,76.2414820194,87.497148037,0
763,76.2536888123,87.5069139004,0
764,76.2655649185,87.5186378956,0
765,76.2780368328,87.5314390659,0
766,76.2901809216,87.5441749096,0
767,76.3021848202,87.5555438995,0
768,76.3141818047,87.5663180351,0
769,76.3261628151,87.5788269043,0
770,76.3378100395,87.5929598808,0
771,76.350399971,87.6068370342,0
772,76.362749815,87.6157679558,0
773,76.375882864,87.6284360886,0
774,76.3876438141,87.6421759129,0
775,76.3994050026,87.6528439522,0
776,76.4125728607,87.6789751053,0
777,76.4243090153,87.6794259548,0
778,76.4362399578,87.6891200542,0
779,76.4486768246,87.7043890953,0
780,76.4614489079,87.7170550823,0
781,76.4733328819,87.7303519249,0
782,76.4851949215,87.7435419559,0
783,76.497205019,87.7520148754,0
784,76.5093798637,87.7637350559,0
785,76.5212600231,87.7747950554,0
786,76.535145998,87.7944540977,0
787,76.5475068092,87.8019340038,0
788,76.5593829155,87.8120529652,0
789,76.5756709576,87.8303940296,0
790,76.5888090134,87.8449680805,0
791,76.6019639969,87.8544459343,0
792,76.6157410145,87.8704760075,0
793,76.6281168461,87.8829519749,0
794,76.6396458149,87.892441988,0
795,76.6538188457,87.9129610062,0
796,76.6672818661,87.9246630669,0
797,76.6800949574,87.9354410172,0
798,76.6926589012,87.9468359947,0
799,76.70490098,87.9581270218,0
800,76.716575861,87.9702579975,0
801,76.7300198078,87.9845490456,0
802,76.742027998,87.9951810837,0
803,76.754308939,88.0159249306,0
804,76.766299963,88.0235888958,0
805,76.7818939686,88.0375549793,0
806,76.7935090065,88.0465350151,0
807,76.8063600063,88.0592548847,0
808,76.8181908131,88.0841341019,0
809,76.8297150135,88.0856840611,0
810,76.841383934,88.0952119827,0
811,76.8528749943,88.1065940857,0
812,76.8652429581,88.1179859638,0
813,76.8772888184,88.1341409683,0
814,76.8903889656,88.1433489323,0
815,76.9020769596,88.1561219692,0
816,76.915060997,88.172606945,0
817,76.9275569916,88.1805639267,0
818,76.9393868446,88.1944029331,0
819,76.9512069225,88.2050039768,0
820,76.9629929066,88.2155869007,0
821,76.9753248692,88.4035420418,2
822,76.9872720242,88.4044120312,2
823,76.9991090298,88.4051480293,2
824,77.0110478401,88.4058759212,2
825,77.0227949619,88.4065980911,2
826,77.0346488953,88.4072918892,2
827,77.0467369556,88.4080069065,2
828,77.0586109161,88.4087080956,2
829,77.0735888481,88.4094278812,2
830,77.0859808922,88.4101779461,2
831,77.0982429981,88.4108629227,2
832,77.1101548672,88.4115860462,2
833,77.1226198673,88.4123048782,2
834,77.1346769333,88.4130439758,2
835,77.1500198841,88.422440052,2
836,77.1622509956,88.4233820438,2
837,77.1741719246,88.4309608936,2
838,77.1858320236,88.4478390217,2
839,77.2015519142,88.4552760124,2
840,77.2161369324,88.4711339474,2
841,77.2282178402,88.4801640511,2
842,77.2404239178,88.4991190434,2
843,77.2531979084,88.5070860386,2
844,77.2650249004,88.5204908848,2
845,77.2765889168,88.529886961,2
846,77.2890529633,88.5460889339,2
847,77.3013248444,88.5545179844,2
848,77.3138709068,88.5708749294,2
849,77.3261258602,88.5799078941,2
850,77.3379678726,88.590419054,2
851,77.3501608372,88.6097669601,2
852,77.362790823,88.6181988716,2
853,77.3744750023,88.6297719479,2
854,77.3879518509,88.6440749168,2
855,77.3999729156,88.6570179462,2
856,77.4119729996,88.6672260761,2
857,77.4237639904,88.6819739342,2
858,77.4374170303,88.6909589767,2
859,77.4493498802,88.7044670582,2
860,77.4639689922,88.7198441029,2
861,77.4784989357,88.7323400974,2
862,77.4904689789,88.7431149483,2
863,77.5039730072,88.7619030476,2
864,77.5156879425,88.7677140236,2
865,77.5277278423,88.7800600529,2
866,77.5393569469,88.7964699268,2
867,77.5527479649,88.8085420132,2
868,77.5656619072,88.8208739758,2
869,77.5776898861,88.8301780224,2
870,77.5903789997,88.8478929996,2
871,77.6050820351,88.8583340645,2
872,77.6185410023,88.8720350266,2
873,77.6307258606,88.8847210407,2
874,77.6423168182,88.8954000473,2
875,77.6564598083,88.9165129662,2
876,77.6684889793,88.9222760201,2
877,77.6819019318,88.9367740154,2
878,77.6944019794,88.9489140511,2
879,77.7061269283,88.9598920345,2
880,77.7181010246,88.9715280533,2
881,77.730440855,88.9834070206,0
882,77.7433969975,88.9964740276,0
883,77.7551748753,89.0136020184,0
884,77.7684268951,89.0217719078,0
885,77.7808308601,89.0346069336,0
886,77.7934679985,89.0465209484,0
887,77.806183815,89.0584828854,0
888,77.8179960251,89.0717430115,0
889,77.8298158646,89.0846700668,0
890,77.842058897,89.095690012,0
891,77.8540990353,89.1065990925,0
892,77.8680298328,89.1208770275,0
893,77.8797838688,89.1327490807,0
894,77.891546011,89.1457118988,0
895,77.9040679932,89.1605639458,0
896,77.916000843,89.1743040085,0
897,77.928786993,89.1807160378,0
898,77.9404740334,89.1946680546,0
899,77.9534778595,89.2065739632,0
900,77.9656779766,89.2218840122,0
901,77.9775898457,89.2314860821,0
902,77.9894039631,89.2442638874,0
903,78.0012278557,89.2551019192,0
904,78.0131039619,89.2650640011,0
905,78.0249519348,89.2824709415,0
906,78.036990881,89.288752079,0
907,78.0487158298,89.3025989532,0
908,78.0608069897,89.3196680546,0
909,78.0743329525,89.3276529312,0
910,78.0862708092,89.3386130333,0
911,78.0979988575,89.3591749668,0
912,78.1108989716,89.3723430634,0
913,78.1252069473,89.3821048737,0
914,78.136838913,89.405518055,0
915,78.1486518383,89.4063549042,0
916,78.1627089977,89.4186229706,0
917,78.1745798588,89.4327740669,0
918,78.1866989136,89.4498651028,0
919,78.1984529495,89.4592900276,0
920,78.210739851,89.4628369808,0
921,78.2228529453,89.4763579369,0
922,78.2347199917,89.492454052,0
923,78.2465538979,89.5019550323,0
924,78.2589609623,89.5131690502,0
925,78.2713079453,89.5249650478,0
926,78.2831678391,89.537471056,0
927,78.2958889008,89.5530700684,0
928,78.3080029488,89.5632739067,0
929,78.3197689056,89.5732460022,0
930,78.3343098164,89.587225914,0
931,78.3485548496,89.6004190445,0
932,78.3608028889,89.6125650406,0
933,78.3731069565,89.6285049915,0
934,78.3849990368,89.637816906,2
935,78.3968858719,89.6498000622,2
936,78.4090909958,89.6621789932,2
937,78.4221429825,89.6754169464,2
938,78.4344129562,89.6906590462,2
939,78.4464669228,89.7003440857,2
940,78.4587488174,89.7112729549,2
941,78.4710960388,89.7246079445,2
942,78.4842059612,89.7373399734,2
943,78.4966089725,89.7527019978,2
944,78.5088789463,89.7708480358,2
945,78.5211880207,89.7742450237,2
946,78.5331218243,89.7867560387,2
947,78.5448508263,89.7992169857,2
948,78.5567588806,89.8117170334,2
949,78.5684719086,89.8243350983,2
950,78.5839538574,89.8370530605,2
951,78.5956308842,89.8478889465,2
952,78.6086699963,89.8622128963,2
953,78.6204879284,89.874548912,2
954,78.6326889992,89.8906440735,2
955,78.6473050117,89.8995878696,2
956,78.6595699787,89.9125518799,2
957,78.6723618507,89.9264369011,2
958,78.6845619678,89.9401788712,2
959,78.6962380409,89.9512028694,2
960,78.7081208229,89.9599850178,2
961,78.720033884,89.9747149944,2
962,78.7317860126,89.985172987,2
963,78.7439529896,89.9964089394,2
964,78.7561888695,90.0100178719,2
965,78.7680988312,90.0200190544,2
966,78.7820329666,90.0346279144,2
967,78.7938089371,90.0466768742,2
968,78.8061308861,90.0591759682,2
969,78.8181200027,90.0741500854,2
970,78.8317539692,90.0855960846,2
971,78.8440840244,90.0975868702,2
972,78.8575048447,90.1104249954,2
973,78.8710389137,90.1256780624,2
974,78.883275032,90.1434528828,2
975,78.8954918385,90.1506080627,2
976,78.908205986,90.1629939079,2
977,78.921530962,90.1772389412,2
978,78.9342119694,90.1865968704,2
979,78.9467368126,90.1990349293,2
980,78.9585368633,90.2120718956,2
981,78.9759759903,90.2345039845,2
982,78.9876840115,90.2458779812,2
983,79.0027558804,90.2567439079,2
984,79.0162479877,90.2716319561,2
985,79.0281870365,90.2806959152,2
986,79.0399758816,90.2920029163,2
987,79.0526099205,90.3060779572,2
988,79.0649929047,90.3220000267,2
989,79.076777935,90.3294219971,2
990,79.0887730122,90.3416779041,0
991,79.100620985,90.3553850651,0
992,79.112377882,90.3650429249,0
993,79.1246378422,90.3790979385,0
994,79.1369538307,90.3933460712,0
995,79.1494779587,90.4054749012,0
996,79.1618888378,90.414274931,0
997,79.1739358902,90.4289469719,0
998,79.1905260086,90.4453840256,0
999,79.2023940086,90.4558730125,0
1000,79.2157278061,90.4767329693,0
1001,79.2298660278,90.4828469753,0
1002,79.2417929173,90.4957630634,0
1003,79.2552008629,90.5090939999,0
1004,79.2672138214,90.5199170113,0
1005,79.2788798809,90.540019989,0
1006,79.2970159054,90.5548799038,0
1007,79.3086278439,90.5648550987,0
1008,79.3204908371,90.5720469952,0
1009,79.3324418068,90.5887711048,0
1010,79.3440859318,90.5964729786,0
1011,79.3558049202,90.6093409061,0
1012,79.367538929,90.6223409176,0
1013,79.3793008327,90.6374349594,0
1014,79.3976399899,90.6499629021,0
1015,79.4107949734,90.6645488739,0
1016,79.4239828587,90.6776380539,0
1017,79.4354839325,90.6891949177,0
1018,79.4480018616,90.7023079395,0
1019,79.4597899914,90.7136640549,0
1020,79.4728558064,90.7258110046,0
1021,79.4845688343,90.7403268814,0
1022,79.4961588383,90.7478880882,0
1023,79.5083489418,90.7600309849,0
1024,79.5201590061,90.774214983,0
1025,79.5354909897,90.7904520035,0
1026,79.5472798347,90.8010919094,0
1027,79.5601089001,90.8140521049,0
1028,79.5724699497,90.8244819641,0
1029,79.5843539238,90.8392150402,0
1030,79.596077919,90.8497018814,0
1031,79.6097998619,90.8652150631,0
1032,79.6225879192,90.8748180866,0
1033,79.6352980137,90.892729044,0
1034,79.6469390392,90.9078149796,0
1035,79.6602640152,90.9160039425,0
1036,79.6738638878,90.9274470806,0
1037,79.6870319843,90.9414620399,0
1038,79.6987190247,90.9531970024,0
1039,79.7113540173,90.965159893,0
1040,79.7261748314,90.9827079773,0
1041,79.7391498089,90.9974269867,0
1042,79.7511558533,91.0041959286,0
1043,79.765157938,91.0208199024,0
1044,79.7783408165,91.0337100029,0
1045,79.7906749249,91.0478589535,0
1046,79.8030028343,91.0574688911,0
1047,101.823329926,113.076220989,3
1048,101.835855961,113.090620041,3
1049,101.84845686,113.101464033,3
1050,101.861645937,113.115217924,3
1051,101.87419486,113.127301931,3
1052,101.886003017,113.139095068,3
1053,101.897943974,113.151942015,3
1054,101.909466982,113.161413908,3
1055,101.922663927,113.177956104,3
1056,101.935057878,113.188668966,3
1057,101.947389841,113.201461077,3
1058,101.959609985,113.213877916,3
1059,101.972278833,113.225023985,3
1060,101.984555006,113.242810965,3
1061,101.996439934,113.249177933,3
1062,102.008966923,113.262120962,3
1063,102.021543026,113.2783041,3
1064,102.033351898,113.287659883,3
1065,102.045521975,113.298629999,3
1066,102.057302952,113.311589003,3
1067,102.069087029,113.321799994,3
1068,102.080926895,113.334033012,3
1069,102.092692852,113.345057011,3
1070,102.10450983,113.357630968,3
1071,102.116720915,113.374979019,3
1072,102.128522873,113.382394075,3
1073,102.140424013,113.392656088,3
1074,102.152479887,113.404594898,3
1075,102.164829016,113.423300028,3
1076,102.176930904,113.42996192,3
1077,102.188997984,113.441382885,3
1078,102.200932026,113.455929041,3
1079,102.21310091,113.467343092,3
1080,102.224994898,113.478437901,3
1081,102.236807823,113.48891592,3
1082,102.248641014,113.501484871,3
1083,102.261253834,113.517884016,3
1084,102.273237944,113.531600952,3
1085,102.285180807,113.53824687,3
1086,102.297202826,113.550457001,3
1087,102.309042931,113.562014103,3
1088,102.320914984,113.574966908,3
1089,102.333031893,113.58540988,3
1090,102.344929934,113.598830938,3
1091,102.356917858,113.609874964,3
1092,102.369266033,113.622735977,3
1093,102.380884886,113.634471893,3
1094,102.398425817,113.651131868,3
1095,102.413664818,113.666588068,3
1096,102.425678968,113.683710098,3
1097,102.441841841,113.694346905,3
1098,102.454087973,113.712492943,3
1099,102.468647003,113.721849918,3
1100,102.482065916,113.735178947,3
1101,102.494766951,113.747019053,3
1102,102.506870031,113.761331081,3
1103,102.519122839,113.772204876,3
1104,102.531246901,113.783807039,3
1105,102.543781996,113.796480894,3
1106,102.556012869,113.810834885,1
1107,102.568512917,113.822736025,1
1108,102.58075285,113.835969925,1
1109,102.592666864,113.844830036,1
1110,102.604530811,113.857048988,1
1111,102.617547989,113.874356031,1
1112,102.631698847,113.888695002,1
1113,102.645725012,113.898281097,1
1114,102.657709837,113.910167933,1
1115,102.669476986,113.922406912,1
1116,102.681385994,113.94225502,1
1117,102.693333864,113.94647789,1
1118,102.705122948,113.958118916,1
1119,102.717336893,113.970231056,1
1120,102.729604959,113.984196901,1
1121,102.741807938,113.996835947,1
1122,102.753868818,114.006208897,1
1123,102.765692949,114.020654917,1
1124,102.777346849,114.035618067,1
1125,102.79349494,114.051681995,1
1126,102.811117887,114.064425945,1
1127,102.823184013,114.081425905,1
1128,102.840601921,114.099344015,1
1129,102.858773947,114.112840891,1
1130,102.871353865,114.127381086,1
1131,102.884001017,114.14386797,1
1132,102.899442911,114.154476881,1
1133,102.913409948,114.166200876,1
1134,102.925447941,114.184824944,1
1135,102.937054873,114.190629005,1
1136,102.949390888,114.204736948,1
1137,102.961673975,114.215739012,1
1138,102.975735903,114.233506918,1
1139,102.98822093,114.246223927,1
1140,103.001044989,114.254767895,1
1141,103.012926817,114.268419981,1
1142,103.026526928,114.28096509,1
1143,103.03855896,114.29507494,1
1144,103.050695896,114.304536104,1
1145,103.062935829,114.315634966,1
1146,103.075227022,114.337519884,1
1147,103.08789587,114.343650103,1
1148,103.099712849,114.355232,1
1149,103.113129854,114.365797043,1
1150,103.125224829,114.383632898,1
1151,103.137012005,114.392093897,1
1152,103.148593903,114.402127981,1
1153,103.160944939,114.413312912,1
1154,103.173213005,114.426470041,1
1155,103.186806917,114.438781023,1
1156,103.200182915,114.452853918,1
1157,103.21191597,114.469088078,1
1158,103.223791838,114.477299929,1
1159,103.23565197,114.489249945,1
1160,103.247581959,114.500467062,1
1161,103.260187864,114.523842096,1
1162,103.272531033,114.52670002,3
1163,103.284390926,114.536480904,3
1164,103.295889854,114.552175999,3
1165,103.308866978,114.561950922,3
1166,103.320943832,114.573478937,3
1167,103.332913876,114.588140011,3
1168,103.344576836,114.598464966,3
1169,103.357702971,114.611325979,3
1170,103.369611025,114.623588085,3
1171,103.382542849,114.634486914,3
1172,103.394342899,114.649592876,3
1173,103.406345844,114.661083937,3
1174,103.418519974,114.679801941,3
1175,103.432276011,114.686192036,3
1176,103.444633007,114.702245951,3
1177,103.457304955,114.714720011,3
1178,103.468992949,114.725189924,3
1179,103.486057997,114.738408089,3
1180,103.497797012,114.750504017,3
1181,103.511440039,114.773568869,3
1182,103.525950909,114.780883074,3
1183,103.53918004,114.791187048,3
1184,103.550833941,114.808656931,3
1185,103.564157009,114.823736906,3
1186,103.575845003,114.829617023,3
1187,103.588480949,114.840871096,3
1188,103.603543997,114.856995106,3
1189,103.615538836,114.86907506,3
1190,103.627733946,114.882683992,3
1191,103.639573812,114.895508051,3
1192,103.653021812,114.905689955,3
1193,103.664891958,114.916712046,3
1194,103.676971912,114.931338072,3
1195,103.688990831,114.942669868,3
1196,103.702809811,114.95866394,3
1197,103.714790821,114.967094898,3
1198,103.730652809,114.982512951,3
1199,103.742815018,114.998472929,3
1200,103.754734039,115.010871887,3
1201,103.766516924,115.023375034,3
1202,103.783668995,115.036760092,3
1203,103.795514822,115.054078102,3
1204,103.807786942,115.061754942,3
1205,103.82255888,115.074743986,3
1206,103.834179878,115.086385965,3
1207,103.847447872,115.100992918,3
1208,103.861485958,115.115889072,3
1209,103.875262022,115.127634048,3
1210,103.88872695,115.148844004,3
1211,103.903048038,115.162591934,3
1212,103.916034937,115.169050932,3
1213,103.927834034,115.187830925,3
1214,103.939463854,115.192939997,1
1215,103.952926874,115.209821939,1
1216,103.966161013,115.218044996,1
1217,103.979355812,115.238975048,1
1218,103.991122007,115.248272896,1
1219,104.002707958,115.256157875,1
1220,104.014381886,115.274009943,1
1221,104.026531935,115.279437065,1
1222,104.039477825,115.296680927,1
1223,104.051373005,115.304424047,1
1224,104.063314915,115.315828085,1
1225,104.076687813,115.332316875,1
1226,104.089143038,115.342508078,1
1227,104.101009846,115.356380939,1
1228,104.112668991,115.365484953,1
1229,104.124403954,115.379384995,1
1230,104.136371851,115.392985106,1
1231,104.149085999,115.402056932,1
1232,104.161037922,115.413778067,1
1233,104.174270868,115.42652297,1
1234,104.187317848,115.44334197,1
1235,104.200024843,115.45478797,1
1236,104.211917877,115.464880943,1
1237,104.224983931,115.484416962,1
1238,104.238356829,115.703438997,1
1239,104.254024982,115.704291105,1
1240,104.266048908,115.705079079,1
1241,104.278167009,115.706430912,1
1242,104.292587042,115.707128048,1
1243,104.304329872,115.707837105,1
1244,104.316548824,115.710401058,1
1245,104.331262827,115.711127043,1
1246,104.346009016,115.711822987,1
1247,104.358887911,115.712642908,1
1248,104.372046947,115.722577095,1
1249,104.384410858,115.723424911,1
1250,104.396265984,115.724600077,1
1251,104.408524036,115.726029873,1
1252,104.420392036,115.726765871,1
1253,104.432934999,115.728413105,1
1254,104.445119858,115.730705023,1
1255,104.457214832,115.73614192,1
1256,104.473424911,115.738741875,1
1257,104.486047029,115.742918015,1
1258,104.497776031,115.751363993,1
1259,104.509511948,115.764906883,1
1260,104.521466017,115.775499105,1
1261,104.533510923,115.788112879,1
1262,104.545209885,115.799742937,1
1263,104.557266951,115.81102109,1
1264,104.569051027,115.82789588,1
1265,104.580904961,115.834727049,1
1266,104.592736959,115.847775936,1
1267,104.604805946,115.859797001,1
1268,104.616606951,115.871388912,3
1269,104.63004303,115.88569808,3
1270,104.641783953,115.895587921,3
1271,104.653771877,115.907808065,3
1272,104.668452024,115.921432018,3
1273,104.680199862,115.934490919,3
1274,104.693360806,115.952935934,3
1275,104.706377029,115.961078882,3
1276,104.720733881,115.98349309,3
1277,104.734078884,115.997477055,3
1278,104.745602846,115.997864962,3
1279,104.757752895,116.016472101,3
1280,104.770084858,116.022818089,3
1281,104.784381866,116.03677392,3
1282,104.797868013,116.05082202,3
1283,104.809767962,116.061803102,3
1284,104.82227993,116.082431078,3
1285,104.836396933,116.090862036,3
1286,104.848395824,116.103574991,3
1287,104.862579823,116.117140055,3
1288,104.875213861,116.1283741,3
1289,104.887130976,116.143764019,3
1290,104.899616957,116.15250206,3
1291,104.911244869,116.16613102,3
1292,104.923115969,116.17680788,3
1293,104.93611002,116.189256907,3
1294,104.947918892,116.202970028,3
1295,104.961460829,116.21824193,3
1296,104.973587036,116.226857901,3
1297,104.985628843,116.244071007,3
1298,104.998282909,116.25087595,3
1299,105.014070988,116.270133972,3
1300,105.026352882,116.284940004,3
1301,105.039069891,116.293606997,3
1302,105.051651955,116.304111958,3
1303,105.064319849,116.318706036,3
1304,105.076947927,116.333775997,3
1305,105.089449883,116.343493938,3
1306,105.103660822,116.358293056,3
1307,105.115697861,116.368046045,3
1308,105.127753019,116.38478899,3
1309,105.140100002,116.395684958,3
1310,105.151998997,116.404716015,3
1311,105.165472984,116.417932034,3
1312,105.178166866,116.433432102,3
1313,105.193130016,116.449063063,3
1314,105.208753824,116.467954874,3
1315,105.220636845,116.476821899,3
1316,105.232331038,116.487776995,3
1317,105.245038986,116.498362064,3
1318,105.256999969,116.508727074,3
1319,105.271276951,116.530806065,3
1320,105.285145998,116.538469076,3
1321,105.297032833,116.550760031,3
1322,105.308758974,116.563102007,3
1323,105.320573807,116.583626986,3
1324,105.33233285,116.597744942,3
1325,105.34896493,116.603151083,3
1326,105.361390829,116.617568016,3
1327,105.37618494,116.631826878,3
1328,105.38984704,116.651602983,1
1329,105.40179801,116.6554811,1
1330,105.413858891,116.666604996,1
1331,105.425679922,116.679162025,1
1332,105.437639952,116.694767952,1
1333,105.449774027,116.704432011,1
1334,105.462174892,116.717771053,1
1335,105.474782944,116.73644495,1
1336,105.487195969,116.744999886,1
1337,105.499429941,116.755297899,1
1338,105.511528969,116.766944885,1
1339,105.523655891,116.777024984,1
1340,105.535359859,116.788562059,1
1341,105.547259808,116.801367998,1
1342,105.562150955,116.817688942,1
1343,105.575304031,116.831031084,1
1344,105.587359905,116.839852095,1
1345,105.599208832,116.852155924,1
1346,105.611243963,116.868953943,1
1347,105.623368979,116.878875017,1
1348,105.635291815,116.892957926,1
1349,105.64731288,116.903131008,1
1350,105.659138918,116.911913872,1
1351,105.670887947,116.92376399,1
1352,105.682675838,116.936654091,1
1353,105.694640875,116.947943926,1
1354,105.707268,116.962738037,1
1355,105.71980691,116.973572016,1
1356,105.733825922,116.989952087,1
1357,105.745664835,117.003633976,1
1358,105.758057833,117.010662079,1
1359,105.770722866,117.02637291,1
1360,105.782635927,117.040462971,1
1361,105.794461966,117.053555965,1
1362,105.808295965,117.064102888,1
1363,105.820149899,117.074841022,1
1364,105.83246398,117.089323997,1
1365,105.844259977,117.097784042,1
1366,105.855957985,117.118793011,1
1367,105.868683815,117.128298044,1
1368,105.88030982,117.132304907,1
1369,105.895153999,117.148999929,1
1370,105.908125877,117.163418055,1
1371,105.920470953,117.17306304,1
1372,105.935606956,117.193876028,1
1373,105.950017929,117.205404043,1
1374,105.961721897,117.225167036,1
1375,105.973992825,117.230072975,1
1376,105.985795975,117.238144875,1
1377,106.001396894,117.255095959,1
1378,106.015722036,117.268851995,1
1379,106.030565977,117.288145065,1
1380,106.04202795,117.293612957,1
1381,106.054698944,117.308836937,1
1382,106.066656828,117.320940018,1
1383,106.078907013,117.351481915,1
1384,106.090750933,117.354835033,1
1385,106.103451967,117.356631041,1
1386,128.121631861,139.37560606,2
1387,128.134088039,139.387096882,2
1388,128.145777941,139.3998909,2
1389,128.157461882,139.413420916,2
1390,128.169612885,139.422842979,2
1391,128.182356834,139.436376095,2
1392,128.195709944,139.452940941,2
1393,128.208874941,139.463114977,2
1394,128.222463846,139.47527194,2
1395,128.234747887,139.487719059,2
1396,128.24710083,139.507178068,2
1397,128.259449959,139.514479876,2
1398,128.271426916,139.525120974,2
1399,128.283282995,139.537920952,2
1400,128.295096874,139.547693014,2
1401,128.307139874,139.560970068,2
1402,128.319361925,139.57771492,2
1403,128.336339951,139.58969593,2
1404,128.350032806,139.603498936,2
1405,128.361732006,139.615664005,2
1406,128.374311924,139.626369953,2
1407,128.387638807,139.641135931,2
1408,128.399356842,139.651556969,2
1409,128.411388874,139.667270899,2
1410,128.423446894,139.676325083,2
1411,128.43676281,139.688941956,2
1412,128.450321913,139.703237057,2
1413,128.462433815,139.715681076,2
1414,128.475419998,139.727765083,2
1415,128.487416983,139.73958087,2
1416,128.500819921,139.753067017,2
1417,128.513442039,139.765769958,2
1418,128.525393963,139.777714014,2
1419,128.537304878,139.790035963,2
1420,128.548947811,139.801583052,2
1421,128.560659885,139.813137054,2
1422,128.572854042,139.825478077,2
1423,128.584964037,139.842087984,2
1424,128.597626925,139.852147102,2
1425,128.609998941,139.864916086,2
1426,128.621922016,139.877310991,2
1427,128.633842945,139.886655092,2
1428,128.649184942,139.902114868,2
1429,128.664520979,139.91862607,2
1430,128.676254988,139.928361893,2
1431,128.687798977,139.941325903,2
1432,128.699342966,139.954236984,2
1433,128.711623907,139.965177059,2
1434,128.726873875,139.97970891,2
1435,128.738727808,139.991889,2
1436,128.750321865,140.004260063,2
1437,128.762089968,140.017289877,2
1438,128.774075985,140.026366949,0
1439,128.78576088,140.039047003,0
1440,128.798753023,140.056957006,0
1441,128.810968876,140.064737082,0
1442,128.824694872,140.076937914,0
1443,128.836282969,140.09188509,0
1444,128.848698854,140.103168011,0
1445,128.861308813,140.11834693,0
1446,128.878353834,140.131737947,0
1447,128.890040874,140.143135071,0
1448,128.901708841,140.159538984,0
1449,128.913394928,140.168291092,0
1450,128.925521851,140.187975883,0
1451,128.937188864,140.18998909,0
1452,128.948796988,140.201734066,0
1453,128.961074829,140.217463017,0
1454,128.972844839,140.225794077,0
1455,128.986320972,140.240518093,0
1456,128.998518944,140.253117085,0
1457,129.011612892,140.26583004,0
1458,129.024710894,140.278506994,0
1459,129.036638021,140.289376974,0
1460,129.048698902,140.301409006,0
1461,129.060492992,140.314519882,0
1462,129.072327852,140.325310946,0
1463,129.084079027,140.336728096,0
1464,129.098131895,140.35088706,0
1465,129.109750032,140.362622023,0
1466,129.121773958,140.37585187,0
1467,129.134375811,140.387937069,0
1468,129.147266865,140.404438972,0
1469,129.159895897,140.415915012,0
1470,129.17275095,140.426502943,0
1471,129.18572998,140.440500975,0
1472,129.197644949,140.456207037,0
1473,129.210156918,140.470696926,0
1474,129.223126888,140.476996899,0
1475,129.235148907,140.486984968,0
1476,129.247220993,140.508933067,0
1477,129.259769917,140.513388872,0
1478,129.272600889,140.525611877,0
1479,129.285529852,140.54500103,0
1480,129.298090935,140.551086903,0
1481,129.310878992,140.565577984,0
1482,129.325575829,140.577970028,0
1483,129.338460922,140.592027903,0
1484,129.35192585,140.605693102,0
1485,129.364063978,140.615818024,0
1486,129.377672911,140.634919882,0
1487,129.389540911,140.64505887,0
1488,129.402052879,140.656702995,0
1489,129.415463924,140.670309067,0
1490,129.427240849,140.683610916,0
1491,129.439772844,140.693536043,0
1492,129.453225851,140.706028938,0
1493,129.465113878,140.724047899,0
1494,129.481771946,140.734543085,0
1495,129.493535995,140.759680986,0
1496,151.523247957,162.77651906,3
1497,151.535148859,162.788032055,3
1498,151.547082901,162.800038099,3
1499,151.559409857,162.815903902,3
1500,151.576875925,162.829236984,3
1501,151.588809013,162.843659878,3
1502,151.600932837,162.855355024,3
1503,151.613615036,162.867166996,3
1504,151.625432968,162.883290052,3
1505,151.637951851,162.891957045,3
1506,151.650333881,162.90267992,3
1507,151.662324905,162.915164948,3
1508,151.675235033,162.92839694,3
1509,151.687764883,162.943011045,3
1510,151.699553013,162.951828003,3
1511,151.711270809,162.963346958,3
1512,151.723657846,162.976331949,3
1513,151.735450983,162.99080801,3
1514,151.747506857,162.999803066,3
1515,151.759536982,163.015259981,3
1516,151.771477938,163.023920059,3
1517,151.783280849,163.037184,3
1518,151.795132875,163.048934937,3
1519,151.807070971,163.061557055,3
1520,151.818900824,163.072916031,3
1521,151.831020832,163.085403919,3
1522,151.84316802,163.096060991,3
1523,151.855806828,163.112376928,3
1524,151.86845088,163.125982046,3
1525,151.883632898,163.136790037,3
1526,151.902710915,163.156040907,3
1527,151.928887844,163.181444883,3
1528,151.945334911,163.197973013,3
1529,151.961697817,163.217021942,3
1530,151.97390604,163.226186037,3
1531,151.986799002,163.239923,3
1532,151.998418808,163.251765013,3
1533,152.010102987,163.262006044,3
1534,152.023934841,163.276437998,3
1535,152.04626298,163.298337936,3
1536,152.066475868,163.320935965,3
1537,152.086259842,163.340724945,3
1538,152.106153965,163.358669043,3
1539,152.118124008,163.370081902,3
1540,152.129693985,163.385467052,3
1541,152.141499996,163.395050049,3
1542,152.153995991,163.407085896,3
1543,152.165606022,163.418431044,3
1544,152.177738905,163.433039904,3
1545,152.189883947,163.443815947,3
1546,152.201704979,163.454740047,3
1547,152.213434935,163.466538906,3
1548,152.224941015,163.477900028,3
1549,152.23800683,163.492377996,3
1550,152.249878883,163.503849983,3
1551,152.263607979,163.517342091,3
1552,152.27559185,163.52821207,1
1553,152.287326813,163.539906979,1
1554,152.299060822,163.556643963,1
1555,152.312212944,163.564791918,1
1556,152.324535847,163.576958895,1
1557,152.33692503,163.589724064,1
1558,152.348590851,163.601888895,1
1559,152.361660957,163.616034985,1
1560,152.374078989,163.629821062,1
1561,152.386992931,163.639580965,1
1562,152.399255037,163.652261972,1
1563,152.411703825,163.664218903,1
1564,152.424075842,163.677965879,1
1565,152.436183929,163.69178009,1
1566,152.448065996,163.702511072,1
1567,152.459633827,163.711771011,1
1568,152.473733902,163.727333069,1
1569,152.485792875,163.739832878,1
1570,152.498658895,163.751410961,1
1571,152.511339903,163.764987946,1
1572,152.523207903,163.778510094,1
1573,152.535652876,163.789872885,1
1574,152.547541857,163.799877882,1
1575,152.560245991,163.817790031,1
1576,152.573935032,163.82810688,1
1577,152.585964918,163.846540928,1
1578,152.599465847,163.852788925,1
1579,152.612545967,163.865936995,1
1580,152.62447691,163.882699966,1
1581,152.636622906,163.890587091,1
1582,152.648676872,163.901884079,1
1583,152.660648823,163.914439917,1
1584,152.673019886,163.932017088,1
1585,152.686482906,163.939409971,1
1586,152.698139906,163.953018904,1
1587,152.711374998,163.965805054,1
1588,152.723906994,163.976204872,1
1589,152.735632896,163.992551088,1
1590,152.747538805,164.000516891,1
1591,152.760381937,164.017961025,1
1592,152.772379875,164.025446892,1
1593,152.78461194,164.037605047,1
1594,152.796893835,164.0510149,1
1595,152.809142828,164.062855959,1
1596,152.827458858,164.08375597,1
1597,152.83910203,164.092602968,1
1598,152.850590944,164.102605104,1
1599,152.862390995,164.115215063,1
1600,152.873967886,164.126950979,1
1601,152.886114836,164.145714045,1
1602,152.898409843,164.152740002,3
1603,152.910527945,164.167808056,3
1604,152.922344923,164.175298929,3
1605,152.935446024,164.188603878,3
1606,152.951902866,164.203734875,3
1607,152.964406967,164.21953702,3
1608,152.976020813,164.23238492,3
1609,152.992208958,164.251363993,3
1610,153.005154848,164.2607131,3
1611,153.017506838,164.270278931,3
1612,153.029155016,164.286678076,3
1613,153.040755033,164.296232939,3
1614,153.053233862,164.308919907,3
1615,153.065189838,164.318132877,3
1616,153.077126026,164.339600086,3
1617,153.09362483,164.346462965,3
1618,153.105506897,164.358798027,3
1619,153.117789984,164.370124102,3
1620,153.129346848,164.381639957,3
1621,153.142313957,164.397305012,3
1622,153.15552187,164.409712076,3
1623,153.168498039,164.421222925,3
1624,153.180711985,164.434154034,3
1625,153.193255901,164.448157072,3
1626,153.204977989,164.457019091,3
1627,153.217952967,164.474704981,3
1628,153.229662895,164.483618021,3
1629,153.243476868,164.498131037,3
1630,153.255317926,164.51265192,3
1631,153.268108845,164.530526876,3
1632,153.280082941,164.533051014,3
1633,153.293733835,164.546329975,3
1634,153.306926966,164.56415391,3
1635,153.319536924,164.573544979,3
1636,153.332723856,164.589133024,3
1637,153.345194817,164.601783991,3
1638,153.356935024,164.613673925,3
1639,153.375077009,164.629652977,3
1640,153.38695097,164.641531944,3
1641,153.398854971,164.65199995,3
1642,153.410534859,164.663441896,3
1643,153.424041033,164.680700064,3
1644,153.436458826,164.695008039,3
1645,153.45033884,164.702548027,3
1646,153.461956024,164.714783907,3
1647,153.474722862,164.728298903,3
1648,153.488215923,164.742651939,3
1649,153.499914885,164.753098965,3
1650,153.513132811,164.769365072,3
1651,153.524626017,164.780461073,3
1652,153.537458897,164.790210009,1
1653,153.550130844,164.81039691,1
1654,153.563535929,164.81781888,1
1655,153.575984001,164.827692986,1
1656,153.588099003,164.848249912,1
1657,153.601066828,164.853592873,1
1658,153.61301589,164.865757942,1
1659,153.624852896,164.880179882,1
1660,153.636557817,164.891618967,1
1661,153.648262024,164.900727987,1
1662,153.66109395,164.913465023,1
1663,153.674038887,164.932971954,1
1664,153.686183929,164.939083099,1
1665,153.697940826,164.951562881,1
1666,153.710265875,164.962802887,1
1667,153.721801996,164.974374056,1
1668,153.734216928,164.991237879,1
1669,153.746374846,165.001307011,1
1670,153.758605957,165.015652895,1
1671,153.772142887,165.025919914,1
1672,153.786254883,165.040704966,1
1673,153.798398018,165.052754879,1
1674,153.810214996,165.07042408,1
1675,153.822537899,165.074570894,1
1676,153.834806919,165.09168601,1
1677,153.847707033,165.100888014,1
1678,153.862495899,165.116044998,1
1679,153.874895811,165.126929998,1
1680,153.88744092,165.152694941,1
1681,153.900154829,165.156249046,1
1682,153.91463685,165.169219017,1
1683,153.930301905,165.183804035,1
1684,153.942095995,165.200947046,1
1685,153.954483032,165.206829071,1
1686,153.970116854,165.22540307,1
1687,153.982884884,165.235877991,1
1688,153.995150805,165.253098965,1
1689,154.007023811,165.259289026,1
1690,154.02083993,165.276539087,1
1691,154.032721996,165.285857916,1
1692,154.044348955,165.298779011,1
1693,154.057392836,165.311176062,1
1694,154.069424868,165.324272871,1
1695,154.081488848,165.341460943,1
1696,154.098709822,165.351345062,1
1697,154.110646963,165.363197088,1
1698,154.122393847,165.374720097,1
1699,154.134142876,165.387407064,1
1700,154.145653963,165.400548935,1
1701,154.157397985,165.410170078,1
1702,154.169507027,165.422425985,1
1703,154.182920933,165.43731308,1
1704,154.195807934,165.447767973,1
1705,154.209738016,165.463314056,1
1706,154.221297979,165.478929043,1
1707,154.233076811,165.48958087,1
1708,154.247279882,165.502124071,1
1709,154.26303196,165.517966986,1
1710,154.277040958,165.530776024,1
1711,154.288689852,165.540802956,1
1712,154.300472975,165.553768873,3
1713,154.312736034,165.568306923,3
1714,154.324640989,165.582550049,3
1715,154.336445808,165.589417934,3
1716,154.34825182,165.601011038,3
1717,154.36011982,165.614207983,3
1718,154.371971846,165.624553919,3
1719,154.393515825,165.651922941,3
1720,154.406018972,165.667792082,3
1721,154.418227911,165.672542095,3
1722,154.430398941,165.683320045,3
1723,154.442133904,165.698786974,3
1724,154.453625917,165.707457066,3
1725,154.465395927,165.719750881,3
1726,154.477097034,165.731935024,3
1727,154.490453959,165.744801044,3
1728,154.503119946,165.75957489,3
1729,154.516341925,165.771321058,3
1730,154.528072834,165.786154032,3
1731,154.540302038,165.794794083,3
1732,154.553695917,165.806339025,3
1733,154.565544844,165.817837,3
1734,154.578058004,165.834734917,3
1735,154.590484858,165.844820976,3
1736,154.604585886,165.86077404,3
1737,154.61873889,165.882176876,3
1738,154.633195877,165.887140036,3
1739,154.647753,165.903066874,3
1740,154.660153866,165.913532972,3
1741,154.673295021,165.92730093,3
1742,154.686220884,165.938500881,3
1743,154.697921038,165.951776028,3
1744,154.71011591,165.964489937,3
1745,154.72275281,165.974447966,3
1746,154.736327887,165.992811918,3
1747,154.749022961,166.002150059,3
1748,154.761677027,166.019396067,3
1749,154.775435925,166.029879093,3
1750,154.787993908,166.043546915,3
1751,154.800535917,166.05409503,3
1752,154.814154863,166.068780899,3
1753,154.826992989,166.080127001,3
1754,154.838894844,166.092235088,3
1755,154.852015018,166.104949951,3
1756,154.865126848,166.118405104,3
1757,154.877943993,166.132059097,3
1758,154.890481949,166.142710924,3
1759,154.902776957,166.155576944,3
1760,154.916673899,166.170068979,3
1761,154.931519032,166.187957048,3
1762,154.944876909,166.203456879,3
1763,154.956638813,166.213196993,3
1764,154.970835924,166.222979069,3
1765,154.983011007,166.235869884,3
1766,154.995752811,166.24910903,3
1767,155.008299828,166.261528015,1
1768,155.021112919,166.276207924,1
1769,155.033306837,166.285465002,1
1770,155.045208931,166.299103022,1
1771,155.05731082,166.308971882,1
1772,155.069097042,166.328505039,1
1773,155.081025839,166.335422039,1
1774,155.092736959,166.345076084,1
1775,155.109328985,166.3663311,1
1776,155.122210979,166.383073092,1
1777,155.136003017,166.390084982,1
1778,155.148051023,166.401299,1
1779,155.160073042,166.41809988,1
1780,155.174746037,166.432661057,1
1781,155.186271906,166.438720942,1
1782,155.199194908,166.452043056,1
1783,155.210963964,166.463721991,1
1784,155.222856998,166.480942011,1
1785,155.23503089,166.491822004,1
1786,155.248143911,166.500809908,1
1787,155.25987792,166.513063908,1
1788,155.271667004,166.524620056,1
1789,155.283528805,166.541589975,1
1790,155.295681,166.55825901,1
1791,155.308266878,166.563911915,1
1792,155.320107937,166.582372904,1
1793,155.334179878,166.586968899,1
1794,155.347982883,166.60136795,1
1795,155.360325813,166.616661072,1
1796,155.372164011,166.625119925,1
1797,155.384485006,166.638266087,1
1798,155.397778034,166.650707006,1
1799,155.410234928,166.674167871,1
1800,155.429347992,166.682049036,1
1801,155.44124198,166.700594902,1
1802,155.455057859,166.707923889,1
1803,155.467090845,166.719341993,1
1804,155.479673862,166.736052036,1
1805,155.492820978,166.744777918,1
1806,155.507012844,166.762294054,1
1807,155.518981934,166.772727013,1
1808,155.531227827,166.790885925,1
1809,155.54391098,166.798979044,1
1810,155.556171894,166.81107688,1
1811,155.567996979,166.821310043,1
1812,155.57949996,166.831933975,1
1813,155.592375994,166.84482789,1
1814,155.60482502,166.862684965,1
1815,155.617022991,166.869936943,1
1816,155.629842997,166.885071993,1
1817,155.642416,166.894576073,1
1818,155.654359818,166.918562889,1
1819,155.6661129,166.918963909,1
1820,177.685604811,188.941509008,2
1821,177.698354959,188.951438904,2
1822,177.711558819,188.964108944,2
1823,177.72355485,188.985179901,2
1824,177.735459805,188.99048996,2
1825,177.747534037,189.003983021,2
1826,177.759809971,189.014355898,2
1827,177.772020817,189.025418043,2
1828,177.783607006,189.037335873,2
1829,177.795208931,189.047154903,2
1830,177.806918859,189.060133934,2
1831,177.818830013,189.072139978,2
1832,177.830757856,189.086163998,2
1833,177.84284091,189.095879078,2
1834,177.855497837,189.108824015,2
1835,177.867350817,189.119359016,2
1836,177.879437923,189.132477045,2
1837,177.891762972,189.14408493,2
1838,177.904613972,189.157977104,2
1839,177.916738033,189.170850992,2
1840,177.928571939,189.181601048,2
1841,177.940985918,189.199809074,2
1842,177.952647924,189.206396103,2
1843,177.964402914,189.217624903,2
1844,177.976341963,189.231612921,2
1845,177.988613844,189.244812965,2
1846,178.006006002,189.258419991,2
1847,178.017763853,189.271678925,2
1848,178.02992487,189.283996105,2
1849,178.042646885,189.296154022,2
1850,178.054751873,189.307993889,2
1851,178.066496849,189.323265076,2
1852,178.079071999,189.33196187,2
1853,178.091114998,189.344376087,2
1854,178.103013992,189.356888056,2
1855,178.11532402,189.367717028,2
1856,178.127614021,189.380788088,2
1857,178.139727831,189.393465996,2
1858,178.152176857,189.404473066,2
1859,178.164098978,189.418091059,2
1860,178.177630901,189.430196047,2
1861,178.190209866,189.443756104,2
1862,178.20213604,189.456579924,2
1863,178.21604681,189.4742589,2
1864,178.22792697,189.480133057,2
1865,178.239552021,189.491436958,2
1866,178.251216888,189.504251003,2
1867,178.264958858,189.519288063,2
1868,178.276602983,189.533318043,2
1869,178.289577961,189.541971922,2
1870,178.301364899,189.554059029,2
1871,178.314222813,189.567070007,2
1872,178.327350855,189.580950022,2
1873,178.339514971,189.591863871,2
1874,178.351491928,189.605910063,2
1875,178.364825964,189.616797924,2
1876,178.376991987,189.629846096,2
1877,178.388773918,189.641468048,2
1878,178.401958942,189.656622887,2
1879,178.414209843,189.671386003,0
1880,178.426913023,189.680144072,0
1881,178.439021826,189.691361904,0
1882,178.450876951,189.703329086,0
1883,178.462925911,189.715306997,0
1884,178.474825859,189.726907015,0
1885,178.488265991,189.741196871,0
1886,178.500720024,189.753925085,0
1887,178.512926817,189.766243935,0
1888,178.525446892,189.786951065,0
1889,178.537283897,189.79201293,0
1890,178.549244881,189.801439047,0
1891,178.562698841,189.816735029,0
1892,178.575107813,189.82753396,0
1893,178.587041855,189.839109898,0
1894,178.598968029,189.851037025,0
1895,178.611210823,189.863461971,0
1896,178.623183012,189.875570059,0
1897,178.635246038,189.888271093,0
1898,178.65099287,189.907855988,0
1899,178.663522005,189.918106079,0
1900,178.675190926,189.927709103,0
1901,178.688863039,189.942002058,0
1902,178.701896906,189.956636906,0
1903,178.714351892,189.969505072,0
1904,178.726357937,189.987529039,0
1905,178.738174915,189.990698099,0
1906,178.75148201,190.006217003,0
1907,178.765250921,190.018224955,0
1908,178.777168989,190.033958912,0
1909,178.793179035,190.047213078,0
1910,178.807128906,190.060529947,0
1911,178.819137812,190.075097084,0
1912,178.831012011,190.089191914,0
1913,178.8427279,190.094304085,0
1914,178.855070829,190.108996868,0
1915,178.866667032,190.118315935,0
1916,178.878610849,190.130572081,0
1917,178.891695976,190.144910097,0
1918,178.906196833,190.158919096,0
1919,178.917981863,190.171746016,0
1920,178.929533005,190.181750059,0
1921,178.942121983,190.201611996,0
1922,178.953970909,190.208700895,0
1923,178.966017962,190.218364,0
1924,178.978320837,190.233817101,0
1925,178.990350008,190.242306948,0
1926,179.00235796,190.256767035,0
1927,179.014289856,190.276951075,0
1928,179.026717901,190.279752016,0
1929,179.039445877,190.295489073,0
1930,179.051230907,190.304352999,0
1931,201.067978859,212.323004961,3
1932,201.081784964,212.335292101,3
1933,201.095026016,212.347662926,3
1934,201.106956959,212.363297939,3
1935,201.12189889,212.37568903,3
1936,201.134459019,212.390721083,3
1937,201.146238804,212.398314953,3
1938,201.157996893,212.411208868,3
1939,201.169799805,212.422826052,3
1940,201.181829929,212.43444109,3
1941,201.194211006,212.446747065,3
1942,201.20630002,212.462646008,3
1943,201.218147039,212.471087933,3
1944,201.229975939,212.484148979,3
1945,201.241679907,212.494267941,3
1946,201.253281832,212.507307053,3
1947,201.265113831,212.517205,3
1948,201.277918816,212.530725956,3
1949,201.290416956,212.54508996,3
1950,201.302191973,212.555593014,3
1951,201.314471006,212.56674099,3
1952,201.327740908,212.581950903,3
1953,201.339915037,212.591799021,3
1954,201.353729963,212.605829,3
1955,201.365454912,212.617641926,3
1956,201.381911993,212.634304047,3
1957,201.396018982,212.650096893,3
1958,201.409037828,212.665402889,3
1959,201.421144962,212.677330017,3
1960,201.433928013,212.686538935,3
1961,201.447212934,212.705049038,3
1962,201.459425926,212.71219492,3
1963,201.471554995,212.727406025,3
1964,201.484061956,212.736805916,3
1965,201.496954918,212.749233961,3
1966,201.50889492,212.761288881,3
1967,201.52075696,212.775327921,3
1968,201.534588814,212.793462992,3
1969,201.546278954,212.800297976,3
1970,201.558462858,212.810975075,3
1971,201.574678898,212.832113981,3
1972,201.586889982,212.840091944,3
1973,201.59927392,212.853427887,3
1974,201.611538887,212.869092941,3
1975,201.627243996,212.885886908,3
1976,201.639590025,212.892683983,3
1977,201.652267933,212.904347897,3
1978,201.664402962,212.916809082,3
1979,201.676226854,212.929662943,3
1980,201.688271999,212.941004992,3
1981,201.700079918,212.95224309,3
1982,201.711858988,212.964767933,3
1983,201.724134922,212.976550102,3
1984,201.735664845,212.988898039,3
1985,201.747323036,212.999343872,3
1986,201.758949995,213.012193918,3
1987,201.770572901,213.023925066,3
1988,201.78210187,213.036092043,1
1989,201.794176817,213.049026966,1
1990,201.806432009,213.058675051,1
1991,201.82029891,213.078757048,1
1992,201.832312822,213.084678888,1
1993,201.844373941,213.096966982,1
1994,201.856231928,213.108586073,1
1995,201.868392944,213.121213913,1
1996,201.880985022,213.137098074,1
1997,201.894940853,213.147450924,1
1998,201.90699482,213.168097973,1
1999,201.921187878,213.175643921,1
2000,201.934415817,213.190007925,1
