PacketSeqNo,GeneratingTime,ArrivalTime,MulticastIdx
1,0.00216698646545,7.29221701622,1
2,0.0140628814697,7.30309796333,1
3,0.0258569717407,7.31556987762,1
4,0.0381979942322,7.33119797707,1
5,0.0506789684296,7.34055900574,1
6,0.0626950263977,7.35223793983,1
7,0.074737071991,7.36537694931,1
8,0.0869250297546,7.377368927,1
9,0.0992000102997,7.38806891441,1
10,0.110779047012,7.40797281265,1
11,0.124927043915,7.41634297371,1
12,0.136919975281,7.42687892914,1
13,0.14856004715,7.43801188469,1
14,0.160351991653,7.4497718811,1
15,0.172473907471,7.46281290054,1
16,0.184619903564,7.4945628643,1
17,0.214550971985,7.50527882576,1
18,0.226719856262,7.51770401001,1
19,0.238359928131,7.52704787254,1
20,0.252867937088,7.54772090912,1
21,0.268202066422,7.56304001808,1
22,0.280180931091,7.57139492035,1
23,0.291883945465,7.58108901978,1
24,0.303819894791,7.59710288048,1
25,0.315914869308,7.60647583008,1
26,0.328747034073,7.62033295631,1
27,0.341084957123,7.63252687454,1
28,0.353252887726,7.64418196678,1
29,0.364948987961,7.65416383743,1
30,0.376817941666,7.67078590393,1
31,0.389349937439,7.68207502365,1
32,0.401649951935,7.69091391563,3
33,0.413375854492,7.70826387405,3
34,0.425724029541,7.71509504318,3
35,0.437617063522,7.73255801201,3
36,0.44905591011,7.73914504051,3
37,0.460726976395,7.75035691261,3
38,0.472379922867,7.76186394691,3
39,0.48406791687,7.77572083473,3
40,0.498046875,7.78777003288,3
41,0.510438919067,7.80022192001,3
42,0.524477005005,7.8175330162,3
43,0.536315917969,7.8256919384,3
44,0.548090934753,7.83823084831,3
45,0.56041097641,7.85381984711,3
46,0.572659015656,7.86215400696,3
47,0.586006879807,7.87602496147,3
48,0.597877979279,7.88839888573,3
49,0.60947394371,7.89917182922,3
50,0.621242046356,7.91063404083,3
51,0.632796049118,7.92318987846,3
52,0.646005868912,7.93554592133,3
53,0.657755851746,7.94872188568,3
54,0.669622898102,7.96119499207,3
55,0.681855916977,7.97243285179,3
56,0.694057941437,7.9841709137,3
57,0.705760955811,7.99561786652,3
58,0.718292951584,8.00714683533,3
59,0.730577945709,8.02880883217,3
60,0.742384910583,8.0339589119,3
61,0.753921031952,8.05110788345,3
62,0.766339063644,8.05773091316,3
63,0.77879691124,8.06889390945,3
64,0.790637969971,8.08100986481,3
65,0.80251789093,8.0925719738,3
66,0.814167022705,8.10570192337,3
67,0.825845003128,8.11670589447,3
68,0.838268995285,8.12881994247,3
69,0.850728034973,8.14221000671,3
70,0.863288879395,8.15394186974,3
71,0.875608921051,8.16681194305,3
72,0.887871980667,8.17861390114,3
73,0.899991035461,8.19151496887,3
74,0.912034034729,8.20427799225,3
75,0.924149990082,8.21530389786,3
76,0.936824083328,8.22749090195,3
77,0.948384046555,8.23996090889,3
78,0.960080862045,8.25183081627,3
79,0.972316980362,8.26390886307,3
80,0.984191894531,8.27672386169,3
81,0.99637389183,8.28708481789,3
82,1.00844693184,8.29860401154,3
83,1.02024006844,8.31131100655,3
84,1.03218698502,8.32299804688,3
85,1.04406785965,8.33514785767,3
86,1.0557410717,8.34568595886,3
87,1.06741094589,8.35793781281,3
88,1.07989907265,8.37053799629,3
89,1.09154605865,8.38260984421,3
90,1.10352897644,8.39456582069,3
91,1.11526989937,8.40820884705,1
92,1.12717485428,8.41751098633,1
93,1.13942193985,8.42858600616,1
94,1.1513209343,8.44246888161,1
95,1.16324305534,8.45257401466,1
96,1.1749548912,8.4643008709,1
97,1.18678402901,8.47553682327,1
98,1.19878292084,8.48898983002,1
99,1.21097397804,8.50268387794,1
100,1.22364592552,8.51449799538,1
101,1.23558402061,8.52607297897,1
102,1.24732899666,8.53628396988,1
103,1.25911998749,8.54839396477,1
104,1.2709569931,8.56383800507,1
105,1.28254699707,8.57193899155,1
106,1.29462599754,8.58364892006,1
107,1.30647301674,8.59595799446,1
108,1.31886601448,8.60747885704,1
109,1.33088588715,8.62045502663,1
110,1.34272789955,8.63185286522,1
111,1.35419893265,8.64608883858,1
112,1.3660428524,8.65604996681,1
113,1.37889289856,8.66794300079,1
114,1.39064407349,8.67938399315,1
115,1.40210604668,8.69161987305,1
116,1.41393494606,8.70341801643,1
117,1.42570090294,8.71495389938,1
118,1.43769288063,8.72686696053,1
119,1.44930505753,8.73952198029,1
120,1.46117687225,8.75122189522,1
121,1.47277593613,8.76283788681,1
122,1.48435401917,8.7815580368,1
123,1.49623394012,8.7862598896,1
124,1.5085709095,8.80050086975,1
125,1.52066302299,8.81074404716,1
126,1.53209996223,8.82148504257,1
127,1.54383206367,8.83719992638,1
128,1.5558719635,8.84581899643,1
129,1.56743788719,8.85655498505,1
130,1.57911205292,8.86781287193,1
131,1.59065008163,8.87934803963,1
132,1.60228300095,8.89130282402,1
133,1.613945961,8.90368294716,1
134,1.62574100494,8.91639304161,1
135,1.6376888752,8.92826199532,1
136,1.64991497993,8.93971681595,1
137,1.66172504425,8.95164084435,1
138,1.67344903946,8.96277999878,1
139,1.68496799469,8.97409081459,1
140,1.69668197632,8.98749184608,1
141,1.70850205421,8.99850702286,1
142,1.72035908699,9.00895786285,1
143,1.73201107979,9.02772784233,1
144,1.74377703667,9.03269886971,1
145,1.75546598434,9.04679894447,1
146,1.76771187782,9.05730104446,1
147,1.78003287315,9.07254004478,1
148,1.79256486893,9.08246898651,1
149,1.80441904068,9.09413099289,3
150,1.81628489494,9.10638189316,3
151,1.83142185211,9.1222319603,3
152,1.84411001205,9.13477182388,3
153,1.85719490051,9.14738202095,3
154,1.87205600739,9.16428089142,3
155,1.88584208488,9.1772248745,3
156,1.89866399765,9.18804597855,3
157,1.91051006317,9.19961500168,3
158,1.92233991623,9.22019386292,3
159,1.93971300125,9.23119783401,3
160,1.9523460865,9.24340701103,3
161,1.9641430378,9.25435304642,3
162,1.97593402863,9.26742982864,3
163,1.98837304115,9.27826285362,3
164,2.00010800362,9.29015398026,3
165,2.01187396049,9.30370283127,3
166,2.02447891235,9.3137960434,3
167,2.03652191162,9.32711791992,3
168,2.04877591133,9.33953785896,3
169,2.06090188026,9.35503482819,3
170,2.07251286507,9.36208295822,3
171,2.08409404755,9.37881183624,3
172,2.09623503685,9.38662481308,3
173,2.10861492157,9.40024185181,3
174,2.12200188637,9.41177392006,3
175,2.13536906242,9.42580890656,3
176,2.14855194092,9.44047904015,3
177,2.16098499298,9.45234203339,3
178,2.17429208755,9.46517801285,3
179,2.18691897392,9.47760796547,3
180,2.19907402992,9.4900188446,3
181,2.21165204048,9.5041718483,3
182,2.22329807281,9.51468586922,3
183,2.23507094383,9.52909398079,3
184,2.24727702141,9.53826498985,3
185,2.25923585892,9.55278587341,3
186,2.27236104012,9.56662297249,3
187,2.28462195396,9.58142590523,3
188,2.29818201065,9.59151291847,3
189,2.31068086624,9.60052800179,3
190,2.32312107086,9.61567187309,3
191,2.33614897728,9.6274998188,3
192,2.34975004196,9.64298701286,3
193,2.36182403564,9.65399003029,3
194,2.37396097183,9.66482996941,3
195,2.38722705841,9.67825102806,3
196,2.40158200264,9.69269394875,3
197,2.4143679142,9.70399188995,3
198,2.42603588104,9.71644997597,3
199,2.4380710125,9.73486185074,3
200,2.45048999786,9.74037504196,3
201,2.46209597588,9.75365400314,3
202,2.47395586967,9.76404595375,3
203,2.48578500748,9.78355884552,1
204,2.49818587303,9.79077982903,1
205,2.51051092148,9.80428290367,1
206,2.52206587791,9.81204986572,1
207,2.53406405449,9.82472991943,1
208,2.54689002037,9.84005284309,1
209,2.55945491791,9.85074996948,1
210,2.57164597511,9.86223697662,1
211,2.58400392532,9.87451696396,1
212,2.59677386284,9.88854503632,1
213,2.60916805267,9.90207290649,1
214,2.62167191505,9.91066193581,1
215,2.63397789001,9.92525887489,1
216,2.64647698402,9.93761301041,1
217,2.65894794464,9.95358085632,1
218,2.67144989967,9.96322894096,1
219,2.68359589577,9.97367787361,1
220,2.69553589821,9.98539090157,1
221,2.70745301247,9.99822092056,1
222,2.7202539444,10.0110988617,1
223,2.7330288887,10.0282919407,1
224,2.74461197853,10.0357749462,1
225,2.75621891022,10.0547199249,1
226,2.76854085922,10.0673589706,1
227,2.78038692474,10.0728399754,1
228,2.79227304459,10.0852739811,1
229,2.80407691002,10.1047539711,1
230,2.816010952,10.1106410027,1
231,2.82783889771,10.1204798222,1
232,2.83994698524,10.1319439411,1
233,2.85157585144,10.142868042,1
234,2.86342787743,10.1595139503,1
235,2.87543702126,10.1668958664,1
236,2.88722491264,10.1775050163,1
237,2.90030407906,10.1921899319,1
238,2.91298604012,10.2044799328,1
239,2.92525005341,10.2153909206,1
240,2.93771100044,10.2277679443,1
241,2.95025205612,10.2434999943,1
242,2.96240091324,10.2559559345,1
243,2.97463488579,10.2702770233,1
244,2.98656105995,10.2807238102,1
245,2.99795293808,10.2894408703,1
246,3.00980401039,10.3006608486,1
247,3.02176904678,10.3141868114,1
248,3.03377485275,10.3266978264,1
249,3.04600095749,10.3382790089,1
250,3.05790686607,10.3477509022,1
251,3.06984186172,10.3624818325,1
252,3.08199286461,10.3727428913,1
253,3.09401893616,10.3847098351,1
254,3.10606193542,10.3983118534,1
255,3.11804008484,10.4090459347,1
256,3.12993407249,10.4211390018,1
257,3.1429400444,10.4342639446,1
258,3.15524101257,10.450553894,1
259,3.16739606857,10.457780838,3
260,3.17996001244,10.4700069427,3
261,3.19208502769,10.4831819534,3
262,3.20437288284,10.4942028522,3
263,3.21660804749,10.5100979805,3
264,3.22999095917,10.523514986,3
265,3.24276685715,10.536648035,3
266,3.25445199013,10.5473909378,3
267,3.26672506332,10.5569369793,3
268,3.28053498268,10.5778458118,3
269,3.2925620079,10.5818018913,3
270,3.30456590652,10.5944600105,3
271,3.31639790535,10.6061220169,3
272,3.3282699585,10.6174778938,3
273,3.34015893936,10.6306350231,3
274,3.35222601891,10.6426789761,3
275,3.36431407928,10.6549339294,3
276,3.37648487091,10.6670849323,3
277,3.38856101036,10.6792619228,3
278,3.40056395531,10.691092968,3
279,3.41275787354,10.7031300068,3
280,3.42542600632,10.7148079872,3
281,3.43768501282,10.7270560265,3
282,3.45033288002,10.7408308983,3
283,3.4628329277,10.7540168762,3
284,3.47496795654,10.7666478157,3
285,3.4870929718,10.7821388245,3
286,3.49901890755,10.7897918224,3
287,3.51110291481,10.8026988506,3
288,3.5239648819,10.8140628338,3
289,3.53659105301,10.8262939453,3
290,3.5490090847,10.8410098553,3
291,3.56130003929,10.8505828381,3
292,3.57371592522,10.8646128178,3
293,3.58598899841,10.8759698868,3
294,3.59836697578,10.8901219368,3
295,3.61090898514,10.9012980461,3
296,3.62323498726,10.9141318798,3
297,3.63557386398,10.9294109344,3
298,3.64811396599,10.938035965,3
299,3.66056203842,10.9513339996,3
300,3.67278385162,10.9654159546,3
301,3.68531394005,10.9787290096,3
302,3.69758605957,10.9899959564,3
303,3.71004605293,11.0011668205,3
304,3.72307300568,11.0135848522,3
305,3.73532795906,11.0281078815,3
306,3.74706602097,11.0427939892,3
307,3.75906395912,11.0504038334,3
308,3.77172994614,11.0630838871,3
309,3.78418493271,11.0769200325,3
310,3.79675793648,11.0920598507,3
311,3.80899500847,11.1052849293,3
312,3.82118105888,11.1155219078,3
313,3.83351206779,11.1234779358,3
314,3.8458340168,11.1398940086,3
315,3.85860204697,11.1497809887,3
316,3.87084507942,11.1616549492,1
317,3.88274097443,11.1734089851,1
318,3.89458799362,11.1847150326,1
319,3.90642786026,11.2036418915,1
320,3.91833400726,11.2082269192,1
321,3.93038201332,11.2202608585,1
322,3.94306302071,11.2345609665,1
323,3.95541906357,11.2490079403,1
324,3.96783900261,11.2625029087,1
325,3.98192691803,11.272662878,1
326,3.99339795113,11.283646822,1
327,4.00536298752,11.2963118553,1
328,4.01756191254,11.3070328236,1
329,4.03020501137,11.3197689056,1
330,4.04231905937,11.3393259048,1
331,4.05461907387,11.3445978165,1
332,4.06708097458,11.3586828709,1
333,4.08024287224,11.3717160225,1
334,4.09258103371,11.3839528561,1
335,4.10492706299,11.3969328403,1
336,4.11725687981,11.4056859016,1
337,4.1297018528,11.4218599796,1
338,4.14195799828,11.431388855,1
339,4.15412592888,11.4452009201,1
340,4.16664195061,11.4574868679,1
341,4.1787879467,11.4684939384,1
342,4.19106197357,11.4896919727,1
343,4.20344901085,11.493573904,1
344,4.21565103531,11.5126979351,1
345,4.22813487053,11.5323688984,1
346,4.24121403694,11.5373318195,1
347,4.25320196152,11.5469179153,1
348,4.26540088654,11.5636479855,1
349,4.27770185471,11.581017971,1
350,4.28985095024,11.5865218639,1
351,4.30199098587,11.621901989,1
352,4.31435489655,11.6354238987,1
353,4.32657194138,11.6446659565,1
354,4.33911991119,11.6665370464,1
355,4.35126399994,11.6809718609,1
356,4.36329603195,11.6911168098,1
357,4.37547206879,11.7089648247,1
358,4.38800787926,11.7218828201,1
359,4.40052008629,11.732970953,1
360,4.41306805611,11.7410578728,1
361,4.42530894279,11.7513270378,1
362,4.43712687492,11.7593719959,1
363,4.44902396202,11.7744879723,1
364,4.4608259201,11.77577281,1
365,4.47236704826,11.7850818634,1
366,4.48414587975,11.7958698273,1
367,4.49605298042,11.7998158932,1
368,18.5393490791,25.8275790215,2
369,18.5515589714,25.8404569626,2
370,18.5658230782,25.8541538715,2
371,18.5773119926,25.8683838844,2
372,18.5900130272,25.8791158199,2
373,18.6028680801,25.8964288235,2
374,18.6196379662,25.9101438522,2
375,18.6314439774,25.9264228344,2
376,18.6453430653,25.9353728294,2
377,18.6578080654,25.9455628395,2
378,18.6699318886,25.9581739902,2
379,18.683218956,25.9717438221,2
380,18.6961739063,25.9855179787,2
381,18.7088720798,26.0012190342,2
382,18.7233629227,26.0162220001,2
383,18.7383520603,26.0324149132,2
384,18.7540900707,26.0428299904,2
385,18.7673609257,26.0587759018,2
386,18.7790849209,26.0679688454,2
387,18.7909770012,26.0841398239,2
388,18.8036189079,26.0934970379,2
389,18.815803051,26.1041510105,2
390,18.8297510147,26.1183488369,2
391,18.8450798988,26.1338009834,2
392,18.857104063,26.1470780373,2
393,18.8690569401,26.1593298912,2
394,18.8804140091,26.1685798168,2
395,18.8919298649,26.1802020073,2
396,18.9058380127,26.195029974,2
397,18.9183390141,26.2063298225,2
398,18.9343409538,26.2263998985,2
399,18.946338892,26.2403719425,2
400,18.9620108604,26.2526769638,2
401,18.977989912,26.2740969658,2
402,18.9897749424,26.2801949978,2
403,19.0016539097,26.2912089825,2
404,19.0139038563,26.3038728237,2
405,19.0289559364,26.3187878132,2
406,19.0405809879,26.331964016,2
407,19.0524730682,26.3421649933,2
408,19.0643749237,26.3534989357,2
409,19.0801298618,26.3752360344,2
410,19.0958869457,26.3838369846,2
411,19.1078419685,26.3966228962,2
412,19.1195459366,26.4088358879,2
413,19.1317679882,26.421407938,2
414,19.1439960003,26.4338760376,2
415,19.1572229862,26.4459710121,2
416,19.1688609123,26.4575798512,2
417,19.180603981,26.4694898129,2
418,19.19252491,26.4804458618,2
419,19.2041740417,26.4948439598,0
420,19.2164080143,26.5061459541,0
421,19.2287750244,26.5204999447,0
422,19.2404229641,26.5284819603,0
423,19.2531449795,26.5429778099,0
424,19.2652649879,26.5540440083,0
425,19.279211998,26.5683078766,0
426,19.2908859253,26.579723835,0
427,19.3029410839,26.5917978287,0
428,19.3170070648,26.6064789295,0
429,19.3319220543,26.62022686,0
430,19.3448839188,26.6337330341,0
431,19.3606929779,26.6494398117,0
432,19.372469902,26.6612768173,0
433,19.3842608929,26.6741368771,0
434,19.397908926,26.6864938736,0
435,19.4127449989,26.7022919655,0
436,19.4243328571,26.7140009403,0
437,19.4361569881,26.7323489189,0
438,19.4478678703,26.7380058765,0
439,19.4597520828,26.750784874,0
440,19.4714260101,26.7600200176,0
441,19.483479023,26.7730429173,0
442,19.4965779781,26.7865478992,0
443,19.509196043,26.8005290031,0
444,19.5209209919,26.8126869202,0
445,19.534815073,26.8250780106,0
446,19.5464470387,26.8355538845,0
447,19.5583269596,26.8467929363,0
448,19.5701479912,26.860378027,0
449,19.5818638802,26.8706109524,0
450,19.5936369896,26.886977911,0
451,19.6060810089,26.896176815,0
452,19.6186108589,26.9067499638,0
453,19.6303369999,26.9181668758,0
454,19.6424119473,26.934073925,0
455,19.6541368961,26.9452719688,0
456,19.6661019325,26.9554150105,0
457,19.6797258854,26.9688110352,0
458,19.6920199394,26.9828329086,0
459,19.7037470341,26.9937520027,0
460,19.7165150642,27.0060749054,0
461,19.7299878597,27.0188410282,0
462,19.7419528961,27.0338799953,0
463,19.7558069229,27.0452649593,0
464,19.7680199146,27.0563628674,0
465,19.7822849751,27.0702998638,0
466,19.7940099239,27.0822138786,0
467,19.8062210083,27.0949518681,0
468,19.8179550171,27.1062428951,0
469,19.8298418522,27.1178970337,0
470,19.8417320251,27.1297810078,0
471,19.8539068699,27.1487429142,0
472,19.8718008995,27.1604828835,0
473,19.8844878674,27.1733670235,0
474,19.8964009285,27.1896259785,0
475,33.9160969257,41.2075719833,3
476,33.9299809933,41.2190179825,3
477,33.9442739487,41.2326488495,3
478,33.9604849815,41.2503089905,3
479,33.9784259796,41.2721319199,3
480,33.9948248863,41.289265871,3
481,34.0112109184,41.3026130199,3
482,34.0230009556,41.314098835,3
483,34.035130024,41.3267400265,3
484,34.046710968,41.3390450478,3
485,34.0591199398,41.3483018875,3
486,34.0714669228,41.361260891,3
487,34.0832960606,41.3711588383,3
488,34.0951809883,41.3851008415,3
489,34.1070969105,41.4000740051,3
490,34.1198809147,41.408149004,3
491,34.1317019463,41.4201169014,3
492,34.1441509724,41.4350600243,3
493,34.1560490131,41.4466569424,3
494,34.1680450439,41.4561669827,3
495,34.1801919937,41.4714298248,3
496,34.1925740242,41.4818608761,3
497,34.2045180798,41.4930489063,3
498,34.2164239883,41.5046708584,3
499,34.2284739017,41.5173969269,3
500,34.2401669025,41.5305478573,3
501,34.2517108917,41.5402548313,3
502,34.2678949833,41.5610408783,3
503,34.279531002,41.5699729919,3
504,34.291574955,41.5815589428,3
505,34.304295063,41.5928759575,3
506,34.3163509369,41.6052148342,3
507,34.3280968666,41.6165640354,3
508,34.339910984,41.6297478676,3
509,34.3514490128,41.6399598122,3
510,34.3634579182,41.6561360359,3
511,34.3772468567,41.6662960052,3
512,34.391769886,41.681071043,3
513,34.4044530392,41.6944689751,3
514,34.4170930386,41.704985857,3
515,34.4296400547,41.7203910351,3
516,34.4435749054,41.7326979637,3
517,34.4556469917,41.7445499897,3
518,34.4674479961,41.7566468716,3
519,34.4818060398,41.7725110054,3
520,34.493391037,41.7818508148,3
521,34.5063769817,41.7957689762,3
522,34.5185620785,41.8072998524,3
523,34.5303919315,41.8186340332,3
524,34.5424649715,41.8326339722,3
525,34.5543859005,41.8444910049,3
526,34.5664310455,41.8552658558,3
527,34.5793309212,41.8694069386,1
528,34.592553854,41.8810210228,1
529,34.6044340134,41.8932168484,1
530,34.6161189079,41.9044020176,1
531,34.6293189526,41.9199368954,1
532,34.6414620876,41.9305620193,1
533,34.6536278725,41.9422140121,1
534,34.6654920578,41.9536600113,1
535,34.6784219742,41.9664640427,1
536,34.6899578571,41.9811649323,1
537,34.7016639709,41.9945938587,1
538,34.7130658627,42.0014159679,1
539,34.7261850834,42.0154778957,1
540,34.7386288643,42.0266258717,1
541,34.7511649132,42.0394189358,1
542,34.7655160427,42.0568230152,1
543,34.779353857,42.0690639019,1
544,34.7910380363,42.0807058811,1
545,34.8028099537,42.0935199261,1
546,34.8152499199,42.1042258739,1
547,34.8285610676,42.1164748669,1
548,34.8399829865,42.1283888817,1
549,34.8515069485,42.1422479153,1
550,34.8633868694,42.1541259289,1
551,34.87626791,42.1662738323,1
552,34.8878929615,42.1766338348,1
553,34.8995959759,42.1878659725,1
554,34.9128570557,42.2012250423,1
555,34.925951004,42.2166929245,1
556,34.9386940002,42.2283380032,1
557,34.9511818886,42.2401399612,1
558,34.9636790752,42.2527480125,1
559,34.9765548706,42.2678389549,1
560,34.9883899689,42.2783589363,1
561,35.0015330315,42.2904348373,1
562,35.0150790215,42.305672884,1
563,35.0291159153,42.3179450035,1
564,35.0411219597,42.3315069675,1
565,35.053606987,42.3426909447,1
566,35.0655200481,42.3535299301,1
567,35.0769939423,42.3654589653,1
568,35.0898470879,42.3779799938,1
569,35.1017589569,42.3958268166,1
570,35.1151099205,42.4035558701,1
571,35.1298620701,42.4228010178,1
572,35.144630909,42.4337608814,1
573,35.1565859318,42.4460690022,1
574,35.1685810089,42.4577908516,1
575,35.1873190403,42.4760918617,1
576,35.2001280785,42.4885339737,1
577,49.2127969265,56.5008478165,2
578,49.2288510799,56.5174348354,2
579,49.2407648563,56.5302698612,2
580,49.2526450157,56.5448009968,2
581,49.2656219006,56.5542938709,2
582,49.2783958912,56.5678589344,2
583,49.2900059223,56.5786368847,2
584,49.3017408848,56.5897839069,2
585,49.3152840137,56.6038069725,2
586,49.3269639015,56.6165030003,2
587,49.3416800499,56.6324310303,2
588,49.358481884,56.6503548622,2
589,49.3735020161,56.6625528336,2
590,49.3851549625,56.6748049259,2
591,49.3969929218,56.6851019859,2
592,49.4088449478,56.7000198364,2
593,49.420924902,56.7116558552,2
594,49.4338438511,56.7241120338,2
595,49.4457800388,56.7346069813,2
596,49.4573979378,56.7492158413,2
597,49.4698169231,56.7594230175,2
598,49.4815120697,56.7733669281,2
599,49.4932320118,56.7852869034,2
600,49.5050609112,56.7946488857,2
601,49.5166668892,56.8048758507,2
602,49.5289878845,56.8195109367,2
603,49.5405509472,56.8308749199,2
604,49.5522689819,56.8416519165,2
605,49.5655870438,56.8542089462,2
606,49.5775859356,56.8664708138,2
607,49.5893719196,56.8779380322,2
608,49.6010699272,56.8890249729,2
609,49.6141169071,56.9030590057,2
610,49.6256220341,56.9180619717,2
611,49.6379199028,56.9263179302,2
612,49.6500120163,56.9425740242,2
613,49.6618220806,56.9506988525,2
614,49.6750519276,56.9644260406,2
615,49.6872270107,56.9759190083,2
616,49.6990909576,56.9876658916,2
617,49.7114329338,57.0006649494,2
618,49.7238230705,57.0122368336,2
619,49.7353329659,57.0242698193,2
620,49.7477328777,57.0374150276,2
621,49.7597689629,57.0503468513,2
622,49.7714979649,57.0596418381,2
623,49.7832829952,57.0712528229,2
624,49.795167923,57.0842168331,2
625,49.8090949059,57.1023309231,2
626,49.8225040436,57.1108558178,2
627,49.8351290226,57.1257150173,2
628,49.8485908508,57.1378629208,2
629,49.8607308865,57.1496889591,2
630,49.8725450039,57.1614499092,2
631,49.8842229843,57.1729888916,2
632,49.8970029354,57.1855909824,2
633,49.9086718559,57.1977608204,2
634,49.9202740192,57.209100008,2
635,49.9320280552,57.2199950218,2
636,49.946901083,57.2362840176,0
637,49.9610729218,57.2507619858,0
638,49.9735000134,57.262444973,0
639,49.9853270054,57.2736358643,0
640,49.9970359802,57.2858178616,0
641,50.0094048977,57.3003389835,0
642,50.0219218731,57.3104460239,0
643,50.0341410637,57.3225979805,0
644,50.0467739105,57.3351709843,0
645,50.0587248802,57.3471078873,0
646,50.0721158981,57.361068964,0
647,50.0838780403,57.3738768101,0
648,50.0965590477,57.3867390156,0
649,50.1097168922,57.3996310234,0
650,50.1231808662,57.4192678928,0
651,50.1358509064,57.4246299267,0
652,50.1481149197,57.4373159409,0
653,50.1602189541,57.4526679516,0
654,50.1721029282,57.4603860378,0
655,50.1885480881,57.4773459435,0
656,50.2001609802,57.4892029762,0
657,50.2128930092,57.5015668869,0
658,50.2291948795,57.5178530216,0
659,50.2413420677,57.5324230194,0
660,50.2535190582,57.5437779427,0
661,50.2668700218,57.5550448895,0
662,50.2796828747,57.5678210258,0
663,50.2948360443,57.5835130215,0
664,50.3065159321,57.5961978436,0
665,50.3193979263,57.607542038,0
666,50.333894968,57.6258709431,0
667,50.3463189602,57.6356198788,0
668,50.3599419594,57.6483030319,0
669,50.3720340729,57.6618819237,0
670,50.3838129044,57.674451828,0
671,50.396561861,57.686259985,0
672,50.4083900452,57.7004089355,0
673,50.4236159325,57.7124409676,0
674,50.4365980625,57.7258558273,0
675,50.4500250816,57.7382378578,0
676,50.4624609947,57.7514698505,0
677,50.4748589993,57.7641088963,0
678,50.4890799522,57.786397934,0
679,50.5006480217,57.7924869061,0
680,50.513974905,57.8040599823,0
681,50.5259258747,57.8258700371,0
682,50.5383639336,57.8273179531,0
683,50.5508210659,57.8439879417,0
684,50.5639600754,57.8583009243,0
685,50.5755729675,57.8659689426,0
686,50.5872540474,57.8760659695,0
687,50.6024918556,57.8906798363,0
688,50.6141459942,57.9061748981,0
689,50.6317050457,57.9197759628,0
690,50.6457190514,57.9376330376,0
691,64.6687440872,71.9566318989,3
692,64.6806008816,71.9705319405,3
693,64.6929190159,71.981541872,3
694,64.7048330307,71.9937009811,3
695,64.7164299488,72.0047039986,3
696,64.7282729149,72.017113924,3
697,64.7402300835,72.0284848213,3
698,64.7554409504,72.0438938141,3
699,64.7670490742,72.0569930077,3
700,64.7788820267,72.0685470104,3
701,64.7907218933,72.0787889957,3
702,64.8025610447,72.0934200287,3
703,64.8142750263,72.104460001,3
704,64.8288800716,72.123059988,3
705,64.8424479961,72.1316299438,3
706,64.8543980122,72.1423690319,3
707,64.8664090633,72.1564648151,3
708,64.8782100677,72.1680498123,3
709,64.8907198906,72.1844489574,3
710,64.9029848576,72.1933779716,3
711,64.9155819416,72.204957962,3
712,64.9274230003,72.2156949043,3
713,64.9391160011,72.2277989388,3
714,64.952493906,72.2436859608,3
715,64.9641010761,72.2525138855,3
716,64.975990057,72.2658808231,3
717,64.9885630608,72.2768540382,3
718,65.0041248798,72.2944889069,3
719,65.0157139301,72.3035378456,3
720,65.0271990299,72.3210039139,3
721,65.0397980213,72.3291108608,3
722,65.0520079136,72.3466608524,3
723,65.0637600422,72.3521330357,3
724,65.0771288872,72.3674049377,3
725,65.0938980579,72.3857438564,3
726,65.1066420078,72.3953528404,3
727,65.1202430725,72.4109518528,3
728,65.1326060295,72.4209749699,3
729,65.1443710327,72.4335389137,3
730,65.1562440395,72.4492809772,3
731,65.1713249683,72.4595890045,3
732,65.1839010715,72.4728870392,3
733,65.19531703,72.5038878918,3
734,65.2244958878,72.5125470161,3
735,65.2363369465,72.5257778168,3
736,65.2552549839,72.5436069965,3
737,65.2714149952,72.5619080067,3
738,65.2877390385,72.5787830353,3
739,65.2996468544,72.5917768478,3
740,65.311439991,72.5996248722,3
741,65.3232119083,72.6117508411,3
742,65.3390820026,72.6310918331,3
743,65.350579977,72.6385519505,3
744,65.3622210026,72.653441906,3
745,65.3749790192,72.6640620232,3
746,65.388972044,72.6772608757,3
747,65.4007298946,72.6919829845,1
748,65.4170649052,72.7061579227,1
749,65.4288489819,72.7172148228,1
750,65.4404079914,72.7288529873,1
751,65.4530608654,72.7414219379,1
752,65.4645838737,72.7523179054,1
753,65.4760808945,72.7656679153,1
754,65.4878098965,72.7885839939,1
755,65.5031979084,72.7915630341,1
756,65.5148429871,72.802975893,1
757,65.5265550613,72.8152389526,1
758,65.5383369923,72.8264279366,1
759,65.5500769615,72.8383748531,1
760,65.56159091,72.8497869968,1
761,65.5731980801,72.8618929386,1
762,65.5848040581,72.8749918938,1
763,65.5965850353,72.8869669437,1
764,65.6087589264,72.8983018398,1
765,65.6214659214,72.9099228382,1
766,65.6332828999,72.9212379456,1
767,65.6448349953,72.9343960285,1
768,65.6607320309,72.952881813,1
769,65.6750719547,72.9627399445,1
770,65.6865730286,72.974613905,1
771,65.7035460472,72.9930558205,1
772,65.7152209282,73.0031599998,1
773,65.7270810604,73.0173649788,1
774,65.7387700081,73.0289208889,1
775,65.755822897,73.0438148975,1
776,65.7674379349,73.0583078861,1
777,65.7809998989,73.0690569878,1
778,65.7924659252,73.0814468861,1
779,65.8042788506,73.0936448574,1
780,65.8192028999,73.1095678806,1
781,65.8316318989,73.1218938828,1
782,65.8447489738,73.1335639954,1
783,65.8586790562,73.1469240189,1
784,65.8704969883,73.1595959663,1
785,65.882819891,73.1707849503,1
786,65.894523859,73.1837108135,1
787,65.9062569141,73.1950860023,1
788,65.9182178974,73.2066090107,1
789,65.9297339916,73.2178249359,1
790,65.9411420822,73.229861021,1
791,65.9528028965,73.2418649197,1
792,65.9661369324,73.2589108944,1
793,65.9818868637,73.2705819607,1
794,65.9943890572,73.2849428654,1
795,66.0079128742,73.2965738773,1
796,66.0215499401,73.3128528595,1
797,66.0356829166,73.3264019489,1
798,66.047757864,73.3362379074,1
799,66.0598509312,73.3477988243,1
800,66.0717480183,73.3601658344,1
801,66.0837988853,73.3727560043,1
802,66.0952699184,73.3834388256,1
803,66.106867075,73.400813818,1
804,66.1219229698,73.4116089344,1
805,66.1361448765,73.4253058434,3
806,66.1483540535,73.4387738705,3
807,66.1620709896,73.4533538818,3
808,66.1749410629,73.4639489651,3
809,66.1869819164,73.4770538807,3
810,66.1987218857,73.4875588417,3
811,66.2106070518,73.4993569851,3
812,66.2222120762,73.5104439259,3
813,66.23386693,73.5233058929,3
814,66.2477660179,73.5370619297,3
815,66.2595560551,73.5475349426,3
816,66.2743759155,73.5632719994,3
817,66.2887120247,73.5816860199,3
818,66.3002920151,73.59197402,3
819,66.3134100437,73.6013569832,3
820,66.3251068592,73.6134479046,3
821,66.3376538754,73.6263608932,3
822,66.3495240211,73.6376810074,3
823,66.3612039089,73.6497938633,3
824,66.3728499413,73.6612160206,3
825,66.3845639229,73.6754829884,3
826,66.3980939388,73.6862049103,3
827,66.4099349976,73.7002999783,3
828,66.4224159718,73.7110669613,3
829,66.4341568947,73.7231929302,3
830,66.4466919899,73.7388429642,3
831,66.4592080116,73.7483789921,3
832,66.4719519615,73.7604608536,3
833,66.4836850166,73.7775800228,3
834,66.4968109131,73.7904188633,3
835,66.5107729435,73.8003718853,3
836,66.5273070335,73.8174819946,3
837,66.5418009758,73.8304009438,3
838,66.5538539886,73.843569994,3
839,66.5655710697,73.8547348976,3
840,66.5776810646,73.8695878983,3
841,66.5937709808,73.8824238777,3
842,66.6058900356,73.8944249153,3
843,66.6193199158,73.9075779915,3
844,66.632297039,73.923363924,3
845,66.6438529491,73.9329829216,3
846,66.6553809643,73.9437098503,3
847,66.6672990322,73.9623148441,3
848,66.678786993,73.9688918591,3
849,66.691341877,73.9815559387,3
850,66.7050528526,73.995759964,3
851,66.7188830376,74.012264967,3
852,66.7342669964,74.0248608589,3
853,66.748100996,74.0417659283,3
854,66.763448,74.0594339371,3
855,66.782752037,74.0795378685,3
856,66.7972800732,74.0897660255,1
857,66.8095610142,74.0990898609,1
858,66.8210110664,74.1127479076,1
859,66.8335719109,74.1239728928,1
860,66.8467390537,74.1361019611,1
861,66.8586778641,74.1478040218,1
862,66.8704140186,74.1592218876,1
863,66.8827459812,74.171916008,1
864,66.8944420815,74.1869578362,1
865,66.907886982,74.198513031,1
866,66.9214310646,74.211411953,1
867,66.9336900711,74.2292070389,1
868,66.9476258755,74.2402219772,1
869,66.968364954,74.2577219009,1
870,66.9806599617,74.2712528706,1
871,66.9928369522,74.2856588364,1
872,67.0065770149,74.2975409031,1
873,67.0186588764,74.3085548878,1
874,67.031473875,74.3214440346,1
875,67.0437309742,74.3344938755,1
876,67.0611040592,74.3602449894,1
877,67.0845758915,74.3769910336,1
878,67.098238945,74.3883879185,1
879,67.1105959415,74.4033620358,1
880,67.1234509945,74.4139819145,1
881,67.1352078915,74.4239528179,1
882,67.1471149921,74.4382359982,1
883,67.159457922,74.4495489597,1
884,67.1710820198,74.4601910114,1
885,67.1843650341,74.4761369228,1
886,67.1961379051,74.4882318974,1
887,67.2086319923,74.4976689816,1
888,67.2224919796,74.513769865,1
889,67.2354619503,74.5295279026,1
890,67.2478990555,74.5383059978,1
891,67.2609410286,74.5501408577,1
892,67.2740609646,74.5697329044,1
893,67.2881669998,74.5771889687,1
894,67.3001148701,74.5943229198,1
895,67.3135750294,74.6052489281,1
896,67.3257799149,74.6189789772,1
897,67.3404510021,74.631570816,1
898,67.3543670177,74.6446409225,1
899,67.3665518761,74.65782094,1
900,67.3798449039,74.6771738529,1
901,67.4017028809,74.6941139698,1
902,67.4149870872,74.704679966,1
903,67.4293279648,74.72209692,1
904,67.4450240135,74.7360019684,1
905,67.4569489956,74.7462458611,1
906,67.4688038826,74.7592380047,1
907,67.4815359116,74.770583868,1
908,67.49345994,74.7882168293,1
909,67.5074100494,74.7966380119,1
910,67.5211379528,74.8118770123,1
911,67.5358190536,74.8252289295,1
912,81.5630779266,88.8514428139,2
913,81.57487607,88.8640348911,2
914,81.5865659714,88.8770499229,2
915,81.5991818905,88.8878719807,2
916,81.611456871,88.9008319378,2
917,81.6236970425,88.9142169952,2
918,81.6356060505,88.9244029522,2
919,81.6478378773,88.9371008873,2
920,81.6597938538,88.950070858,2
921,81.6733160019,88.96189785,2
922,81.6852898598,88.9733219147,2
923,81.697355032,88.9883699417,2
924,81.7098519802,88.9985449314,2
925,81.7226519585,89.0127680302,2
926,81.7341389656,89.0228528976,2
927,81.7471969128,89.0390968323,2
928,81.7597780228,89.0529470444,2
929,81.7714838982,89.0643589497,2
930,81.783151865,89.0845379829,2
931,81.7954130173,89.0850548744,2
932,81.8072180748,89.0993819237,2
933,81.8212468624,89.1096148491,2
934,81.8417458534,89.130453825,2
935,81.8534610271,89.1441979408,2
936,81.8651518822,89.1653828621,2
937,81.877286911,89.1678438187,2
938,81.8887870312,89.185585022,2
939,81.900537014,89.1939179897,2
940,81.917386055,89.2064058781,2
941,81.9288489819,89.218515873,2
942,81.9405670166,89.2300150394,2
943,81.9524979591,89.2432739735,2
944,81.965471983,89.2545490265,2
945,81.978178978,89.2687659264,2
946,81.9915449619,89.2819850445,2
947,82.0070948601,89.2958910465,2
948,82.0215239525,89.3131358624,2
949,82.0368130207,89.3265080452,2
950,82.0495619774,89.3389480114,2
951,82.061948061,89.3503189087,2
952,82.0738670826,89.3618459702,2
953,82.0857019424,89.3748929501,2
954,82.0973000526,89.3873579502,2
955,82.1092000008,89.3978838921,2
956,82.1217179298,89.4118418694,2
957,82.134116888,89.4241960049,2
958,82.1463339329,89.4368729591,2
959,82.1580939293,89.4471039772,2
960,82.1702258587,89.4606950283,2
961,82.1822359562,89.4741079807,2
962,82.1945610046,89.4827139378,2
963,82.2064390182,89.4952290058,2
964,82.2215628624,89.5138618946,2
965,82.2350828648,89.5235059261,2
966,82.2467010021,89.535048008,0
967,82.2585389614,89.5466549397,0
968,82.2702200413,89.5597410202,0
969,82.2823650837,89.5711088181,0
970,82.2941379547,89.5827019215,0
971,82.3058829308,89.5957629681,0
972,82.317743063,89.605686903,0
973,82.3298039436,89.6302728653,0
974,82.3432509899,89.6335139275,0
975,82.355807066,89.6439490318,0
976,82.3674490452,89.6563439369,0
977,82.3792090416,89.6727468967,0
978,82.3909430504,89.6801328659,0
979,82.4033930302,89.6939649582,0
980,82.415199995,89.7118799686,0
981,82.427341938,89.7225599289,0
982,82.4406509399,89.732929945,0
983,82.4523489475,89.7429900169,0
984,82.46519804,89.7625718117,0
985,82.4779520035,89.7673618793,0
986,82.4904279709,89.7804439068,0
987,82.5081288815,89.7964179516,0
988,82.5197329521,89.8081769943,0
989,82.5317339897,89.823210001,0
990,82.5441229343,89.8324179649,0
991,82.55585289,89.8447818756,0
992,82.5676579475,89.857298851,0
993,82.5795998573,89.8706929684,0
994,82.5928249359,89.8872389793,0
995,82.6055269241,89.8948810101,0
996,82.6174750328,89.9066178799,0
997,82.6291360855,89.9192519188,0
998,82.6409208775,89.9310019016,0
999,82.6528458595,89.9428839684,0
1000,82.6644010544,89.9537439346,0
1001,82.6761319637,89.9658370018,0
1002,82.6884989738,89.9772369862,0
1003,82.7008080482,89.9956538677,0
1004,82.7123229504,90.0024938583,0
1005,82.7241580486,90.0172560215,0
1006,82.7360758781,90.0273170471,0
1007,82.7478480339,90.0374288559,0
1008,82.7611529827,90.0497119427,0
1009,82.7727379799,90.0669329166,0
1010,82.7848620415,90.0816028118,0
1011,82.8017790318,90.0975708961,0
1012,82.8154089451,90.107229948,0
1013,82.8271050453,90.1180830002,0
1014,82.8387680054,90.1296429634,0
1015,82.8503580093,90.142526865,0
1016,96.8743860722,104.16296196,3
1017,96.886398077,104.175900936,3
1018,96.898526907,104.188925028,3
1019,96.9118220806,104.200089931,3
1020,96.9238028526,104.211969852,3
1021,96.9366629124,104.226593018,3
1022,96.9489569664,104.238464832,3
1023,96.9614448547,104.249502897,3
1024,96.9735720158,104.261781931,3
1025,96.992374897,104.281242847,3
1026,97.0047569275,104.294432878,3
1027,97.0175840855,104.305990934,3
1028,97.0300719738,104.321702003,3
1029,97.0420179367,104.332128048,3
1030,97.0539429188,104.342083931,3
1031,97.06584692,104.355619907,3
1032,97.0778598785,104.365975857,3
1033,97.0892779827,104.378440857,3
1034,97.101336956,104.393395901,3
1035,97.1134979725,104.401247025,3
1036,97.1254990101,104.413887024,3
1037,97.1374008656,104.426307917,3
1038,97.1519100666,104.440858841,3
1039,97.1649029255,104.454632044,3
1040,97.1764218807,104.465335846,3
1041,97.1889109612,104.477797031,3
1042,97.2009849548,104.491544962,3
1043,97.2131850719,104.504314899,3
1044,97.2249610424,104.514050961,3
1045,97.2397198677,104.528235912,3
1046,97.2514090538,104.544754982,3
1047,97.26354599,104.552146912,3
1048,97.2756710052,104.565335035,3
1049,97.2874360085,104.575474977,3
1050,97.2993500233,104.589151859,3
1051,97.3112008572,104.601698875,3
1052,97.3240380287,104.612047911,3
1053,97.3356480598,104.62499404,3
1054,97.3470859528,104.640543938,3
1055,97.365226984,104.654769897,3
1056,97.3801989555,104.672217846,3
1057,97.3939640522,104.682615995,3
1058,97.4057819843,104.698418856,3
1059,97.4217460155,104.709568977,3
1060,97.4361789227,104.728920937,3
1061,97.4480700493,104.73843503,3
1062,97.4609248638,104.74989295,3
1063,97.4724490643,104.766450882,3
1064,97.489358902,104.779542923,3
1065,97.5013289452,104.795315027,3
1066,97.513463974,104.803614855,1
1067,97.5261268616,104.814898014,1
1068,97.5376420021,104.82651782,1
1069,97.5530390739,104.846709013,1
1070,97.564688921,104.853790045,1
1071,97.5766198635,104.866415024,1
1072,97.5895709991,104.877254009,1
1073,97.6063249111,104.897537947,1
1074,97.6219649315,104.910254955,1
1075,97.6336660385,104.92366004,1
1076,97.6457588673,104.939184904,1
1077,97.6621148586,104.951966047,1
1078,97.6751718521,104.965015888,1
1079,97.6882040501,104.98295188,1
1080,97.7008450031,104.989706039,1
1081,97.7126450539,105.000505924,1
1082,97.7243778706,105.013509035,1
1083,97.7368450165,105.028700829,1
1084,97.7487530708,105.037686825,1
1085,97.7633600235,105.051936865,1
1086,97.7751789093,105.063114882,1
1087,97.787031889,105.078250885,1
1088,97.7990689278,105.088487864,1
1089,97.8117818832,105.101310015,1
1090,97.8262579441,105.117383957,1
1091,97.8389089108,105.133267879,1
1092,97.8512320518,105.141458988,1
1093,97.8639369011,105.153002977,1
1094,97.8764669895,105.165555954,1
1095,97.8889169693,105.179069996,1
1096,97.9051129818,105.193316936,1
1097,97.9185550213,105.206888914,1
1098,97.9343659878,105.22337985,1
1099,97.9470040798,105.235129833,1
1100,97.9586749077,105.247274876,1
1101,97.9712018967,105.264127016,1
1102,97.9895119667,105.278208017,1
1103,98.0017719269,105.29108882,1
1104,98.0137789249,105.302249908,1
1105,98.0259130001,105.315114021,1
1106,98.0380790234,105.328328848,1
1107,98.050276041,105.339784861,1
1108,98.0623328686,105.351693869,1
1109,98.0746438503,105.36390996,1
1110,98.0869779587,105.375581026,1
1111,98.0995628834,105.388504028,1
1112,98.1136689186,105.401778936,1
1113,98.1274490356,105.415689945,1
1114,98.1409630775,105.429016829,1
1115,98.1553659439,105.445325851,1
1116,98.1689870358,105.457509995,1
1117,98.1810839176,105.470491886,1
1118,98.1931860447,105.481729984,1
1119,98.2061700821,105.493770838,1
1120,98.2186799049,105.507028818,1
1121,98.2304689884,105.522034883,1
1122,98.2431440353,105.531745911,3
1123,98.2551729679,105.543819904,3
1124,98.2671890259,105.557904005,3
1125,98.279599905,105.569252014,3
1126,98.2922039032,105.588433981,3
1127,98.3038709164,105.593834877,3
1128,98.3156850338,105.606822014,3
1129,98.3272829056,105.617601871,3
1130,98.3387019634,105.632845879,3
1131,98.352383852,105.645148993,3
1132,98.3651108742,105.656664848,3
1133,98.3767290115,105.665433884,3
1134,98.3901400566,105.679308891,3
1135,98.4033060074,105.694015026,3
1136,98.4151320457,105.703711987,3
1137,98.4272918701,105.715965033,3
1138,98.4420740604,105.731220007,3
1139,98.4537038803,105.744264841,3
1140,98.4653000832,105.755174875,3
1141,98.4770290852,105.766394854,3
1142,98.4895699024,105.779989004,3
1143,98.501488924,105.789369822,3
1144,98.5142679214,105.803375006,3
1145,98.5294220448,105.819083929,3
1146,98.5410408974,105.830076933,3
1147,98.5533020496,105.842097998,3
1148,98.5648858547,105.855541945,3
1149,98.5769128799,105.866331816,3
1150,98.5885629654,105.87834096,3
1151,98.6002230644,105.888520002,3
1152,98.6118929386,105.900166035,3
1153,98.6236639023,105.911872864,3
1154,98.6356809139,105.92432189,3
1155,98.6480989456,105.944232941,3
1156,98.6599850655,105.949054003,3
1157,98.6716580391,105.959635019,3
1158,98.6836569309,105.974426031,3
1159,98.6955900192,105.983789921,3
1160,98.7073800564,105.996320009,3
1161,98.719796896,106.009819031,3
1162,98.7323849201,106.024369001,3
1163,98.7449960709,106.035930872,3
1164,98.7570018768,106.046140909,3
1165,98.7691369057,106.059854984,3
1166,98.7809588909,106.070624828,3
1167,98.7933418751,106.081519842,3
1168,98.8072199821,106.096735001,3
1169,98.818956852,106.118129969,3
1170,98.8308908939,106.119627953,3
1171,98.8423540592,106.130393982,3
1172,98.8541629314,106.143083811,3
1173,98.8662140369,106.157642841,3
1174,98.8793830872,106.167786837,1
1175,98.8916568756,106.186034918,1
1176,98.9053149223,106.19618988,1
1177,98.9176979065,106.207607985,1
1178,98.92999506,106.220441818,1
1179,98.942704916,106.237571955,1
1180,98.9552590847,106.254669905,1
1181,98.9769239426,106.269770861,1
1182,98.9912810326,106.280490875,1
1183,99.0055248737,106.29447794,1
1184,99.0172960758,106.306071997,1
1185,99.0291659832,106.318028927,1
1186,99.0407328606,106.328984022,1
1187,99.0524539948,106.34105587,1
1188,99.064825058,106.355862856,1
1189,99.0805718899,106.370806932,1
1190,99.0935959816,106.382385969,1
1191,99.1057500839,106.397569895,1
1192,99.1174190044,106.407132864,1
1193,99.1296789646,106.418475866,1
1194,99.1442449093,106.433902979,1
1195,99.1590590477,106.452837944,1
1196,99.1718869209,106.464792013,1
1197,99.1835038662,106.481788874,1
1198,99.202890873,106.493779898,1
1199,99.2162590027,106.507664919,1
1200,99.2280828953,106.519603968,1
1201,99.2420210838,106.53274703,1
1202,99.2538259029,106.547250986,1
1203,99.2655689716,106.563459873,1
1204,99.2774989605,106.56910491,1
1205,99.2897529602,106.583700895,1
1206,99.3012969494,106.593607903,1
1207,99.3136558533,106.607296944,1
1208,99.3269588947,106.61619997,1
1209,99.338958025,106.633239985,1
1210,99.3531210423,106.64221096,1
1211,99.3672749996,106.657575846,1
1212,99.3803100586,106.67414403,1
1213,99.3919649124,106.681119919,1
1214,99.4093010426,106.701243877,1
1215,99.4219009876,106.713402987,1
1216,99.4381868839,106.730515003,1
1217,99.4498579502,106.738652945,1
1218,99.4619328976,106.752367973,1
1219,99.475135088,106.76935792,1
1220,99.4900159836,106.778749943,1
1221,99.5017828941,106.793344975,1
1222,99.5136229992,106.806565046,1
1223,99.526278019,106.816696882,1
1224,99.5379319191,106.830816031,3
1225,99.5495550632,106.841017008,3
1226,99.5625729561,106.854116917,3
1227,99.5750749111,106.866474867,3
1228,99.5927960873,106.883249998,3
1229,99.6054148674,106.894829988,3
1230,99.6176509857,106.907282829,3
1231,99.6293928623,106.917680979,3
1232,99.6411149502,106.931258917,3
1233,99.654419899,106.94619894,3
1234,99.6659178734,106.955528975,3
1235,99.6776459217,106.967417955,3
1236,99.692647934,106.985358953,3
1237,99.7059578896,106.995679855,3
1238,99.7186498642,107.007916927,3
1239,99.7317218781,107.021353006,3
1240,99.7433378696,107.034252882,3
1241,99.7549848557,107.044535875,3
1242,99.7699198723,107.061836958,3
1243,99.7857649326,107.077710867,3
1244,99.797426939,107.086370945,3
1245,99.8092498779,107.099508047,3
1246,99.8226659298,107.112224817,3
1247,99.835506916,107.127882957,3
1248,99.8470640182,107.137058973,3
1249,99.8615720272,107.149731874,3
1250,99.8734130859,107.163203955,3
1251,99.8851809502,107.174448013,3
1252,99.8968908787,107.186108828,3
1253,99.9124059677,107.20103693,3
1254,99.9256529808,107.216601849,3
1255,99.9374830723,107.228704929,3
1256,99.9493360519,107.238482952,3
1257,99.9613649845,107.251559973,3
1258,99.9731469154,107.263363838,3
1259,99.9874620438,107.27808404,3
1260,100.000212908,107.290258884,3
1261,100.012709856,107.302090883,3
1262,100.026013851,107.316293001,3
1263,100.038490057,107.330071926,3
1264,100.051593065,107.342463017,3
1265,100.063853979,107.35468483,3
1266,100.075605869,107.365409851,3
1267,100.087147951,107.376370907,3
1268,100.098917961,107.388049841,3
1269,100.112252951,107.402074814,3
1270,100.124985933,107.414768934,3
1271,100.136812925,107.424813032,3
1272,100.14912796,107.439113855,3
1273,100.161126852,107.450919867,3
1274,100.172930002,107.46169281,1
1275,100.185019016,107.47682786,1
1276,100.197757006,107.487197876,1
1277,100.211420059,107.503371,1
1278,100.224449873,107.512925863,1
1279,100.237765074,107.52688098,1
1280,100.250124931,107.539330006,1
1281,100.262724876,107.550961018,1
1282,100.275722027,107.56656599,1
1283,100.287739992,107.577023983,1
1284,100.299916029,107.59439683,1
1285,100.31188798,107.60056591,1
1286,100.323895931,107.618736029,1
1287,100.341310978,107.629339933,1
1288,100.357544899,107.647114038,1
1289,100.369709969,107.659054995,1
1290,100.38111186,107.669641972,1
1291,100.395070076,107.684113026,1
1292,100.408545971,107.698309898,1
1293,100.421206951,107.710362911,1
1294,100.432887077,107.722198009,1
1295,100.445528984,107.734331846,1
1296,100.457349062,107.746542931,1
1297,100.469033957,107.758169889,1
1298,100.48059392,107.769117832,1
1299,100.492799044,107.782718897,1
1300,100.504180908,107.793442965,1
1301,100.515963078,107.806525946,1
1302,100.530348063,107.823715925,1
1303,100.542427063,107.832042933,1
1304,100.553845882,107.845129013,1
1305,100.565854073,107.856849909,1
1306,100.578863859,107.870363951,1
1307,100.590357065,107.878512859,1
1308,100.602128029,107.895128965,1
1309,100.614332914,107.902820826,1
1310,100.625995874,107.915983915,1
1311,100.639034033,107.927476883,1
1312,100.651170969,107.944072008,1
1313,100.664227009,107.953678846,1
1314,100.675627947,107.964331865,1
1315,100.688917875,107.979884863,1
1316,100.701302052,107.990738869,1
1317,100.713867903,108.002467871,1
1318,100.726027012,108.014755964,1
1319,100.740705013,108.02973485,1
1320,100.752534866,108.041312933,1
1321,100.764435053,108.05990386,1
1322,100.776172876,108.065594912,1
1323,100.790723085,108.079207897,1
1324,100.802433014,108.091820002,1
1325,100.814630032,108.105749846,1
1326,100.829076052,108.118574858,1
1327,100.841016054,108.130653858,1
1328,100.854690075,108.144215822,1
1329,100.867964983,108.158601999,3
1330,100.882212877,108.171275854,3
1331,100.894379854,108.182788849,3
1332,100.907793045,108.198051929,3
1333,100.919867039,108.210520029,3
1334,100.93146801,108.222251892,3
1335,100.943362951,108.232338905,3
1336,100.955420971,108.243886948,3
1337,100.967004061,108.256332874,3
1338,100.978945971,108.267421961,3
1339,100.990793943,108.280314922,3
1340,101.002258062,108.290627956,3
1341,101.015641928,108.305320978,3
1342,101.028109074,108.316314936,3
1343,101.040480852,108.329672813,3
1344,101.052706957,108.341053963,3
1345,101.06476593,108.359481812,3
1346,101.076768875,108.36589694,3
1347,101.089277983,108.382576942,3
1348,101.101296902,108.392421961,3
1349,101.118381023,108.411818027,3
1350,101.130521059,108.419270039,3
1351,101.142540932,108.433542013,3
1352,101.155850887,108.449000835,3
1353,101.168303967,108.463068008,3
1354,101.185522079,108.482187986,3
1355,101.202779055,108.492794991,3
1356,101.214423895,108.505245924,3
1357,101.226722002,108.516011,3
1358,101.239706993,108.536334991,3
1359,101.256169081,108.552772045,3
1360,101.268445015,108.563653946,3
1361,101.280108929,108.56950593,3
1362,101.291735888,108.580961943,3
1363,101.303546906,108.599222898,3
1364,101.316250086,108.607595921,3
1365,101.328249931,108.616691828,3
1366,101.341620922,108.630029917,3
1367,101.356293917,108.64512682,3
1368,101.367848873,108.657577038,3
1369,101.379459858,108.667866945,3
1370,101.391686916,108.685107946,3
1371,101.408084869,108.698554993,3
1372,101.421844959,108.711779833,3
1373,101.436444998,108.727895975,3
1374,101.44984293,108.742676973,3
1375,101.461461067,108.74976182,3
1376,101.476000071,108.765275955,3
1377,101.489454031,108.780936003,3
1378,101.502769947,108.79489994,3
1379,101.515085936,108.803273916,3
1380,101.526818991,108.817957878,3
1381,101.538474083,108.833065033,3
1382,101.550626993,108.844606876,1
1383,101.563471079,108.860270023,1
1384,101.575304031,108.864609003,1
1385,101.587131977,108.878144026,1
1386,101.600048065,108.889833927,1
1387,101.612500906,108.900682926,1
1388,101.62398386,108.913061857,1
1389,101.638382912,108.92860198,1
1390,101.651757956,108.946553946,1
1391,101.665060043,108.956650019,1
1392,101.67710495,108.967689991,1
1393,101.688994884,108.979259968,1
1394,101.700844049,108.993319035,1
1395,101.714207888,109.004597902,1
1396,101.72625494,109.015769005,1
1397,101.738293886,109.027268887,1
1398,101.750596046,109.040505886,1
1399,101.762784004,109.051841021,1
1400,101.774574995,109.064221859,1
1401,101.787026882,109.07764101,1
1402,101.798555851,109.087692976,1
1403,101.810193062,109.100150824,1
1404,101.823719025,109.114820004,1
1405,101.835664988,109.124455929,1
1406,101.847265005,109.137269974,1
1407,101.859225988,109.150172949,1
1408,101.874830961,109.165381908,1
1409,101.891022921,109.181733847,1
1410,101.903702974,109.193702936,1
1411,101.916230917,109.207211018,1
1412,101.928027868,109.218581915,1
1413,101.942811012,109.233418941,1
1414,101.954684973,109.245774031,1
1415,101.967093945,109.261031866,1
1416,101.979282856,109.268170834,1
1417,101.99187398,109.284152985,1
1418,102.011879921,109.300683975,1
1419,102.023835897,109.315304041,1
1420,102.0385499,109.330296993,1
1421,102.050135851,109.341938972,1
1422,102.062577963,109.357818842,1
1423,102.074068069,109.368063927,1
1424,102.08780098,109.377022028,1
1425,102.099814892,109.390728951,1
1426,102.112290859,109.406586885,1
1427,102.124558926,109.414880037,1
1428,102.136326075,109.425032854,1
1429,102.148397923,109.441756964,1
1430,102.162062883,109.454676867,1
1431,102.175914049,109.466347933,1
1432,102.188950062,109.482743025,1
1433,102.205868959,109.498374939,1
1434,102.217993975,109.508671045,1
1435,116.236572981,123.525295973,2
1436,116.249135971,123.538591862,2
1437,116.260653973,123.549046993,2
1438,116.275341034,123.563890934,2
1439,116.287672997,123.577865839,2
1440,116.300425053,123.591179848,2
1441,116.312398911,123.600826025,2
1442,116.32414794,123.614413977,2
1443,116.337226868,123.627434015,2
1444,116.350561857,123.645357847,2
1445,116.362112045,123.654075861,2
1446,116.374532938,123.662976027,2
1447,116.388452053,123.676869869,2
1448,116.400209904,123.688742876,2
1449,116.411699057,123.700604916,2
1450,116.425484896,123.713757038,2
1451,116.437306881,123.729598999,2
1452,116.450006008,123.739289045,2
1453,116.462779045,123.751796961,2
1454,116.475986004,123.764349937,2
1455,116.487740993,123.782855034,2
1456,116.510230064,123.798997879,2
1457,116.523262978,123.812388897,2
1458,116.535076857,123.827340841,2
1459,116.549855947,123.838570833,2
1460,116.56169486,123.850427866,2
1461,116.574599028,123.864495039,2
1462,116.586483002,123.878651857,2
1463,116.602410078,123.897464037,2
1464,116.614569902,123.903654814,2
1465,116.628648043,123.917026997,2
1466,116.640892029,123.932651997,2
1467,116.65328908,123.947963953,2
1468,116.665284872,123.954773903,2
1469,116.676754951,123.964733839,2
1470,116.688512087,123.980566025,2
1471,116.700106859,123.992971897,2
1472,116.712066889,124.001106024,2
1473,116.723501921,124.012106895,2
1474,116.739575863,124.040941954,2
1475,116.751327038,124.048398972,2
1476,116.763361931,124.055011988,2
1477,116.775259972,124.067302942,2
1478,116.78708601,124.08071804,2
1479,116.799911976,124.100620985,2
1480,116.812252045,124.123806,2
1481,116.824636936,124.141275883,2
1482,116.840009928,124.165352821,2
1483,116.852140903,124.178194046,2
1484,116.863888025,124.186530828,2
1485,116.875526905,124.200414896,2
1486,116.887619972,124.209362984,2
1487,116.899992943,124.213778973,2
1488,116.911787987,124.246976852,0
1489,116.923695087,124.247861862,0
1490,116.935241938,124.251853943,0
1491,116.94696188,124.252735853,0
1492,116.960484028,124.253999949,0
1493,116.97209692,124.274006844,0
1494,116.983883858,124.295092821,0
1495,116.995778084,124.300963879,0
1496,117.007514,124.30584383,0
1497,117.020215034,124.310230017,0
1498,117.032959938,124.322461843,0
1499,117.048248053,124.339403868,0
1500,117.06022191,124.348758936,0
1501,117.071641922,124.361304998,0
1502,117.084858894,124.373953819,0
1503,117.096366882,124.386502028,0
1504,117.110231876,124.399699926,0
1505,117.124522924,124.413455009,0
1506,117.136610985,124.425745964,0
1507,117.148266077,124.438165903,0
1508,117.160633087,124.450593948,0
1509,117.176182032,124.464463949,0
1510,117.188343048,124.480526924,0
1511,117.204463005,124.51178503,0
1512,117.233671904,124.53291297,0
1513,117.248091936,124.536801815,0
1514,117.262059927,124.55064702,0
1515,117.278388977,124.57147193,0
1516,117.295750856,124.584482908,0
1517,117.308899879,124.597781897,0
1518,117.321251869,124.6113379,0
1519,117.332952023,124.621156931,0
1520,117.345465899,124.633792877,0
1521,117.357824087,124.646785021,0
1522,117.37132287,124.660459995,0
1523,117.3866539,124.674710035,0
1524,117.399182081,124.68720293,0
1525,117.411305904,124.699717045,0
1526,117.423042059,124.711262941,0
1527,117.434947968,124.72676897,0
1528,117.448029041,124.737046003,0
1529,117.46016407,124.755147934,0
1530,117.478873014,124.768505812,0
1531,117.49283886,124.784646988,0
1532,117.505931854,124.794975996,0
1533,117.518828869,124.810919046,0
1534,117.538352966,124.828903913,0
1535,117.551208973,124.844364882,0
1536,117.563040972,124.851891994,0
1537,117.574693918,124.862900972,0
1538,117.587132931,124.882643938,0
1539,117.59977603,124.889708996,0
1540,117.613023996,124.902333021,0
1541,131.645678997,138.936142921,3
1542,131.657449007,138.947206974,3
1543,131.675540924,138.968497038,3
1544,131.687382936,138.977798939,3
1545,131.699590921,138.989986897,3
1546,131.711462975,139.004307985,3
1547,131.723155022,139.014428854,3
1548,131.735029936,139.024471045,3
1549,131.746783018,139.036362886,3
1550,131.75842905,139.05022788,3
1551,131.770590067,139.059926987,3
1552,131.782804966,139.073071957,3
1553,131.796961069,139.085393906,3
1554,131.809146881,139.101330042,3
1555,131.827839851,139.116405964,3
1556,131.840847969,139.13498497,3
1557,131.853175879,139.141475916,3
1558,131.864853859,139.158241987,3
1559,131.881337881,139.17017293,3
1560,131.89575696,139.184468985,3
1561,131.907685041,139.195727825,3
1562,131.919041872,139.206801891,3
1563,131.932762861,139.227035046,3
1564,131.944349051,139.233340025,3
1565,131.957244873,139.245280981,3
1566,131.968733072,139.256568909,3
1567,131.982349873,139.271199942,3
1568,131.997467995,139.286243916,3
1569,132.009597063,139.299118042,3
1570,132.021908045,139.310905933,3
1571,132.034653902,139.323487043,3
1572,132.046278,139.334718943,3
1573,132.057888031,139.354342937,3
1574,132.069550991,139.359011889,3
1575,132.081345081,139.372447968,3
1576,132.093479872,139.382184029,3
1577,132.106540918,139.395573854,3
1578,132.119456053,139.408397913,3
1579,132.13144803,139.41949892,3
1580,132.143951893,139.436826944,3
1581,132.155612946,139.444697857,3
1582,132.169522047,139.464365959,3
1583,132.182115078,139.473564863,3
1584,132.195647955,139.487790823,3
1585,132.208706856,139.500201941,3
1586,132.220645905,139.514844894,3
1587,132.233454943,139.523646832,3
1588,132.245076895,139.540630817,3
1589,132.260716915,139.550163984,3
1590,132.274288893,139.564576864,3
1591,132.285844088,139.57754302,3
1592,132.29759407,139.594238997,3
1593,132.309113979,139.598428965,3
1594,132.320568085,139.609009981,3
1595,132.332386017,139.623697042,3
1596,132.343978882,139.632432938,3
1597,132.356338024,139.644116879,3
1598,132.368018866,139.656273842,1
1599,132.379711866,139.667526007,1
1600,132.393921852,139.682221889,1
1601,132.40611887,139.695400953,1
1602,132.418740034,139.706869841,1
1603,132.43057704,139.726819992,1
1604,132.442420006,139.73136282,1
1605,132.454915047,139.743487835,1
1606,132.46675992,139.755753994,1
1607,132.47972703,139.76906085,1
1608,132.491783857,139.783237934,1
1609,132.503803968,139.791976929,1
1610,132.515514851,139.804138899,1
1611,132.529394865,139.817857981,1
1612,132.540843964,139.829999924,1
1613,132.552875996,139.84155488,1
1614,132.565356016,139.854157925,1
1615,132.577964067,139.872033834,1
1616,132.590502024,139.885666847,1
1617,132.60776186,139.897094011,1
1618,132.621012926,139.911587,1
1619,132.633287907,139.923096895,1
1620,132.645436049,139.939306974,1
1621,132.657429934,139.948030949,1
1622,132.67136097,139.960209846,1
1623,132.684983969,139.974956036,1
1624,132.697594881,139.987535,1
1625,132.709507942,140.001466036,1
1626,132.721553087,140.010545969,1
1627,132.733407021,140.029135942,1
1628,132.745534897,140.034128904,1
1629,132.758383989,140.046844959,1
1630,132.770690918,140.060196877,1
1631,132.782684088,140.071311951,1
1632,132.794219971,140.082918882,1
1633,132.812120914,140.100682974,1
1634,132.824976921,140.113852024,1
1635,132.836987019,140.12775898,1
1636,132.848855972,140.138648033,1
1637,132.860732079,140.149101019,1
1638,132.876235962,140.165292978,1
1639,132.887842894,140.186722994,1
1640,132.899708033,140.189476013,1
1641,132.911550999,140.200209856,1
1642,132.92414999,140.213570833,1
1643,132.938528061,140.228418827,1
1644,132.950948954,140.240626812,1
1645,132.963442087,140.253329992,1
1646,132.975494862,140.264456034,1
1647,132.987401962,140.276103973,1
1648,132.999348879,140.288761854,3
1649,133.011478901,140.300889015,3
1650,133.023187876,140.313360929,3
1651,133.035284042,140.324237823,3
1652,133.047152996,140.337798834,3
1653,133.059360027,140.348510981,3
1654,133.072779894,140.362210989,3
1655,133.08453989,140.373455048,3
1656,133.09759903,140.386023998,3
1657,133.109253883,140.398056984,3
1658,133.121094942,140.410440922,3
1659,133.132925034,140.42176199,3
1660,133.146897078,140.439941883,3
1661,133.158889055,140.448293924,3
1662,133.172380924,140.463316917,3
1663,133.18671608,140.475248814,3
1664,133.198907852,140.489264011,3
1665,133.211436033,140.500226974,3
1666,133.225018024,140.514629841,3
1667,133.236892939,140.528434992,3
1668,133.248522043,140.537577868,3
1669,133.261206865,140.550076962,3
1670,133.273115873,140.561925888,3
1671,133.285250902,140.573243856,3
1672,133.297357082,140.593071938,3
1673,133.312777996,140.601835012,3
1674,133.324648857,140.617401838,3
1675,133.336214066,140.625867844,3
1676,133.347956896,140.637964964,3
1677,133.360071898,140.653506041,3
1678,133.372457981,140.662998915,3
1679,133.38477397,140.672883034,3
1680,133.398889065,140.689716816,3
1681,133.411292076,140.699954987,3
1682,133.422942877,140.712997913,3
1683,133.434788942,140.723466873,3
1684,133.446352005,140.734829903,3
1685,133.46211791,140.753172874,3
1686,133.484946966,140.773784876,3
1687,133.497170925,140.78766799,3
1688,133.510608912,140.799090862,3
1689,133.52372098,140.817240953,3
1690,133.536109924,140.82792592,3
1691,133.548333883,140.836884975,3
1692,133.560095072,140.849355936,3
1693,133.571583033,140.862251997,3
1694,133.583513021,140.873956919,3
1695,133.594980001,140.884435892,3
1696,133.606716871,140.897735834,3
1697,133.619896889,140.90971303,3
1698,133.633774996,140.92292285,3
1699,133.64713192,140.936977863,3
1700,133.658820868,140.955159903,1
1701,133.672318935,140.968762875,1
1702,133.684387922,140.972600937,1
1703,133.696372986,140.989173889,1
1704,133.709605932,140.999939919,1
1705,133.723185062,141.01217103,1
1706,133.735610962,141.026329994,1
1707,133.747153044,141.038527012,1
1708,133.758923054,141.056480885,1
1709,133.771369934,141.062589884,1
1710,133.783034086,141.071203947,1
1711,133.79526186,141.088485956,1
1712,133.807283878,141.096102953,1
1713,133.819225073,141.112797022,1
1714,133.831470966,141.119690895,1
1715,133.846091986,141.137733936,1
1716,133.857852936,141.153177977,1
1717,133.873780966,141.163144827,1
1718,133.889641047,141.178925037,1
1719,133.902688026,141.19442296,1
1720,133.914604902,141.207474947,1
1721,133.927547932,141.219489813,1
1722,133.939598083,141.236620903,1
1723,133.951581955,141.244307041,1
1724,133.963800907,141.253120899,1
1725,133.976134062,141.268195868,1
1726,133.988040924,141.277796984,1
1727,134.000244856,141.294500828,1
1728,134.012831926,141.306501865,1
1729,134.027427912,141.317549944,1
1730,134.040261984,141.332270861,1
1731,134.052486897,141.341102839,1
1732,134.064487934,141.356873989,1
1733,134.078305006,141.37211585,1
1734,134.09872508,141.39545393,1
1735,134.113873959,141.403635025,1
1736,134.126349926,141.421857834,1
1737,134.14191699,141.443665981,1
1738,134.154396057,141.449844837,1
1739,134.172899961,141.463167906,1
1740,134.184835911,141.475217819,1
1741,134.19800806,141.487169981,1
1742,134.212323904,141.501418829,1
1743,134.226397991,141.517324924,1
1744,134.238715887,141.527993917,1
1745,134.25244689,141.543577909,1
1746,134.266679049,141.55934,1
1747,134.284610987,141.575284958,1
1748,134.296599865,141.596164942,1
1749,134.308908939,141.602313995,1
1750,134.320636988,141.613415956,1
1751,134.335752964,141.628010035,1
1752,134.348020077,141.636749029,1
1753,148.368603945,155.658346891,2
1754,148.380960941,155.671370983,2
1755,148.392710924,155.681404829,2
1756,148.404591084,155.693076849,2
1757,148.418639898,155.707212925,2
1758,148.430733919,155.72022295,2
1759,148.4430089,155.732758999,2
1760,148.455772877,155.744129896,2
1761,148.467720985,155.761024952,2
1762,148.482974052,155.771874905,2
1763,148.494776964,155.783988953,2
1764,148.507782936,155.797166824,2
1765,148.520484924,155.809887886,2
1766,148.532955885,155.82427597,2
1767,148.546500921,155.836160898,2
1768,148.559896946,155.850579977,2
1769,148.575170994,155.865537882,2
1770,148.588157892,155.877351046,2
1771,148.60045886,155.889837027,2
1772,148.612616062,155.902032852,2
1773,148.624816895,155.916985989,2
1774,148.638828993,155.927429914,2
1775,148.655060053,155.943837881,2
1776,148.666836023,155.955243826,2
1777,148.67936492,155.968006849,2
1778,148.691974878,155.984767914,2
1779,148.705492973,155.994272947,2
1780,148.717815876,156.007551908,2
1781,148.732353926,156.02364397,2
1782,148.74632597,156.036600828,2
1783,148.759248972,156.048336983,2
1784,148.771430016,156.060443878,2
1785,148.78322506,156.071218014,2
1786,148.802130938,156.090548992,2
1787,148.813651085,156.107465982,2
1788,148.833337069,156.124544859,2
1789,148.844924927,156.134600878,2
1790,148.856544971,156.14455986,2
1791,148.869080067,156.158742905,2
1792,148.881412983,156.170433998,2
1793,148.896076918,156.187345028,2
1794,148.910501003,156.199090004,2
1795,148.922885895,156.210980892,2
1796,148.935847998,156.225831032,2
1797,148.948051929,156.235963821,2
1798,148.961082935,156.251526833,2
1799,148.975010872,156.265869856,2
1800,148.987699032,156.276362896,2
1801,148.999539852,156.288167,2
1802,149.011170864,156.299422979,2
1803,149.02314806,156.313405037,2
1804,149.035013914,156.325109959,2
1805,149.046781063,156.334964991,2
1806,149.058796883,156.346904993,2
1807,149.074801922,156.376379013,2
1808,149.087564945,156.379308939,2
1809,149.100419044,156.390444994,2
1810,149.116266012,156.40633893,2
1811,149.127989054,156.416265011,2
1812,149.139746904,156.427637815,2
1813,149.152742863,156.443258047,0
1814,149.164392948,156.453176975,0
1815,149.177365065,156.466536999,0
1816,149.189276934,156.483165026,0
1817,149.206140995,156.5011549,0
1818,149.219522953,156.507436037,0
1819,149.231865883,156.521685839,0
1820,149.245657921,156.53461194,0
1821,149.258319855,156.547432899,0
1822,149.270137072,156.560127974,0
1823,149.283313036,156.571761847,0
1824,149.297764063,156.587373018,0
1825,149.309566975,156.601096869,0
1826,149.321233034,156.625131845,0
1827,149.333401918,156.630991936,0
1828,149.346651077,156.636634827,0
1829,149.361748934,156.650303841,0
1830,149.373715878,156.662089825,0
1831,149.385658979,156.675562859,0
1832,149.397451878,156.685721874,0
1833,149.409069061,156.697454929,0
1834,149.421220064,156.709457874,0
1835,149.433608055,156.72257185,0
1836,149.445477962,156.734606028,0
1837,149.457308054,156.751996994,0
1838,149.469137907,156.757956028,0
1839,149.480799913,156.769846916,0
1840,149.492937088,156.788415909,0
1841,149.505626917,156.794308901,0
1842,149.517807007,156.806079865,0
1843,149.529855013,156.819923878,0
1844,149.54169488,156.837584972,0
1845,149.55358696,156.842388868,0
1846,149.565584898,156.854315042,0
1847,149.577286005,156.866770983,0
1848,149.588993073,156.879317999,0
1849,149.601291895,156.890091896,0
1850,149.612782001,156.903086901,0
1851,149.624659061,156.915766954,0
1852,149.640780926,156.929813862,0
1853,149.653297901,156.94351387,0
1854,149.665428877,156.957834959,0
1855,149.677072048,156.96813798,0
1856,149.689357042,156.977404833,0
1857,149.701314926,156.989964962,0
1858,149.712975025,157.001332998,0
1859,149.725579977,157.015375853,0
1860,149.738146067,157.026427031,0
1861,149.749827862,157.037871838,0
1862,149.762069941,157.053174973,0
1863,149.774445057,157.069115877,0
1864,149.789442062,157.078085899,0
1865,149.800854921,157.090979815,0
1866,149.813179016,157.101397991,0
1867,149.824760914,157.114233971,0
1868,149.836971045,157.128798962,0
1869,149.84858799,157.143133879,0
1870,149.86522007,157.153511047,0
1871,149.877971888,157.166736841,0
1872,163.901660919,172.175505877,3
1873,163.914059877,172.176690817,3
1874,163.927133083,172.178263903,3
1875,163.939195871,172.219409943,3
1876,163.952080965,172.32890892,3
1877,163.96713686,172.668325901,3
1886,164.078640938,172.669891834,3
1887,164.09038806,172.673316956,3
1888,164.103185892,172.677094936,3
1889,164.114726067,172.678673029,3
1890,164.126656055,172.679410934,3
1891,164.144092083,172.716611862,3
1905,164.324332952,172.718631983,3
1906,164.335828066,172.720299959,3
1907,164.347848892,172.72258997,3
1908,164.36006999,172.723500013,3
1909,164.372096062,172.724304914,3
1910,164.384021044,172.725244045,3
1911,164.396492004,172.725987911,3
1912,164.413341045,172.72667098,3
1913,164.429941893,172.72755599,3
1914,164.441963911,172.728518963,3
1948,164.864664078,172.729477882,3
1973,165.201390982,172.730269909,3
1974,165.216609001,172.765089989,3
1975,165.228093863,172.765841007,3
1984,165.341564894,172.766480923,3
1985,165.353227854,172.766940832,3
1986,165.369613886,172.827634811,3
1987,165.383107901,172.829020023,3
1988,165.395359993,172.830466986,3
1989,165.407351017,172.926939011,3
1990,165.42075491,172.929875851,3
1991,165.432108879,172.970006943,3
1992,165.444190979,172.971534967,3
1993,165.457084894,172.973973036,3
1997,165.505941868,172.976368904,3
1998,165.517673016,172.978097916,3
1999,165.529622078,172.980437994,3
2000,165.541579962,173.016615868,3
