PacketSeqNo,GeneratingTime,ArrivalTime,MulticastIdx
1,0.00191283226013,12.248267889,1
2,0.0141139030457,12.26212883,1
3,0.0268619060516,12.2727189064,1
4,0.0395188331604,12.2874188423,1
5,0.0522229671478,12.3008208275,1
6,0.0646078586578,12.3103699684,1
7,0.0771269798279,12.330229044,1
8,0.0895500183105,12.3386249542,1
9,0.102423906326,12.3504350185,1
10,0.115697860718,12.3664088249,1
11,0.13014793396,12.378898859,1
12,0.142910957336,12.3906998634,1
13,0.155884981155,12.4029738903,1
14,0.16765499115,12.4131250381,1
15,0.179616928101,12.4310338497,1
16,0.193650960922,12.4623539448,1
17,0.223420858383,12.4691278934,1
18,0.235211849213,12.4804320335,1
19,0.24671792984,12.4921619892,1
20,0.25866985321,12.5067100525,1
21,0.270982980728,12.5170068741,1
22,0.283728837967,12.5293428898,1
23,0.296089887619,12.5423688889,1
24,0.308427810669,12.5612728596,1
25,0.320791959763,12.5683839321,1
26,0.33327794075,12.5803189278,1
27,0.345556020737,12.5927598476,1
28,0.357933998108,12.605383873,1
29,0.370252847672,12.6176359653,1
30,0.382607936859,12.6305129528,1
31,0.394801855087,12.6449928284,1
32,0.406920909882,12.6533889771,1
33,0.419061899185,12.6662828922,1
34,0.431439876556,12.6793868542,1
35,0.443770885468,12.6901009083,1
36,0.456008911133,12.7032768726,1
37,24.4772679806,36.7241220474,2
38,24.4901537895,36.7392399311,2
39,24.5034308434,36.749227047,2
40,24.5152859688,36.7640039921,2
41,24.5280208588,36.775154829,2
42,24.5403709412,36.7850289345,2
43,24.5520889759,36.7975718975,2
44,24.5636219978,36.8104629517,2
45,24.5752158165,36.8221418858,2
46,24.590928793,36.8376219273,2
47,24.6032187939,36.8495960236,2
48,24.6155397892,36.8630979061,2
49,24.6277239323,36.8738598824,2
50,24.6398499012,36.8846998215,2
51,24.6516728401,36.8967130184,2
52,24.6633579731,36.9129240513,2
53,24.6755428314,36.9210028648,2
54,24.6875219345,36.9326758385,2
55,24.6996347904,36.9455230236,2
56,24.7114169598,36.9563138485,2
57,24.7256808281,36.9767889977,2
58,24.7399868965,36.9854719639,2
59,24.7545809746,37.0011179447,2
60,24.76638484,37.0107638836,2
61,24.7785389423,37.0229079723,2
62,24.7911098003,37.0360469818,2
63,24.8030769825,37.0495569706,2
64,24.8147029877,37.0598659515,2
65,24.8277299404,37.072783947,2
66,24.8404929638,37.0855989456,2
67,24.8523259163,37.0968499184,2
68,24.8648509979,37.1132090092,2
69,24.8774290085,37.1221859455,2
70,24.8913588524,37.1401889324,2
71,24.9030258656,37.1478829384,2
72,24.9158937931,37.1626629829,2
73,24.9275519848,37.1744740009,2
74,24.9391098022,37.1904079914,2
75,24.950827837,37.2019209862,2
76,24.962859869,37.2075870037,2
77,24.9756507874,37.2232308388,2
78,24.9881830215,37.2336268425,2
79,25.0001649857,37.2448608875,2
80,25.0129938126,37.2593479156,2
81,25.0254929066,37.2702820301,2
82,25.0405058861,37.2850298882,2
83,25.0520319939,37.2970199585,2
84,25.0639379025,37.3097200394,2
85,25.07584095,37.322357893,2
86,25.0887467861,37.3335020542,2
87,25.1031758785,37.3506269455,2
88,25.1155087948,37.3613848686,2
89,25.1271688938,37.3749358654,0
90,25.139264822,37.3842530251,0
91,25.1510608196,37.3968269825,0
92,25.1628239155,37.4099700451,0
93,25.1752808094,37.420981884,0
94,25.1938309669,37.4430119991,0
95,25.2148859501,37.4611680508,0
96,25.2269458771,37.4726059437,0
97,25.2426998615,37.4897539616,0
98,25.2605698109,37.5122289658,0
99,25.2764208317,37.5262889862,0
100,25.288107872,37.5338618755,0
101,25.3000907898,37.5465128422,0
102,25.3122990131,37.5583150387,0
103,25.3241789341,37.5747439861,0
104,25.33613801,37.5861058235,0
105,25.3478009701,37.5924220085,0
106,25.3592939377,37.6044909954,0
107,25.3707959652,37.6168830395,0
108,25.3834788799,37.6286258698,0
109,25.3951728344,37.6402409077,0
110,25.4076809883,37.6535680294,0
111,25.4193968773,37.6648139954,0
112,25.4318118095,37.676445961,0
113,25.4438037872,37.688546896,0
114,25.4564487934,37.7074928284,0
115,25.4686079025,37.7132518291,0
116,25.4803729057,37.7257950306,0
117,25.4946358204,37.739071846,0
118,25.5068199635,37.7514359951,0
119,25.5197877884,37.7692830563,0
120,25.5331988335,37.7775659561,0
121,25.5451350212,37.7940149307,0
122,25.5581829548,37.8026108742,0
123,25.5711419582,37.8162250519,0
124,25.5828289986,37.8292980194,0
125,25.5955629349,37.8399209976,0
126,25.6071939468,37.8540599346,0
127,25.6192979813,37.8654608727,0
128,25.6311089993,37.8759949207,0
129,25.6429958344,37.8898780346,0
130,25.6547679901,37.9001049995,0
131,25.6669178009,37.9143588543,0
132,25.6788740158,37.9259839058,0
133,25.6910538673,37.9378809929,0
134,25.7036118507,37.9523749352,0
135,25.715998888,37.9604990482,0
136,25.7282090187,37.9761989117,0
137,25.7401688099,37.9847888947,0
138,25.7553749084,38.008523941,0
139,25.7671768665,38.0122568607,0
140,25.779186964,38.0250370502,0
141,25.7915079594,38.0363428593,0
142,49.8143508434,62.058795929,3
143,49.8261489868,62.0720598698,3
144,49.8384540081,62.0834028721,3
145,49.8506259918,62.1016728878,3
146,49.862869978,62.1108689308,3
147,49.8746318817,62.1234178543,3
148,49.8865208626,62.1342308521,3
149,49.8983559608,62.144302845,3
150,49.910353899,62.1574268341,3
151,49.9222118855,62.1701660156,3
152,49.9343287945,62.1863620281,3
153,49.9462618828,62.1941189766,3
154,49.9580619335,62.2042908669,3
155,49.9700639248,62.2196178436,3
156,49.9825928211,62.2305238247,3
157,49.9964199066,62.2429659367,3
158,50.0083990097,62.2538039684,3
159,50.0212738514,62.2661578655,3
160,50.0335788727,62.2807300091,3
161,50.0469248295,62.3008749485,3
162,50.0587949753,62.3136599064,3
163,50.0705869198,62.3190610409,3
164,50.0828378201,62.3270509243,3
165,50.0952999592,62.3394930363,3
166,50.1075940132,62.3524849415,3
167,50.1193449497,62.3657078743,3
168,50.1316659451,62.3781819344,3
169,50.1441218853,62.3892939091,3
170,50.1593329906,62.4043660164,3
171,50.1721119881,62.4172170162,3
172,50.1837358475,62.4395618439,3
173,50.1953408718,62.4400038719,3
174,50.2070569992,62.4534158707,3
175,50.2193160057,62.4723720551,3
176,50.231058836,62.4755189419,3
177,50.2432458401,62.488339901,3
178,50.2561869621,62.5017440319,3
179,50.2681188583,62.5136020184,3
180,50.2798988819,62.5279359818,3
181,50.2918629646,62.5398669243,3
182,50.3050208092,62.5557558537,3
183,50.3167459965,62.5702579021,3
184,50.3291809559,62.5740959644,3
185,50.3412148952,62.5860600471,3
186,50.3534128666,62.6015708447,3
187,50.3658947945,62.6108589172,3
188,50.3792397976,62.6271209717,3
189,50.3913218975,62.6373429298,3
190,50.4035098553,62.6500089169,3
191,50.415378809,62.6609139442,3
192,50.427246809,62.671628952,3
193,50.4388740063,62.6842739582,3
194,50.4520637989,62.6967909336,3
195,50.4637877941,62.7119090557,3
196,50.4767718315,62.723690033,3
197,50.4887108803,62.7352769375,3
198,50.5012278557,62.7480449677,3
199,50.514647007,62.7603590488,3
200,50.5265250206,62.7727210522,3
201,50.5390570164,62.7888498306,1
202,50.5513579845,62.7976009846,1
203,50.5641160011,62.8113939762,1
204,50.5773768425,62.8238518238,1
205,50.5894808769,62.8416919708,1
206,50.6015348434,62.8485579491,1
207,50.6133229733,62.858757019,1
208,50.6250119209,62.8715360165,1
209,50.6367819309,62.8829088211,1
210,50.6489338875,62.8939459324,1
211,50.660741806,62.9060180187,1
212,50.6733078957,62.917637825,1
213,50.6856088638,62.9322419167,1
214,50.6975779533,62.9446828365,1
215,50.7092888355,62.9560420513,1
216,50.7223439217,62.9681420326,1
217,50.7349038124,62.9796009064,1
218,50.7469079494,62.9980649948,1
219,50.7591300011,63.0039868355,1
220,50.7714178562,63.0163040161,1
221,50.7834219933,63.0341229439,1
222,50.7956049442,63.0407009125,1
223,50.8079669476,63.0538539886,1
224,50.8203477859,63.0709719658,1
225,50.8322019577,63.0824830532,1
226,50.8442308903,63.0907800198,1
227,50.8564949036,63.1132810116,1
228,50.8685410023,63.1203918457,1
229,50.8810257912,63.1318948269,1
230,50.8933389187,63.1391570568,1
231,50.9052379131,63.150113821,1
232,50.9169738293,63.1621749401,1
233,50.928632021,63.1753900051,1
234,50.9407169819,63.1853969097,1
235,50.9539248943,63.1988089085,1
236,50.966137886,63.2112360001,1
237,50.9778928757,63.2226479053,1
238,50.9899888039,63.2354769707,1
239,51.0016849041,63.2473139763,1
240,51.0133888721,63.2581930161,1
241,51.027504921,63.2726428509,1
242,51.0399928093,63.2845818996,1
243,51.0520830154,63.2985498905,1
244,51.0652289391,63.309748888,1
245,51.0772910118,63.3220930099,1
246,51.089236021,63.335039854,1
247,51.1014139652,63.3461220264,1
248,51.1132879257,63.3576629162,1
249,51.1259129047,63.3714058399,1
250,51.1381599903,63.386425972,1
251,51.1499688625,63.3951079845,1
252,51.1624557972,63.4071910381,1
253,51.174672842,63.4206960201,1
254,51.1867690086,63.4330968857,1
255,51.1991798878,63.4452729225,1
256,75.2188959122,87.4657268524,2
257,75.2306499481,87.4769148827,2
258,75.2430558205,87.4883878231,2
259,75.2553138733,87.5049488544,2
260,75.2694950104,87.5140039921,2
261,75.2814469337,87.5291700363,2
262,75.29408288,87.5419640541,2
263,75.3060510159,87.5526499748,2
264,75.3183557987,87.5643949509,2
265,75.3306059837,87.5760948658,2
266,75.3427379131,87.587831974,2
267,75.3549468517,87.5999410152,2
268,75.3673260212,87.6118369102,2
269,75.3792278767,87.6250829697,2
270,75.3910028934,87.6358778477,2
271,75.4029288292,87.6505169868,2
272,75.4147689342,87.6591968536,2
273,75.4266448021,87.6712579727,2
274,75.4386718273,87.6830618382,2
275,75.4503819942,87.6970219612,2
276,75.4624459743,87.7078478336,2
277,75.4741640091,87.7243340015,2
278,75.4858698845,87.7308008671,2
279,75.4975259304,87.752218008,2
280,75.512267828,87.7596549988,2
281,75.5245440006,87.7699019909,2
282,75.537127018,87.7820219994,2
283,75.54971385,87.7967908382,2
284,75.563657999,87.8115668297,2
285,75.5754029751,87.8216948509,2
286,75.5871539116,87.8335540295,2
287,75.5995359421,87.8492310047,2
288,75.6114139557,87.8565449715,2
289,75.6232378483,87.868293047,2
290,75.6351838112,87.8801598549,2
291,75.6468708515,87.904088974,2
292,75.660807848,87.9061019421,2
293,75.6743268967,87.9196059704,2
294,75.6862039566,87.9308710098,2
295,75.6982798576,88.129242897,2
296,75.7099158764,88.1301488876,2
297,75.7229700089,88.1357238293,2
298,75.7348659039,88.1364738941,2
299,75.7465028763,88.1371748447,2
300,75.7583358288,88.1378889084,2
301,75.7704730034,88.1385970116,2
302,75.7821748257,88.1479258537,2
303,75.7944869995,88.1506068707,2
304,75.8070127964,88.1514060497,2
305,75.8199398518,88.1521270275,2
306,75.8343038559,88.1557388306,2
307,75.8459129333,88.1603739262,2
308,75.8583548069,88.1611049175,2
309,75.8708260059,88.1619110107,2
310,75.8829898834,88.1653888226,2
311,75.8945968151,88.1667459011,2
312,75.9062418938,88.1690678596,2
313,75.9179778099,88.171599865,2
314,75.9297659397,88.1747939587,2
315,75.9416129589,88.1883459091,2
316,75.9539167881,88.2038149834,0
317,75.9663388729,88.2114489079,0
318,75.9784238338,88.2251598835,0
319,75.9908468723,88.2396550179,0
320,76.0040090084,88.24852705,0
321,76.0157549381,88.2612128258,0
322,76.0282158852,88.2727110386,0
323,76.040117979,88.2851409912,0
324,76.0525648594,88.2988228798,0
325,76.0649390221,88.3097338676,0
326,76.077092886,88.3256309032,0
327,76.0888528824,88.3342618942,0
328,76.1010048389,88.3453519344,0
329,76.1128208637,88.3580958843,0
330,76.1248469353,88.3701999187,0
331,76.1366558075,88.3818109035,0
332,76.1487128735,88.3962728977,0
333,76.1606550217,88.4055328369,0
334,76.173448801,88.4224200249,0
335,76.1862699986,88.4313998222,0
336,76.1981170177,88.4492900372,0
337,76.2110869884,88.4617798328,0
338,76.2232048512,88.469673872,0
339,76.2350828648,88.4837429523,0
340,76.2470858097,88.4926838875,0
341,76.2612829208,88.5067780018,0
342,76.2749569416,88.5202460289,0
343,76.2867248058,88.5316178799,0
344,76.29855299,88.5429878235,0
345,76.3104519844,88.5551738739,0
346,76.3246638775,88.5707199574,0
347,76.3369958401,88.5828390121,0
348,76.3494470119,88.5985469818,0
349,76.3632688522,88.6143159866,0
350,76.376516819,88.6208109856,0
351,76.3882689476,88.6330888271,0
352,76.401927948,88.6469750404,0
353,76.413741827,88.6647229195,0
354,76.4254698753,88.6730289459,0
355,76.4375398159,88.6818840504,0
356,76.449187994,88.6944890022,0
357,76.4610888958,88.7058188915,0
358,76.4740829468,88.7244989872,0
359,76.4869589806,88.7321679592,0
360,76.4986898899,88.7438998222,0
361,76.5102608204,88.7580649853,0
362,76.5221889019,88.7669968605,0
363,76.5356888771,88.7838640213,0
364,76.5477697849,88.7938239574,0
365,76.5601489544,88.8057949543,0
366,76.5718698502,88.817688942,0
367,76.5836539268,88.8294048309,0
368,76.5958228111,88.8407640457,0
369,76.6092529297,88.8546600342,0
370,76.6217799187,88.867194891,0
371,76.6339747906,88.8796789646,0
372,76.6489698887,88.8938939571,0
373,76.6612389088,88.9083259106,2
374,76.6734588146,88.9181239605,2
375,76.6856749058,88.9312200546,2
376,76.6982178688,88.945098877,2
377,76.7104439735,88.956387043,2
378,76.7226159573,88.969329834,2
379,76.7346858978,88.9814548492,2
380,76.7471659184,88.9930150509,2
381,76.7601389885,89.0070738792,2
382,76.7725439072,89.0197410583,2
383,76.7849078178,89.0324668884,2
384,76.7972350121,89.0423638821,2
385,76.8092198372,89.0545289516,2
386,76.8213329315,89.0665488243,2
387,76.8336248398,89.0788838863,2
388,76.8468999863,89.0954320431,2
389,76.8589859009,89.110131979,2
390,76.8717448711,89.1166639328,2
391,76.884428978,89.1294410229,2
392,76.8965640068,89.1459028721,2
393,76.9088459015,89.1556668282,2
394,76.9216477871,89.167140007,2
395,76.933937788,89.1790368557,2
396,76.945966959,89.1921138763,2
397,76.9581098557,89.2044420242,2
398,76.9700608253,89.2162649632,2
399,76.9823288918,89.2290139198,2
400,76.995554924,89.2402169704,2
401,77.0074319839,89.2520940304,2
402,77.0190558434,89.2639398575,2
403,77.0306909084,89.2782640457,2
404,77.0423109531,89.295017004,2
405,77.0561518669,89.3011748791,2
406,77.0699219704,89.3150830269,2
407,77.0820639133,89.3267569542,2
408,77.0941238403,89.341383934,2
409,77.105907917,89.3505198956,2
410,77.1182098389,89.3626320362,2
411,77.1308298111,89.3756489754,2
412,77.1426990032,89.389788866,2
413,77.1555948257,89.4013798237,2
414,77.1696419716,89.4156599045,2
415,77.1820099354,89.4265429974,2
416,77.1952309608,89.4413599968,2
417,77.2072479725,89.453042984,2
418,77.2191178799,89.4642539024,2
419,77.2318599224,89.4773960114,2
420,77.2435917854,89.4929568768,2
421,77.258895874,89.5097498894,2
422,77.2721319199,89.5176439285,2
423,77.2840709686,89.530725956,2
424,77.2957408428,89.5447368622,2
425,77.3080840111,89.5544719696,2
426,77.3200318813,89.5675678253,2
427,77.3316609859,89.576007843,2
428,77.3432250023,89.5895578861,2
429,77.3570258617,89.603427887,2
430,77.3694388866,89.6153759956,2
431,77.3816509247,89.6318700314,2
432,77.3936858177,89.6395549774,0
433,77.4063138962,89.653277874,0
434,77.4180898666,89.66624403,0
435,77.4306378365,89.6775519848,0
436,77.443682909,89.6892449856,0
437,77.4553358555,89.7004029751,0
438,77.466919899,89.715970993,0
439,77.4786608219,89.7268538475,0
440,77.4903049469,89.7355020046,0
441,77.502175808,89.7539699078,0
442,77.5143778324,89.7616629601,0
443,77.5259749889,89.7701349258,0
444,77.5398168564,89.7884850502,0
445,77.5521190166,89.7964179516,0
446,77.5648999214,89.8142700195,0
447,77.5765638351,89.8218188286,0
448,77.5889599323,89.8334629536,0
449,77.6017270088,89.8507838249,0
450,77.6145839691,89.8630819321,0
451,77.6300098896,89.8769500256,0
452,77.6441869736,89.891602993,0
453,77.6577889919,89.9044518471,0
454,77.6697149277,89.9168908596,0
455,77.6822938919,89.9270269871,0
456,77.6955728531,89.9429478645,0
457,77.7078979015,89.953045845,0
458,77.7200379372,89.9735279083,0
459,77.73239398,89.9842338562,0
460,77.7458059788,89.991286993,0
461,77.7583229542,90.0064408779,0
462,77.7705388069,90.0150508881,0
463,77.7840409279,90.0368828773,0
464,77.7961628437,90.0436589718,0
465,77.808385849,90.0539808273,0
466,77.8207218647,90.0669398308,0
467,77.833922863,90.081387043,0
468,77.8460569382,90.0940349102,0
469,77.8621749878,90.1088638306,0
470,77.8740139008,90.1249308586,0
471,77.8855409622,90.1340479851,0
472,77.8972609043,90.1444208622,0
473,77.9089958668,90.1559598446,0
474,77.9206249714,90.1665599346,0
475,77.9325478077,90.18227005,0
476,77.9443228245,90.18856287,0
477,77.9567108154,90.2068908215,0
478,77.968585968,90.2159898281,0
479,77.9847259521,90.2328898907,0
480,77.9965538979,90.2437019348,0
481,78.0093188286,90.2549929619,0
482,78.0214419365,90.2665829659,0
483,78.0355188847,90.2817769051,0
484,78.0487499237,90.2992429733,2
485,78.0616238117,90.3066489697,2
486,78.0733017921,90.3184459209,2
487,78.0855529308,90.3378958702,2
488,78.0972139835,90.3437259197,2
489,78.1115219593,90.361579895,2
490,78.12322402,90.3698589802,2
491,78.1356480122,90.3800029755,2
492,78.1485137939,90.3979308605,2
493,78.1611549854,90.405837059,2
494,78.1734728813,90.4246239662,2
495,78.1852397919,90.4336149693,2
496,78.2002789974,90.4557888508,2
497,78.2132627964,90.4650909901,2
498,78.2254879475,90.4709758759,2
499,78.2374148369,90.4873459339,2
500,78.2491569519,90.4962308407,2
501,78.261469841,90.5121870041,2
502,78.27490592,90.5195138454,2
503,78.2864849567,90.5307910442,2
504,78.2984378338,90.5437169075,2
505,78.3107910156,90.5590538979,2
506,78.3260447979,90.5756869316,2
507,78.3380539417,90.5846920013,2
508,78.3520579338,90.6070308685,2
509,78.3647480011,90.6170940399,2
510,78.3768010139,90.6237180233,2
511,78.3923478127,90.648679018,2
512,78.4044020176,90.6494920254,2
513,78.4166688919,90.6684069633,2
514,78.4286220074,90.6763148308,2
515,78.4402709007,90.6843869686,2
516,78.4550919533,90.7000889778,2
517,78.4671599865,90.7139790058,2
518,78.4789350033,90.7306408882,2
519,78.4904768467,90.7370188236,2
520,78.5026040077,90.7467298508,2
521,78.5161309242,90.7631518841,2
522,78.5290648937,90.7738800049,2
523,78.5410728455,90.7861979008,2
524,78.5547709465,90.8036940098,2
525,78.5678699017,90.8210029602,2
526,78.5810949802,90.8343558311,2
527,78.5935459137,90.840667963,2
528,78.6051309109,90.851197958,2
529,78.6171488762,90.8682310581,2
530,78.6295118332,90.8804309368,2
531,78.6413068771,90.8858950138,2
532,78.6534459591,90.9007949829,2
533,78.6661849022,90.9142370224,2
534,78.6780519485,90.9243569374,2
535,78.6909840107,90.9367568493,2
536,78.7032039165,90.9493079185,0
537,78.7155458927,90.9608738422,0
538,78.7293958664,90.9764740467,0
539,78.7420167923,90.9909930229,0
540,78.7560667992,91.0147428513,0
541,78.7682659626,91.0164020061,0
542,78.7798998356,91.0254049301,0
543,78.7925298214,91.0395460129,0
544,78.8056738377,91.0503189564,0
545,78.8175828457,91.0651090145,0
546,78.831761837,91.0764608383,0
547,78.8437409401,91.0898230076,0
548,78.856238842,91.1037118435,0
549,78.8684089184,91.1129388809,0
550,78.8811647892,91.130687952,0
551,78.8956727982,91.1444559097,0
552,78.9118559361,91.1595330238,0
553,78.9236438274,91.1705329418,0
554,78.9353728294,91.1813058853,0
555,78.9479458332,91.1949839592,0
556,78.9600119591,91.2050900459,0
557,78.9717428684,91.2181129456,0
558,78.9855568409,91.235049963,0
559,78.9984099865,91.2448539734,0
560,79.0103127956,91.2588238716,0
561,79.0223348141,91.2689428329,0
562,79.0345478058,91.2811820507,0
563,79.0464289188,91.2995839119,0
564,79.0617389679,91.3061668873,0
565,79.07345891,91.3218369484,0
566,79.0850768089,91.3328669071,0
567,79.0975317955,91.3466989994,0
568,79.1096308231,91.3547968864,0
569,79.1215429306,91.3664638996,0
570,79.133368969,91.3788778782,0
571,79.1450679302,91.3948919773,0
572,79.1567149162,91.4016499519,0
573,79.1698617935,91.4173288345,0
574,79.182019949,91.4277880192,0
575,79.1971819401,91.443240881,0
576,79.2092838287,91.4548640251,0
577,79.2211508751,91.4671788216,0
578,79.2326958179,91.4786739349,0
579,79.245579958,91.4952850342,0
580,79.2595059872,91.5079009533,0
581,79.2729129791,91.5237848759,0
582,79.2850530148,91.5317418575,0
583,79.2976968288,91.5427830219,0
584,79.3098378181,91.5545358658,0
585,79.321723938,91.5707249641,0
586,79.3337240219,91.5802550316,0
587,79.3455479145,91.5952959061,2
588,79.3573679924,91.6033358574,2
589,79.3693759441,91.6147289276,2
590,79.3819308281,91.6424999237,2
591,79.3941040039,91.643337965,2
592,79.4062459469,91.6547219753,2
593,79.4177529812,91.6673409939,2
594,79.4299769402,91.6763868332,2
595,79.4422898293,91.6891260147,2
596,79.4540789127,91.698376894,2
597,79.4664549828,91.7170670033,2
598,79.478178978,91.7254898548,2
599,79.4898498058,91.7336399555,2
600,79.5028498173,91.7489728928,2
601,79.5164909363,91.7627978325,2
602,79.5280299187,91.7740678787,2
603,79.5400338173,91.7902998924,2
604,79.5552258492,91.8021278381,2
605,79.5686879158,91.8197040558,2
606,79.5807199478,91.8269979954,2
607,79.5923168659,91.8372030258,2
608,79.60440588,91.849875927,2
609,79.6176879406,91.8657729626,2
610,79.6295118332,91.8771979809,2
611,79.6412580013,91.8859398365,2
612,79.6537699699,91.9050068855,2
613,79.6708397865,91.9164340496,2
614,79.6825819016,91.9317059517,2
615,79.6941249371,91.9429728985,2
616,79.707887888,91.9521598816,2
617,79.720102787,91.9661090374,2
618,79.7319209576,91.9764430523,2
619,79.7435100079,91.9881298542,2
620,79.7559998035,92.00085783,2
621,79.7677078247,92.0119068623,2
622,79.7797048092,92.0257070065,2
623,79.7928469181,92.0383780003,2
624,79.8050448895,92.049943924,2
625,79.8202519417,92.0699398518,2
626,79.8327419758,92.0792658329,2
627,79.8448798656,92.0955908298,2
628,79.856705904,92.10074687,2
629,79.868418932,92.1141660213,2
630,79.8802258968,92.1255619526,2
631,79.8930168152,92.1502170563,2
632,79.9051458836,92.1599500179,2
633,79.9171988964,92.1640360355,2
634,79.9304687977,92.1757109165,2
635,79.9427628517,92.1952159405,2
636,79.9584028721,92.20418787,2
637,79.9706568718,92.2177078724,2
638,79.986552,92.2331998348,2
639,79.9985699654,92.2456150055,2
640,80.0114610195,92.2600739002,2
641,80.0251379013,92.2732038498,0
642,80.0381288528,92.2851760387,0
643,80.0502078533,92.3005700111,0
644,80.0619549751,92.308382988,0
645,80.0737228394,92.3183219433,0
646,80.0876979828,92.3337738514,0
647,80.0999908447,92.3449468613,0
648,80.1132419109,92.3659479618,0
649,80.1253678799,92.3725759983,0
650,80.1386590004,92.386193037,0
651,80.1506209373,92.400357008,0
652,80.1627209187,92.4106369019,0
653,80.1755969524,92.4197199345,0
654,80.1876568794,92.4348769188,0
655,80.2006168365,92.4446549416,0
656,80.2128429413,92.4657008648,0
657,80.226238966,92.4727919102,0
658,80.2382349968,92.483438015,0
659,80.2500770092,92.4975678921,0
660,80.2623558044,92.5067288876,0
661,80.2747189999,92.5198488235,0
662,80.2868988514,92.5340619087,0
663,80.2989017963,92.5449478626,0
664,80.3111469746,92.5607528687,0
665,80.3230059147,92.5679979324,0
666,80.3354108334,92.5810859203,0
667,80.3479099274,92.5973269939,0
668,80.359926939,92.6119458675,0
669,80.3720428944,92.6175429821,0
670,80.3841588497,92.6288568974,0
671,80.3959658146,92.6417169571,0
672,80.4077968597,92.6614668369,0
673,80.4201238155,92.6687178612,0
674,80.4318859577,92.6816420555,0
675,80.4441859722,92.6893479824,0
676,80.4558749199,92.7097158432,0
677,80.4689798355,92.71991992,0
678,80.4809648991,92.7271778584,0
679,80.4926958084,92.7390899658,0
680,80.505289793,92.7501749992,0
681,80.5196897984,92.7695879936,0
682,80.5322098732,92.7778968811,0
683,80.543915987,92.7989678383,0
684,80.5565969944,92.8041119576,0
685,80.5689918995,92.8142728806,0
686,80.5833079815,92.8343148232,0
687,80.5955410004,92.8451578617,0
688,80.6073739529,92.8529088497,0
689,80.6188168526,92.8650410175,0
690,80.6316688061,92.87606287,0
691,80.6439108849,92.8973519802,0
692,80.6556169987,92.9008059502,0
693,80.6677849293,92.911949873,0
694,80.6797299385,92.9262828827,0
695,80.6926457882,92.9368929863,0
696,80.7045228481,92.9515228271,0
697,80.7164649963,92.9622268677,0
698,80.729516983,92.9773418903,0
699,80.741809845,92.9937279224,0
700,80.7552759647,93.0001759529,0
701,104.769874811,117.015069008,3
702,104.781351805,117.028223038,3
703,104.794160843,117.039788961,3
704,104.806027889,117.053340912,3
705,104.817780972,117.062512875,3
706,104.829553843,117.079934835,3
707,104.841444016,117.087604046,3
708,104.85352087,117.101291895,3
709,104.867267847,117.111901045,3
710,104.878956795,117.124289989,3
711,104.891153812,117.137966871,3
712,104.903687954,117.148520947,3
713,104.915503979,117.162484884,3
714,104.92761898,117.172894001,3
715,104.939718962,117.191315889,3
716,104.952435017,117.19925189,3
717,104.965714931,117.210422039,3
718,104.977796793,117.22419405,3
719,104.990398884,117.236968994,3
720,105.002483845,117.258842945,3
721,105.014672995,117.260537863,3
722,105.026614904,117.27344799,3
723,105.038536787,117.287507057,3
724,105.050375938,117.299088955,3
725,105.064852953,117.31338501,3
726,105.077116013,117.325104952,3
727,105.089054823,117.339784861,3
728,105.101085901,117.349050045,3
729,105.112782955,117.362429857,3
730,105.124871969,117.371667862,3
731,105.137420893,117.38458395,3
732,105.149605989,117.394680023,3
733,105.161679983,117.407379866,3
734,105.173591852,117.423806906,3
735,105.185653925,117.434538841,3
736,105.197951794,117.443490982,3
737,105.210114002,117.45763588,3
738,105.222169876,117.467172861,3
739,105.234028816,117.489860058,3
740,105.245880842,117.49029398,3
741,105.257650852,117.502056837,3
742,105.269505978,117.514788866,3
743,105.281497955,117.528542042,3
744,105.293433905,117.538532019,3
745,105.305604935,117.550758839,3
746,105.318118811,117.566341877,3
747,105.330560923,117.575073957,3
748,105.342768908,117.589663029,3
749,105.35529685,117.60114789,3
750,105.367297888,117.61700201,3
751,105.379249811,117.624487877,1
752,105.391627789,117.636431932,1
753,105.403397799,117.651111841,1
754,105.416239977,117.661720991,1
755,105.429229975,117.673964977,1
756,105.442264795,117.689110041,1
757,105.454872847,117.699499846,1
758,105.466338873,117.71144104,1
759,105.478601933,117.724768877,1
760,105.490947008,117.736183882,1
761,105.504884958,117.750362873,1
762,105.516876936,117.761914015,1
763,105.530166864,117.775081873,1
764,105.543164015,117.789613962,1
765,105.55546093,117.800806046,1
766,105.56769681,117.814450979,1
767,105.579832792,117.828187943,1
768,105.591791868,117.837538004,1
769,105.603816986,117.855969906,1
770,105.616839886,117.866524935,1
771,105.629209995,117.876042843,1
772,105.642817974,117.889739037,1
773,105.654959917,117.900154829,1
774,105.668900013,117.914255857,1
775,105.680423975,117.925348997,1
776,105.692266941,117.937289953,1
777,105.704869986,117.95757103,1
778,105.716507912,117.962198973,1
779,105.729550838,117.97465086,1
780,105.74119401,117.986908913,1
781,105.755843878,118.003495932,1
782,105.767502785,118.013288975,1
783,105.779292822,118.024348021,1
784,105.791915894,118.037133932,1
785,105.803759813,118.048583984,1
786,105.815661907,118.060971022,1
787,105.827726841,118.075026989,1
788,105.840339899,118.086537838,1
789,105.852588892,118.09877491,1
790,105.866367817,118.112962961,1
791,105.878769875,118.123373032,1
792,105.890758991,118.137568951,1
793,105.902931929,118.149090052,1
794,105.914827824,118.160037041,1
795,105.926523924,118.172174931,1
796,105.939032793,118.184772968,1
797,105.951463938,118.204493999,1
798,105.963202,118.209702969,1
799,105.974896908,118.223126888,1
800,105.986706018,118.236318827,1
801,105.998915911,118.243701935,1
802,106.012975931,118.257601023,1
803,106.025075912,118.26966095,1
804,106.037033796,118.285467863,1
805,106.049401999,118.294515848,1
806,106.06198597,118.306931019,1
807,106.074045897,118.319461823,1
808,106.085933924,118.337700844,1
809,106.103760004,118.349882841,1
810,130.121034861,142.366431952,2
811,130.133019924,142.379180908,2
812,130.144898891,142.389580965,2
813,130.156726837,142.405272961,2
814,130.168622971,142.413691044,2
815,130.180702925,142.426935911,2
816,130.195702791,142.443095922,2
817,130.207433939,142.452734947,2
818,130.218904972,142.463611841,2
819,130.232535839,142.478304863,2
820,130.24545598,142.493041992,2
821,130.258096933,142.503079891,2
822,130.269833803,142.51433897,2
823,130.281788826,142.526816845,2
824,130.296391964,142.541417837,2
825,130.308187962,142.554416895,2
826,130.320424795,142.565304995,2
827,130.332507849,142.576967001,2
828,130.345171928,142.591495991,2
829,130.3581388,142.603395939,2
830,130.371213913,142.617096901,2
831,130.383234978,142.629631042,2
832,130.395829916,142.642263889,2
833,130.40788579,142.653399944,2
834,130.419721842,142.664181948,2
835,130.431578875,142.677073956,2
836,130.443225861,142.689829826,2
837,130.454833984,142.699933052,2
838,130.467516899,142.713160038,2
839,130.480201006,142.724491835,2
840,130.491860867,142.740911961,2
841,130.505028963,142.749964952,2
842,130.518301964,142.763633966,2
843,130.531490803,142.782317877,2
844,130.544039011,142.788609028,2
845,130.555895805,142.800475836,2
846,130.568375826,142.813920975,2
847,130.580243826,142.828073978,2
848,130.593510866,142.83957696,2
849,130.605441809,142.85024786,2
850,130.618102789,142.8650949,2
851,130.630530834,142.876724005,2
852,130.642362833,142.887518883,2
853,130.654577017,142.900509834,2
854,130.666607857,142.911007881,2
855,130.678573847,142.923364878,2
856,130.690493822,142.935698986,2
857,130.702193975,142.947396994,2
858,130.713825941,142.95947504,2
859,130.727459908,142.972686052,2
860,130.739036798,142.983813047,0
861,130.750860929,142.996539831,0
862,130.763314009,143.009323835,0
863,130.776007891,143.028417826,0
864,130.788293839,143.033642054,0
865,130.800804853,143.048204899,0
866,130.813643932,143.05911088,0
867,130.827021837,143.072072029,0
868,130.840031862,143.085542917,0
869,130.852410793,143.097414017,0
870,130.865055799,143.110646963,0
871,130.877099991,143.121788979,0
872,130.888995886,143.133832932,0
873,130.900875807,143.145328045,0
874,130.912770987,143.158252001,0
875,130.925115824,143.172356844,0
876,130.937126875,143.184800863,0
877,130.948921919,143.193825006,0
878,130.960808992,143.206109047,0
879,130.973020792,143.217773914,0
880,130.985135794,143.233361959,0
881,130.997104883,143.24584794,0
882,131.008893013,143.253213882,0
883,131.020708799,143.269001961,0
884,131.037112951,143.286180973,0
885,131.04951787,143.294500828,0
886,131.061252832,143.30637598,0
887,131.080681801,143.327237844,0
888,131.093894005,143.340287924,0
889,131.105742931,143.350297928,0
890,131.117353916,143.363250017,0
891,131.129664898,143.375641823,0
892,131.141454935,143.388245821,0
893,131.15356493,143.399294853,0
894,131.167344809,143.411736965,0
895,131.179016829,143.42431283,0
896,131.1908288,143.437362909,0
897,131.205071926,143.45062089,0
898,131.216714859,143.46377492,0
899,131.228549004,143.475170851,0
900,131.241334915,143.486953974,0
901,131.253576994,143.498541832,0
902,131.26511693,143.510892868,0
903,131.278383017,143.524474859,0
904,131.290928841,143.535838842,0
905,131.303195953,143.550449848,0
906,131.316393852,143.562345982,0
907,131.327924967,143.573182821,0
908,131.340812922,143.585367918,0
909,131.353071928,143.597811937,0
910,131.365520954,143.611630917,0
911,131.378473997,143.623031855,0
912,131.390334845,143.636737823,0
913,131.402930021,143.648995876,0
914,131.414777994,143.660461903,0
915,131.427524805,143.674360037,0
916,131.439708948,143.685268879,2
917,131.451556921,143.696333885,2
918,131.465220928,143.710645914,2
919,131.477109909,143.721564054,2
920,131.488759995,143.733436823,2
921,131.500597954,143.745240927,2
922,131.512328863,143.760746956,2
923,131.524752855,143.769273043,2
924,131.536752939,143.781280994,2
925,131.550216913,143.80201292,2
926,131.562489986,143.807492018,2
927,131.574535847,143.819674969,2
928,131.587361813,143.832487822,2
929,131.602665901,143.849652052,2
930,131.614481926,143.860393047,2
931,131.626060009,143.871418953,2
932,131.637620926,143.883734941,2
933,131.649289846,143.894512892,2
934,131.661579847,143.908998966,2
935,131.674637794,143.928115845,2
936,131.68659687,143.931886911,2
937,131.698163986,143.943281889,2
938,131.711597919,143.957003832,2
939,131.723233938,143.969091892,2
940,131.736146927,143.982635975,2
941,131.747967958,143.993511915,2
942,131.760924816,144.006314039,2
943,131.774329901,144.019716978,2
944,131.786499977,144.031832933,2
945,131.798547983,144.045127869,2
946,131.811939955,144.058222055,2
947,131.825568914,144.077528954,2
948,131.838796854,144.084075928,2
949,131.8508358,144.09541297,2
950,131.864305019,144.109134912,2
951,131.877228022,144.121729851,2
952,131.890066862,144.138974905,2
953,131.902613878,144.148538828,2
954,131.914277792,144.161138058,2
955,131.927363873,144.175379992,2
956,131.939903975,144.184445858,2
957,131.951641798,144.196305037,2
958,131.964461803,144.21024394,2
959,131.97691679,144.222220898,2
960,131.990571976,144.234997988,2
961,132.002280951,144.24750495,2
962,132.015087843,144.263550043,2
963,132.027709961,144.272558928,2
964,132.040344,144.287267923,2
965,132.052800894,144.301017046,2
966,132.065090895,144.30952096,2
967,132.077280998,144.328028917,2
968,132.091238022,144.337239027,0
969,132.103355885,144.349182844,0
970,132.115701914,144.363839865,0
971,132.12743783,144.371912956,0
972,132.139021873,144.385979891,0
973,132.151906967,144.40695405,0
974,132.163985014,144.415498018,0
975,132.175817966,144.428833961,0
976,132.187395811,144.435636997,0
977,132.199416876,144.445603848,0
978,132.21210289,144.459290028,0
979,132.224483967,144.469429016,0
980,132.241383791,144.488415003,0
981,132.253379822,144.500742912,0
982,132.267428875,144.51342988,0
983,132.280417919,144.527724028,0
984,132.292795897,144.541236877,0
985,132.306792974,144.555865049,0
986,132.319705963,144.565259933,0
987,132.332285881,144.58277297,0
988,132.344059944,144.589835882,0
989,132.356626987,144.602269888,0
990,132.369110823,144.617130041,0
991,132.382539988,144.63101697,0
992,132.394094944,144.64020896,0
993,132.405790806,144.651319981,0
994,132.417649984,144.664567947,0
995,132.430751801,144.677572012,0
996,132.443215847,144.696059942,0
997,132.455073833,144.700147867,0
998,132.466771841,144.714997053,0
999,132.478893995,144.723966837,0
1000,132.491156816,144.735913038,0
1001,132.503648996,144.751049995,0
1002,132.515159845,144.760179043,0
1003,132.527614832,144.775648832,0
1004,132.539230824,144.78488493,0
1005,132.552014828,144.797126055,0
1006,132.563881874,144.808670044,0
1007,132.576411009,144.823497057,0
1008,132.588054895,144.836201906,0
1009,132.605248928,144.850769043,0
1010,132.618014812,144.868285894,0
1011,132.630320787,144.881613016,0
1012,132.642257929,144.887238979,0
1013,132.65455699,144.90336585,0
1014,132.666582823,144.910963058,0
1015,132.678751945,144.924113989,0
1016,132.690976858,144.935721874,0
1017,132.702883005,144.949208975,0
1018,132.714552879,144.959383011,0
1019,132.726805925,144.974882841,0
1020,132.73938179,144.986675978,0
1021,156.755438805,169.00088191,3
1022,156.767157793,169.011596918,3
1023,156.778723955,169.023012877,3
1024,156.790357828,169.044752836,3
1025,156.806697845,169.056212902,3
1026,156.820489883,169.076340914,3
1027,156.832609892,169.08086586,3
1028,156.84503293,169.089872837,3
1029,156.856911898,169.102869034,3
1030,156.868938923,169.113740921,3
1031,156.880775928,169.125746965,3
1032,156.892421007,169.138777971,3
1033,156.903977871,169.149590015,3
1034,156.915904999,169.163969994,3
1035,156.928331852,169.173413038,3
1036,156.940016985,169.184938908,3
1037,156.952077866,169.205334902,3
1038,156.964001894,169.208606958,3
1039,156.976828814,169.222106934,3
1040,156.989104986,169.233686924,3
1041,157.000679016,169.245139837,3
1042,157.014487982,169.259242058,3
1043,157.02686882,169.271769047,3
1044,157.03856492,169.285761833,3
1045,157.050716877,169.29940486,3
1046,157.063996792,169.311005831,3
1047,157.081035852,169.326153994,3
1048,157.096105814,169.341740847,3
1049,157.10797596,169.355190992,3
1050,157.119865894,169.365975857,3
1051,157.131937981,169.377928972,3
1052,157.144032001,169.390040874,3
1053,157.158470869,169.403327942,3
1054,157.171334982,169.416493893,3
1055,157.184916019,169.430136919,3
1056,157.197951794,169.442824841,3
1057,157.209855795,169.454476833,3
1058,157.222315788,169.474505901,3
1059,157.23533392,169.481915951,3
1060,157.247282982,169.492584944,3
1061,157.260241985,169.505179882,3
1062,157.272077799,169.517745972,3
1063,157.284135818,169.528480053,3
1064,157.296499968,169.542866945,3
1065,157.308691978,169.553488016,3
1066,157.320524931,169.5680089,3
1067,157.335330009,169.579596996,3
1068,157.346717834,169.590992928,3
1069,157.358400822,169.603005886,3
1070,157.370445967,169.615610838,3
1071,157.382473946,169.626966953,3
1072,157.394308805,169.639699936,3
1073,157.406233788,169.652678013,3
1074,157.41831398,169.667399883,3
1075,157.430254936,169.676122904,3
1076,157.443090916,169.688478947,3
1077,157.455166817,169.70232892,3
1078,157.467464924,169.715807915,3
1079,157.47913599,169.723932028,3
1080,157.496925831,169.742928028,1
1081,157.509225845,169.754359961,1
1082,157.521716833,169.76702404,1
1083,157.534360886,169.780629873,1
1084,157.54677701,169.792315006,1
1085,157.562064886,169.808897972,1
1086,157.574243784,169.822973967,1
1087,157.586152792,169.831457853,1
1088,157.599669933,169.844653845,1
1089,157.61133194,169.85676384,1
1090,157.622862816,169.868084908,1
1091,157.635806799,169.885561943,1
1092,157.648880005,169.895783901,1
1093,157.663064957,169.909582853,1
1094,157.67553997,169.921329975,1
1095,157.687390804,169.93461585,1
1096,157.699512959,169.944566965,1
1097,157.71169281,169.956883907,1
1098,157.72405386,169.970633984,1
1099,157.736308813,169.98227191,1
1100,157.748871803,169.996813059,1
1101,157.762031794,170.006917,1
1102,157.773877859,170.018162966,1
1103,157.785526991,170.031759024,1
1104,157.797305822,170.041893005,1
1105,157.809152842,170.054337025,1
1106,157.821179867,170.072639942,1
1107,157.832911968,170.077934027,1
1108,157.844769001,170.091259956,1
1109,157.856647015,170.105217934,1
1110,157.869794846,170.115216017,1
1111,157.881633997,170.126415014,1
1112,157.893838882,170.14099884,1
1113,157.905339956,170.156803846,1
1114,157.918272018,170.165673971,1
1115,157.930585861,170.178163052,1
1116,157.943817854,170.18976903,1
1117,157.95745492,170.202970982,1
1118,157.969888926,170.215126038,1
1119,157.982160807,170.227673054,1
1120,157.994517803,170.239147902,1
1121,158.00718379,170.252585888,1
1122,158.019825935,170.264942884,1
1123,158.031605005,170.27678299,1
1124,158.043303013,170.289353848,1
1125,158.055171013,170.300278902,1
1126,158.066753864,170.311833858,1
1127,158.079783916,170.325670004,1
1128,158.091579914,170.336850882,1
1129,158.105239868,170.352277994,1
1130,158.118754864,170.367424965,1
1131,158.131439924,170.377464056,1
1132,158.143253803,170.387601852,1
1133,158.154965878,170.404496908,1
1134,158.170774937,170.415205002,1
1135,158.183190823,170.436228037,1
1136,158.195712805,170.442082882,1
1137,158.208841801,170.454856873,1
1138,158.221123934,170.466390848,3
1139,158.233379841,170.480572939,3
1140,158.247825861,170.492617846,3
1141,158.260621786,170.505941868,3
1142,158.272603989,170.516988039,3
1143,158.285553932,170.531183958,3
1144,158.297702789,170.542256832,3
1145,158.310096979,170.554465055,3
1146,158.322266817,170.571535826,3
1147,158.334018946,170.580317974,3
1148,158.346010923,170.590652943,3
1149,158.357987881,170.602675915,3
1150,158.369874954,170.614438057,3
1151,158.381683826,170.626225948,3
1152,158.393934011,170.638373852,3
1153,158.40681982,170.659142971,3
1154,158.419740915,170.664060831,3
1155,158.431589842,170.676848888,3
1156,158.444991827,170.693028927,3
1157,158.456890821,170.702775955,3
1158,158.470740795,170.715335846,3
1159,158.483161926,170.729082823,3
1160,158.495883942,170.741819859,3
1161,158.509506941,170.754904985,3
1162,158.521322966,170.773478985,3
1163,158.533939838,170.779196024,3
1164,158.546638966,170.793074846,3
1165,158.558441877,170.804841042,3
1166,158.571597815,170.817764997,3
1167,158.585176945,170.837060928,3
1168,158.600001812,170.844496012,3
1169,158.614230871,170.860788822,3
1170,158.626003981,170.87575388,3
1171,158.638566017,170.884807825,3
1172,158.650460958,170.900035858,3
1173,158.662112951,170.908320904,3
1174,158.674268007,170.919968843,3
1175,158.68746686,170.932384014,3
1176,158.699225903,170.94393301,3
1177,158.711261988,170.957393885,3
1178,158.723282814,170.969636917,3
1179,158.737691879,170.982200861,3
1180,158.74948597,170.993897915,3
1181,158.761420965,171.005930901,3
1182,158.774026871,171.018465996,3
1183,158.785861969,171.035205841,3
1184,158.797936916,171.052994967,3
1185,158.809963942,171.059283972,3
1186,158.821916819,171.083886862,3
1187,158.833812952,171.08442688,3
1188,158.845783949,171.093345881,3
1189,158.85747695,171.104578018,1
1190,158.869296789,171.117879868,1
1191,158.880887985,171.12586689,1
1192,158.894271851,171.138962984,1
1193,158.905758858,171.150023937,1
1194,158.91877389,171.16624403,1
1195,158.933548927,171.178135872,1
1196,158.945730925,171.191573858,1
1197,158.957467794,171.209477901,1
1198,158.971462011,171.216267824,1
1199,158.983277798,171.229857922,1
1200,158.995591879,171.239850998,1
1201,159.009817839,171.255913973,1
1202,159.022619963,171.271345854,1
1203,159.036597967,171.286141872,1
1204,159.049329996,171.301934958,1
1205,159.061191797,171.305816889,1
1206,159.073525906,171.318073988,1
1207,159.085546017,171.336248875,1
1208,159.097517967,171.343423843,1
1209,159.109466791,171.358412027,1
1210,159.121259928,171.376859903,1
1211,159.133460999,171.379643917,1
1212,159.14545989,171.397013903,1
1213,159.157230854,171.40713501,1
1214,159.169839859,171.416987896,1
1215,159.185097933,171.433784962,1
1216,159.198337793,171.444711924,1
1217,159.210528851,171.459154844,1
1218,159.223414898,171.476255894,1
1219,159.235352993,171.483546019,1
1220,159.247519016,171.491860867,1
1221,159.259505987,171.505373955,1
1222,159.272316933,171.519582987,1
1223,159.28460598,171.530683041,1
1224,159.296893835,171.551271915,1
1225,159.308679819,171.554329872,1
1226,159.320932865,171.56998086,1
1227,159.332966805,171.582875013,1
1228,159.344642878,171.592682838,1
1229,159.356208801,171.60511899,1
1230,159.367864847,171.612602949,1
1231,159.379396915,171.632383823,1
1232,159.391503811,171.638079882,1
1233,159.404972792,171.649837017,1
1234,159.416963816,171.665900946,1
1235,159.429360867,171.680013895,1
1236,159.441790819,171.691650867,1
1237,159.454468012,171.700902939,1
1238,159.466205835,171.710441828,1
1239,159.477924824,171.724865913,1
1240,159.489965916,171.737043858,1
1241,159.502483845,171.760272026,1
1242,159.518531799,171.763885021,1
1243,159.532833815,171.777972937,1
1244,159.545076847,171.789540052,1
1245,183.567226887,195.812177896,2
1246,183.579412937,195.825342894,2
1247,183.594770908,195.84897995,2
1248,183.607289791,195.857353926,2
1249,183.619352818,195.866248846,2
1250,183.631411791,195.87639904,2
1251,183.643210888,195.895395041,2
1252,183.655058861,195.90117383,2
1253,183.666846991,195.916973829,2
1254,183.678867817,195.923473835,2
1255,183.692191839,195.943984032,2
1256,183.704729795,195.952653885,2
1257,183.716387987,195.960671902,2
1258,183.728549957,195.972937822,2
1259,183.741601944,195.98611784,2
1260,183.754190922,196.001152992,2
1261,183.768430948,196.016202927,2
1262,183.782828808,196.036023855,2
1263,183.796576977,196.047158957,2
1264,183.808208942,196.053927898,2
1265,183.820088863,196.069190025,2
1266,183.832103014,196.077992916,2
1267,183.844024897,196.096801043,2
1268,183.855741978,196.100293875,2
1269,183.867618799,196.112112045,2
1270,183.880127907,196.124405861,2
1271,183.893651962,196.140490055,2
1272,183.905704975,196.153810978,2
1273,183.917945862,196.165410995,2
1274,183.929668903,196.175590992,2
1275,183.944052935,196.189625025,2
1276,183.958732843,196.204886913,2
1277,183.970568895,196.217478991,2
1278,183.983212948,196.23146987,2
1279,183.995492935,196.242406845,2
1280,184.008271933,196.253358841,2
1281,184.020754814,196.26560998,2
1282,184.032371998,196.280957937,2
1283,184.045022964,196.291529894,2
1284,184.057106972,196.30241394,2
1285,184.068882942,196.315186024,2
1286,184.081574917,196.326982021,2
1287,184.093204021,196.345072031,2
1288,184.105242968,196.353468895,2
1289,184.120873928,196.366524935,2
1290,184.132983923,196.378272057,2
1291,184.145215988,196.39093399,2
1292,184.158067942,196.403674841,2
1293,184.171103001,196.419641972,2
1294,184.184079885,196.432898998,2
1295,184.197937965,196.446138859,2
1296,184.209967852,196.456326962,2
1297,184.222221851,196.468562841,2
1298,184.234857798,196.480443001,0
1299,184.24841094,196.495287895,0
1300,184.260717869,196.50659585,0
1301,184.272620916,196.518046856,0
1302,184.285473824,196.534803867,0
1303,184.298005819,196.543100834,0
1304,184.309950829,196.560361862,0
1305,184.322508812,196.568869829,0
1306,184.335337877,196.580554008,0
1307,184.348696947,196.593860865,0
1308,184.36420393,196.609585047,0
1309,184.37826395,196.626694918,0
1310,184.390059948,196.636098862,0
1311,184.40157795,196.646503925,0
1312,184.413942814,196.658674955,0
1313,184.426455021,196.673120975,0
1314,184.438159943,196.684597015,0
1315,184.450827837,196.696634054,0
1316,184.463807821,196.70965004,0
1317,184.475667,196.721879005,0
1318,184.487437963,196.734617949,0
1319,184.50037694,196.748810053,0
1320,184.512778997,196.759352922,0
1321,184.524585009,196.775656939,0
1322,184.539454937,196.784788847,0
1323,184.552778006,196.798130989,0
1324,184.566291809,196.811056852,0
1325,184.580165863,196.824784994,0
1326,184.592813969,196.837374926,0
1327,184.605160952,196.850163937,0
1328,184.617189884,196.862593889,0
1329,184.629177809,196.874371052,0
1330,184.641041994,196.88605094,0
1331,184.652961969,196.900473833,0
1332,184.665102005,196.91165185,0
1333,184.677122831,196.922534943,0
1334,184.689229012,196.934859037,0
1335,184.701606989,196.946248055,0
1336,184.713885784,196.959157944,0
1337,184.726140976,196.97132802,0
1338,184.738699913,196.983516932,0
1339,184.750942945,197.000432014,0
1340,184.762883902,197.007658958,0
1341,184.774784803,197.024222851,0
1342,184.786405802,197.034373045,0
1343,184.798254013,197.043426991,0
1344,184.814580917,197.060015917,0
1345,184.826569796,197.072026014,0
1346,184.838589907,197.084089994,0
1347,184.850165844,197.095566034,0
1348,184.862270832,197.10671401,0
1349,184.874065876,197.120209932,0
1350,184.88706398,197.133398056,0
1351,184.900966883,197.145671844,0
1352,184.91274786,197.162107944,0
1353,184.926016808,197.171849966,0
1354,184.937833786,197.183195829,0
1355,184.950387955,197.197636843,2
1356,184.962911844,197.208961964,2
1357,184.974943876,197.220024824,2
1358,184.986795902,197.234213829,2
1359,184.998583794,197.245746851,2
1360,185.010900021,197.255511045,2
1361,185.023271799,197.26838994,2
1362,185.035540819,197.280333996,2
1363,185.047528982,197.292470932,2
1364,185.059445858,197.304769039,2
1365,185.07178688,197.317276955,2
1366,185.084105968,197.329275846,2
1367,185.100108862,197.345746994,2
1368,185.113076925,197.357710838,2
1369,185.125042915,197.371553898,2
1370,185.136946917,197.381572962,2
1371,185.149272919,197.396067858,2
1372,185.160913944,197.413043022,2
1373,185.173084974,197.41856885,2
1374,185.186173916,197.432898998,2
1375,185.198304892,197.446380854,2
1376,185.210048914,197.457378864,2
1377,185.221828938,197.466239929,2
1378,185.234911919,197.480892897,2
1379,185.246926785,197.497596025,2
1380,185.259109974,197.50441885,2
1381,185.271003962,197.524631023,2
1382,185.282868862,197.528445005,2
1383,185.295038939,197.540679932,2
1384,185.307229996,197.553979874,2
1385,185.323897839,197.568563938,2
1386,185.335783005,197.582602024,2
1387,185.34780097,197.592275858,2
1388,185.359647989,197.604747057,2
1389,185.372097969,197.620797873,2
1390,185.384959936,197.63162899,2
1391,185.39702487,197.642986059,2
1392,185.409149885,197.654829025,2
1393,185.42175889,197.668663025,2
1394,185.435127974,197.68710804,2
1395,185.44678998,197.694671869,2
1396,185.461081982,197.706084013,2
1397,185.4732759,197.719733,2
1398,185.486634016,197.73129797,2
1399,185.499325991,197.746719837,2
1400,185.511978865,197.757827044,2
1401,185.523985863,197.769356966,2
1402,185.536702871,197.783202887,2
1403,185.548959017,197.795780897,2
1404,185.562608957,197.808296919,2
1405,185.5751369,197.823147058,2
1406,185.594666004,197.843688965,2
1407,185.606495857,197.851977825,2
1408,185.618077993,197.877347946,2
1409,185.629644871,197.881130934,2
1410,185.641490936,197.888433933,2
1411,185.653129816,197.900611877,0
1412,185.665372849,197.914510012,0
1413,185.678139925,197.924067974,0
1414,185.693897009,197.945585966,0
1415,185.705837011,197.961009026,0
1416,185.719486952,197.964683056,0
1417,185.73150897,197.978095055,0
1418,185.744450808,197.990015984,0
1419,185.757541895,198.003773928,0
1420,185.770606995,198.017488003,0
1421,185.784552813,198.038039923,0
1422,185.797540903,198.04963994,0
1423,185.809362888,198.054380894,0
1424,185.821564913,198.072507858,0
1425,185.834090948,198.080306053,0
1426,185.845928907,198.098433018,0
1427,185.857946873,198.102651834,0
1428,185.870984793,198.11648798,0
1429,185.882679939,198.13140583,0
1430,185.895562887,198.143901825,0
1431,185.908095837,198.15753293,0
1432,185.91977191,198.165971994,0
1433,185.932285786,198.178046942,0
1434,185.944840908,198.190631866,0
1435,185.958709955,198.207705021,0
1436,185.971835852,198.217550993,0
1437,185.984990835,198.233486891,0
1438,185.997670889,198.242946863,0
1439,186.009318829,198.255061865,0
1440,186.021276951,198.266991854,0
1441,186.034454823,198.285387039,0
1442,186.046504974,198.293385029,0
1443,186.058501959,198.305127859,0
1444,186.07129693,198.316548824,0
1445,186.083009005,198.335373878,0
1446,186.094772816,198.339427948,0
1447,186.108335972,198.353807926,0
1448,186.121881962,198.366808891,0
1449,186.134395838,198.38132,0
1450,186.146328926,198.390995026,0
1451,186.158979893,198.405812025,0
1452,186.171013832,198.417137861,0
1453,186.18322587,198.430284023,0
1454,186.195794821,198.440569878,0
1455,186.208201885,198.452770948,0
1456,186.21982789,198.46746397,0
1457,186.232208014,198.479501963,0
1458,186.246116877,198.491060019,0
1459,186.258307934,198.504400969,0
1460,186.272511005,198.517443895,0
1461,186.285494804,198.536550999,0
1462,186.297707796,198.558961868,0
1463,186.309857845,198.559880972,0
1464,186.322886944,198.574909925,0
1465,186.339748859,198.584980965,0
1466,210.351139784,222.598237038,3
1467,210.363495827,222.608294964,3
1468,210.376919985,222.622395039,3
1469,210.390548944,222.635632038,3
1470,210.405267,222.657265902,3
1471,210.417094946,222.663815022,3
1472,210.429269791,222.678005934,3
1473,210.441202879,222.687441826,3
1474,210.452817917,222.698300838,3
1475,210.464687824,222.710839987,3
1476,210.477007866,222.722426891,3
1477,210.48929286,222.736326933,3
1478,210.501810789,222.747786999,3
1479,210.514760017,222.760349035,3
1480,210.526502848,222.773030043,3
1481,210.538322926,222.785348892,3
1482,210.550067902,222.795321941,3
1483,210.561879873,222.807057858,3
1484,210.574095011,222.81892705,3
1485,210.58788085,222.832555056,3
1486,210.602461815,222.847173929,3
1487,210.616351843,222.860788822,3
1488,210.628217936,222.872580051,3
1489,210.642054796,222.888305902,3
1490,210.653800964,222.89970994,3
1491,210.669187784,222.914260864,3
1492,210.681216002,222.926892042,3
1493,210.692975998,222.937533855,3
1494,210.705212831,222.952663898,3
1495,210.718196869,222.964609861,3
1496,210.729991913,222.974570036,3
1497,210.741710901,222.987509966,3
1498,210.753650904,222.999460936,3
1499,210.765373945,223.009907007,3
1500,210.781408787,223.026772022,3
1501,210.794101,223.039330006,3
1502,210.806378841,223.054023981,3
1503,210.818226814,223.063575029,3
1504,210.829886913,223.077353001,3
1505,210.844571829,223.089565992,3
1506,210.858033895,223.103859901,3
1507,210.869906902,223.116240978,3
1508,210.881995916,223.127070904,3
1509,210.893867016,223.138700008,3
1510,210.905522823,223.152112007,3
1511,210.917626858,223.164074898,3
1512,210.929628849,223.175190926,3
1513,210.94204998,223.187355995,3
1514,210.954164982,223.202517986,3
1515,210.966603994,223.215551853,3
1516,210.979470968,223.224406958,3
1517,210.992272854,223.241097927,3
1518,211.005426884,223.250439882,3
1519,211.017326832,223.262456894,3
1520,211.029299021,223.274838924,3
1521,211.041049004,223.2857759,3
1522,211.052930832,223.298923969,3
1523,211.064859867,223.310510874,3
1524,211.076550007,223.326174021,1
1525,211.089224815,223.335260868,1
1526,211.101377964,223.347215891,1
1527,211.11487484,223.363620996,1
1528,211.128993988,223.374112844,1
1529,211.140816927,223.390032053,1
1530,211.154181004,223.400794983,1
1531,211.166275978,223.41256094,1
1532,211.178480864,223.422924995,1
1533,211.190548897,223.436202049,1
1534,211.205056906,223.451984882,1
1535,211.216959,223.461992979,1
1536,211.231153965,223.478484869,1
1537,211.243705988,223.488819838,1
1538,211.256979942,223.506333828,1
1539,211.269534826,223.514173985,1
1540,211.281373978,223.525923967,1
1541,211.293241978,223.537758827,1
1542,211.304899931,223.549803019,1
1543,211.316649914,223.561146021,1
1544,211.331084013,223.576241016,1
1545,211.343501806,223.588256836,1
1546,211.355184793,223.604012966,1
1547,211.367303848,223.613872051,1
1548,211.38062191,223.624835968,1
1549,211.392582893,223.638632059,1
1550,211.404587984,223.653815031,1
1551,211.422567844,223.667196989,1
1552,211.434471846,223.680016994,1
1553,211.446532965,223.692307949,1
1554,211.458220005,223.703665972,1
1555,211.471486807,223.716187954,1
1556,211.483785868,223.735574961,1
1557,211.49879694,223.743231058,1
1558,211.510339022,223.754948854,1
1559,211.522349834,223.76671195,1
1560,211.53695488,223.781985044,1
1561,211.548800945,223.794903994,1
1562,211.560817003,223.805500984,1
1563,211.572878838,223.823616028,1
1564,211.588312864,223.834478855,1
1565,211.6006639,223.848814011,1
1566,211.618815899,223.866312981,1
1567,211.631191015,223.876318932,1
1568,211.64335084,223.888324022,1
1569,211.657544851,223.901518822,1
1570,211.670352936,223.914927006,1
1571,211.682621002,223.928541899,1
1572,211.694545984,223.940224886,1
1573,211.708022833,223.956313848,1
1574,211.722230911,223.967720032,1
1575,211.73468399,223.980996847,1
1576,211.747040987,223.994217873,1
1577,211.762329817,224.012603045,1
1578,211.774638891,224.024692059,1
1579,211.786381006,224.030755043,1
1580,211.79815793,224.043000937,1
1581,211.809636831,224.05426383,1
1582,211.823086977,224.073431015,3
1583,211.834571838,224.083626986,3
1584,211.846164942,224.090872049,3
1585,211.858790874,224.108330011,3
1586,211.871143818,224.119496822,3
1587,211.885509968,224.163672924,3
1588,211.897429943,224.164113998,3
1589,211.909333944,224.164522886,3
1590,211.922774792,224.170764923,3
1591,211.936726809,224.181987047,3
1592,211.94914484,224.19409585,3
1593,211.961131811,224.206708908,3
1594,211.974085808,224.219670057,3
1595,211.987073898,224.231920004,3
1596,212.000549793,224.245574951,3
1597,212.012365818,224.258225918,3
1598,212.025480986,224.272002935,3
1599,212.037684917,224.283081055,3
1600,212.049551964,224.293905973,3
1601,212.061257839,224.305740833,3
1602,212.073332787,224.31791687,3
1603,212.087612867,224.33534503,3
1604,212.099684954,224.344704866,3
1605,212.112000942,224.357198,3
1606,212.126295805,224.370547056,3
1607,212.138021946,224.383661032,3
1608,212.149717808,224.398499966,3
1609,212.161976814,224.408725023,3
1610,212.174093008,224.418727875,3
1611,212.187398911,224.43503499,3
1612,212.199364901,224.445282936,3
1613,212.211513996,224.460571051,3
1614,212.22802186,224.475131035,3
1615,212.240592957,224.48690486,3
1616,212.252645969,224.498462915,3
1617,212.26473093,224.509942055,3
1618,212.276796818,224.525969982,3
1619,212.290591955,224.536512852,3
1620,212.302725792,224.553143024,3
1621,212.314692974,224.560719967,3
1622,212.327168941,224.571995974,3
1623,212.340477943,224.586766005,3
1624,212.352391958,224.598333836,3
1625,212.363988876,224.610208988,3
1626,212.3779459,224.629539967,3
1627,212.391181946,224.646342993,3
1628,212.405716896,224.659929991,3
1629,212.418062925,224.663735867,3
1630,212.430784941,224.682644844,3
1631,212.442528963,224.688906908,3
1632,212.454230785,224.702708006,1
1633,212.466078997,224.712028027,1
1634,212.477999926,224.722261906,1
1635,212.489739895,224.736466885,1
1636,212.503114939,224.747971058,1
1637,212.514933825,224.764428854,1
1638,212.52677989,224.774401903,1
1639,212.539747,224.785626888,1
1640,212.551481962,224.797711849,1
1641,212.565145969,224.810282946,1
1642,212.578086853,224.822787046,1
1643,212.590623856,224.843412876,1
1644,212.602782965,224.847535849,1
1645,212.617963791,224.872149944,1
1646,212.630486965,224.875725031,1
1647,212.643954992,224.891221046,1
1648,212.655553818,224.902704954,1
1649,212.667073011,224.912163973,1
1650,212.679902792,224.935403824,1
1651,212.692421913,224.93795085,1
1652,212.708076,224.95547986,1
1653,212.719750881,224.965056896,1
1654,212.731455803,224.976850033,1
1655,212.743276834,224.989138842,1
1656,212.755092859,225.00256896,1
1657,212.767526865,225.013787031,1
1658,212.781692982,225.027304888,1
1659,212.795360804,225.040557861,1
1660,212.808459997,225.056457043,1
1661,212.820258856,225.06613183,1
1662,212.831842899,225.07794404,1
1663,212.843577862,225.095217943,1
1664,212.856154919,225.101415873,1
1665,212.869412899,225.118474007,1
1666,212.882015944,225.126950979,1
1667,212.894055843,225.140451908,1
1668,212.905822992,225.153893948,1
1669,212.917955875,225.162230968,1
1670,212.929965973,225.174554825,1
1671,212.94204402,225.186261892,1
1672,212.95397687,225.204880953,1
1673,212.966535807,225.212749004,1
1674,212.979825974,225.223845959,1
1675,212.992689848,225.242976904,1
1676,213.007076979,225.253098965,1
1677,213.018779993,225.264232874,1
1678,213.030358791,225.276633978,1
1679,213.042075872,225.28719902,1
1680,213.054358006,225.300684929,1
1681,213.066610813,225.314796925,1
1682,213.078377008,225.328743935,1
1683,213.09147191,225.337406874,1
1684,213.103397846,225.347800016,1
1685,213.117390871,225.368733883,1
1686,213.129616022,225.373724937,1
1687,213.141563892,225.395761967,1
1688,213.154004812,225.403658867,3
1689,213.166540861,225.415312052,3
1690,213.178740978,225.425156832,3
1691,213.190842867,225.437693834,3
1692,213.202962875,225.456220865,3
1693,213.216902018,225.464109898,3
1694,213.229240894,225.475278854,3
1695,213.241727829,225.491886854,3
1696,213.253859997,225.501070976,3
1697,213.265738964,225.510931015,3
1698,213.277565956,225.52244997,3
1699,213.28934598,225.53498292,3
1700,213.301459789,225.547843933,3
1701,213.313356876,225.559788942,3
1702,213.325378895,225.576650858,3
1703,213.337123871,225.582124949,3
1704,213.349268913,225.593775034,3
1705,213.361711979,225.611618042,3
1706,213.374193907,225.621336937,3
1707,213.386693001,225.632925987,3
1708,213.398930788,225.644605875,3
1709,213.41097188,225.656105042,3
1710,213.42276597,225.667647839,3
1711,213.43482089,225.682803869,3
1712,213.447076797,225.69481492,3
1713,213.459050894,225.711879969,3
1714,213.4710958,225.716253996,3
1715,213.482777834,225.730144024,3
1716,213.494524956,225.740839005,3
1717,213.506419897,225.753622055,3
1718,213.518694878,225.765827894,3
1719,213.530584812,225.776664972,3
1720,213.54231596,225.786427021,3
1721,213.554284811,225.802737951,3
1722,213.566269875,225.811630011,3
1723,213.580746889,225.829062939,3
1724,213.596138,225.842161894,3
1725,213.610183954,225.856287003,3
1726,213.621701002,225.868878841,3
1727,213.633281946,225.878178835,3
1728,213.649428844,225.903075933,3
1729,213.670305967,225.914958954,3
1730,213.683238983,225.929118872,3
1731,213.695341825,225.939574957,3
1732,213.707293987,225.953367949,3
1733,213.721630812,225.972946882,3
1734,213.735035896,225.983432055,3
1735,213.747573853,225.995887041,3
1736,213.760077,226.006616831,3
1737,213.773027897,226.018950939,3
1738,213.785058975,226.030067921,3
1739,213.79685688,226.044705868,3
1740,213.808623791,226.061802864,3
1741,213.820508957,226.067065001,3
1742,213.834403992,226.086150885,3
1743,213.850971937,226.095216036,3
1744,213.863132,226.118464947,3
1745,213.875120878,226.121935844,3
1746,213.887269974,226.134258032,3
1747,213.900630951,226.145808935,1
1748,213.912813902,226.164397001,1
1749,213.92502284,226.170673847,1
1750,213.937188864,226.183599949,1
1751,213.949052811,226.199951887,1
1752,213.961188793,226.208641052,1
1753,213.974056959,226.219658852,1
1754,213.987373829,226.234746933,1
1755,214.000784874,226.246407032,1
1756,214.013465881,226.258329868,1
1757,214.025623798,226.275769949,1
1758,214.037347794,226.283957005,1
1759,214.048914909,226.293064833,1
1760,214.060818911,226.305345058,1
1761,214.073117971,226.318161964,1
1762,214.084849834,226.337698936,1
1763,214.096488953,226.342248917,1
1764,214.11162281,226.356431961,1
1765,214.123727798,226.368950844,1
1766,214.139673948,226.386334896,1
1767,214.151466846,226.401137829,1
1768,214.163022995,226.410577059,1
1769,214.174772978,226.420323849,1
1770,214.187430859,226.436619997,1
1771,214.20160985,226.45373702,1
1772,214.216233969,226.462282896,1
1773,214.227929831,226.472367048,1
1774,214.241374016,226.486677885,1
1775,214.253708839,226.498345852,1
1776,214.265178919,226.511265039,1
1777,214.278312922,226.528230906,1
1778,214.290524006,226.53645587,1
1779,214.302305937,226.554846048,1
1780,214.313984871,226.561903,1
1781,214.326068878,226.571805954,1
1782,214.33846283,226.590507984,1
1783,214.352358818,226.601204872,1
1784,214.365000963,226.613662004,1
1785,214.379132986,226.628775835,1
1786,214.39388299,226.648061991,1
1787,214.407194853,226.654855967,1
1788,214.418771982,226.671686888,1
1789,214.430795908,226.680574894,1
1790,214.444334984,226.689285994,1
1791,214.45616293,226.711191893,1
1792,214.467793941,226.713829041,1
1793,214.480389833,226.727826834,1
1794,214.496160984,226.741266012,1
1795,214.509639978,226.754137039,1
1796,214.521651983,226.771031857,1
1797,214.533588886,226.781591892,1
1798,214.545342922,226.791347027,1
1799,214.55723691,226.806454897,1
1800,214.569125891,226.814319849,1
1801,214.58086586,226.827533007,1
1802,214.594529867,226.844959021,1
1803,214.606564999,226.850587845,1
1804,214.618546009,226.866667986,1
1805,214.635137796,226.880658865,1
1806,214.646747828,226.89217186,1
1807,214.658392906,226.904135942,3
1808,214.670429945,226.914866924,3
1809,214.682461977,226.930738926,3
1810,214.694038868,226.938338041,3
1811,214.705798864,226.950921059,3
1812,214.720774889,226.966135979,3
1813,214.732832909,226.978488922,3
1814,214.744767904,226.990525961,3
1815,214.756260872,227.002450943,3
1816,214.767798901,227.012564898,3
1817,214.781316996,227.028475046,3
1818,214.793233871,227.044543982,3
1819,214.805825949,227.052698851,3
1820,214.819010019,227.064323902,3
1821,214.831259012,227.076539993,3
1822,214.843834877,227.090867043,3
1823,214.856132984,227.104022026,3
1824,214.868794918,227.11854887,3
1825,214.880905867,227.127774954,3
1826,214.892967939,227.143043995,3
1827,214.904846907,227.150156021,3
1828,214.916996002,227.161217928,3
1829,214.928923845,227.174424887,3
1830,214.940646887,227.185914993,3
1831,214.952302933,227.197103977,3
1832,214.964197874,227.214447021,3
1833,214.975986958,227.224299908,3
1834,214.993413925,227.240135908,3
1835,215.007727861,227.261468887,3
1836,215.019926786,227.269788027,3
1837,215.031696796,227.276658058,3
1838,215.043532848,227.290762901,3
1839,215.055797815,227.303091049,3
1840,215.067986965,227.312722921,3
1841,215.080056906,227.327833891,3
1842,215.092007875,227.337467909,3
1843,215.103698015,227.349418879,3
1844,215.119583845,227.364742041,3
1845,215.131550789,227.379063845,3
1846,215.143499851,227.402417898,3
1847,215.155944824,227.403377056,3
1848,215.168118954,227.412286043,3
1849,215.180230856,227.428314924,3
1850,215.192788839,227.438451052,3
1851,215.205180883,227.459081888,3
1852,215.218400002,227.467514992,3
1853,215.230374813,227.477249861,3
1854,215.24463582,227.493603945,3
1855,215.256240845,227.501379967,3
1856,215.268733978,227.519994974,3
1857,215.281720877,227.527489901,3
1858,215.294041872,227.539947987,3
1859,215.30625391,227.552137852,3
1860,215.318574905,227.563472033,1
1861,215.330715895,227.578246832,1
1862,215.343098879,227.589145899,1
1863,215.355255842,227.606163025,1
1864,215.367419958,227.61458993,1
1865,215.379587889,227.624228001,1
1866,215.391409874,227.636934042,1
1867,215.403203964,227.653446913,1
1868,215.415297985,227.660176992,1
1869,215.427070856,227.671978951,1
1870,215.438843012,227.687561989,1
1871,215.450559855,227.695143938,1
1872,215.462287903,227.7135849,1
1873,215.474462986,227.720090866,1
1874,215.489875793,227.740865946,1
1875,215.502182961,227.756965876,1
1876,215.515007019,227.762495041,1
1877,215.527843952,227.7778759,1
1878,215.540974855,227.786985874,1
1879,215.553411007,227.801203966,1
1880,215.566823006,227.818135977,1
1881,215.579438925,227.827497005,1
1882,215.591604948,227.839020014,1
1883,215.603670835,227.850018978,1
1884,215.616408825,227.8621099,1
1885,215.628288984,227.878921032,1
1886,215.64039588,227.895143032,1
1887,215.652722836,227.902976036,1
1888,215.664945841,227.911288023,1
1889,215.676860809,227.922574043,1
1890,215.688781977,227.935441971,1
1891,215.700732946,227.946997881,1
1892,215.71322298,227.962638855,1
1893,215.725377798,227.971537828,1
1894,215.737180948,227.98517704,1
1895,215.74919796,227.995933056,1
1896,215.761430979,228.008843899,1
1897,215.773452997,228.018905878,1
1898,215.785589933,228.034183979,1
1899,215.797366858,228.044100046,1
1900,215.809192896,228.055155993,1
1901,215.821125984,228.067445993,1
1902,215.832899809,228.080435038,1
1903,215.844871998,228.089881897,1
1904,215.857491016,228.102905989,1
1905,215.869606972,228.124822855,1
1906,215.881625891,228.126796007,1
1907,215.893834829,228.139932871,1
1908,215.905736923,228.157433033,1
1909,215.917697906,228.162219048,1
1910,215.930307865,228.177857876,1
1911,215.942443848,228.187866926,1
1912,215.954346895,228.202306986,1
1913,215.966324806,228.213871002,1
1914,215.978186846,228.223865986,1
1915,215.990078926,228.235816956,1
1916,216.001996994,228.248869896,1
1917,216.016100883,228.26108098,3
1918,216.027856827,228.272914886,3
1919,216.039546013,228.289692879,3
1920,216.053166866,228.310708046,3
1921,216.065093994,228.311241865,3
1922,216.079724789,228.329578876,3
1923,216.091614008,228.342975855,3
1924,216.103582859,228.350482941,3
1925,216.115558863,228.362206936,3
1926,216.127379894,228.373592854,3
1927,216.140155792,228.388078928,3
1928,216.151912928,228.396592855,3
1929,216.16473484,228.409050941,3
1930,216.176639795,228.422498941,3
1931,216.188165903,228.433836937,3
1932,216.19972086,228.445691824,3
1933,216.214004993,228.45994401,3
1934,216.226153851,228.471658945,3
1935,216.237824917,228.483801842,3
1936,216.249918938,228.494313002,3
1937,216.262699842,228.513010979,3
1938,216.275333881,228.522045851,3
1939,216.287140846,228.532381058,3
1940,216.30358386,228.55883503,3
1941,216.315364838,228.562227964,3
1942,216.328083992,228.574096918,3
1943,216.341585875,228.590020895,3
1944,216.354236841,228.598285913,3
1945,216.368645906,228.617065907,3
1946,216.382015944,228.627640009,3
1947,216.393913984,228.638648987,3
1948,216.405494928,228.652658939,3
1949,216.418596983,228.677286863,3
1950,216.430949926,228.68156004,3
1951,216.443455935,228.687861919,3
1952,216.455285788,228.702805042,3
1953,216.466876984,228.715500832,3
1954,216.481257915,228.730345011,3
1955,216.493008852,228.738970041,3
1956,216.51025486,228.756110907,3
1957,216.525008917,228.77470088,3
1958,216.539070845,228.785234928,3
1959,216.550993919,228.805140972,3
1960,216.563613892,228.809005976,3
1961,216.575842857,228.820227861,3
1962,216.587704897,228.832577944,3
1963,216.599539995,228.846403837,3
1964,216.611897945,228.859520912,3
1965,216.624579906,228.88181901,3
1966,216.636620998,228.884644032,3
1967,216.6498878,228.908443928,3
1968,216.661656857,228.917774916,3
1969,216.674270868,228.931040049,3
1970,216.687121868,228.935623884,3
1971,216.698997974,228.944954872,3
1972,216.712838888,228.959336042,3
1973,216.725000858,228.969666958,1
1974,216.738164902,228.985132933,1
1975,216.74980092,228.995131016,1
1976,216.762126923,229.012717962,1
1977,216.773983002,229.024705887,1
1978,216.786202908,229.031023026,1
1979,216.79822588,229.048387051,1
1980,216.810446978,229.056604862,1
1981,216.822504997,229.068402052,1
1982,216.834764004,229.080627918,1
1983,216.84668684,229.093778849,1
1984,216.858483791,229.109266996,1
1985,216.870432854,229.117017984,1
1986,216.88209796,229.131773949,1
1987,216.896428823,229.146008968,1
1988,216.910881996,229.16106391,1
1989,216.928932905,229.173943996,1
1990,216.942173958,229.189223051,1
1991,216.95743084,229.211730003,1
1992,216.97034502,229.216719866,1
1993,216.982395887,229.22989583,1
1994,216.994333982,229.24733305,1
1995,217.007344007,229.252892971,1
1996,217.019202948,229.264643908,1
1997,217.031673908,229.276207924,1
1998,217.043490887,229.288625002,1
1999,217.055814981,229.300695896,1
2000,217.067874908,229.312226057,1
