PacketSeqNo,ArrivalTime,MulticastIdx
1,0.00198101997375,5.5581870079,1
2,0.104596853256,5.65960407257,1
3,0.207571983337,5.76268315315,1
4,0.309651851654,5.86591315269,1
5,0.412305831909,5.96773815155,1
6,0.514660835266,6.06881809235,1
7,0.617184877396,6.17179012299,1
8,0.719957828522,6.27639698982,1
9,0.822554826736,6.37815403938,1
10,0.925208806992,6.48358511925,1
11,1.03046488762,6.58470606804,1
12,1.13291287422,6.68772315979,1
13,1.23579788208,6.79038405418,1
14,1.33824801445,6.89257311821,1
15,1.4408519268,6.99749422073,1
16,1.54368495941,7.09926319122,1
17,1.64712882042,7.20332217216,1
18,1.74980998039,7.30541300774,1
19,1.85218787193,7.40901017189,1
20,1.95436191559,7.51027917862,1
21,2.05725383759,7.61339020729,1
22,2.16003799438,7.71520400047,1
23,2.26274490356,7.81818699837,1
24,2.36580681801,7.92113614082,1
25,2.46928691864,8.02388000488,1
26,2.57216286659,8.12704610825,1
27,2.67516303062,8.2296731472,1
28,2.77809691429,8.33318805695,1
29,2.88128590584,8.43584299088,1
30,2.98401999474,8.53890299797,1
31,3.08643102646,8.64141821861,3
32,3.18934082985,8.7438352108,3
33,3.2923989296,8.84746217728,3
34,3.39517188072,8.95067405701,3
35,3.49828600883,9.05353307724,3
36,3.60148286819,9.15550708771,3
37,3.70431685448,9.25930309296,3
38,3.80714392662,9.36243915558,3
39,3.91033983231,9.46531701088,3
40,4.0138669014,9.56932401657,3
41,4.11704897881,9.67374515533,3
42,4.21969079971,9.77408504486,3
43,4.32211780548,9.87694215775,3
44,4.42452287674,9.97993516922,3
45,4.52684903145,10.0830421448,3
46,4.6299598217,10.184648037,3
47,4.73284292221,10.2881741524,3
48,4.83602499962,10.3902411461,3
49,4.93946099281,10.4941830635,3
50,5.04190683365,10.5973989964,3
51,5.14413285255,10.6980872154,3
52,5.24611783028,10.8010230064,3
53,5.34928297997,10.903231144,3
54,5.45118498802,11.0057091713,3
55,5.55310201645,11.1085090637,3
56,5.65569186211,11.2118110657,3
57,5.7583220005,11.313090086,3
58,5.8603579998,11.4155421257,3
59,5.9625248909,11.5176501274,3
60,6.0644288063,11.618283987,3
61,6.16623091698,11.7210299969,3
62,6.26814889908,11.822329998,3
63,6.37033390999,11.9262890816,3
64,6.47368383408,12.0287811756,3
65,6.57608890533,12.1315832138,3
66,6.67795681953,12.2326030731,3
67,6.78005886078,12.3347630501,3
68,6.88183879852,12.4374611378,3
69,6.98350286484,12.5395030975,3
70,7.08571887016,12.6398570538,3
71,7.18884992599,12.7441980839,3
72,7.29150295258,12.8456530571,3
73,7.39326190948,12.9478440285,3
74,7.49520802498,13.0514440536,3
75,7.59721493721,13.1516342163,3
76,7.69908595085,13.2542312145,3
77,7.80159687996,13.3554301262,3
78,7.90380001068,13.4598631859,3
79,8.00686502457,13.5615119934,3
80,8.10873103142,13.6630911827,3
81,8.21067595482,13.7652471066,3
82,8.3123588562,13.8672630787,3
83,8.41449785233,13.9701211452,3
84,8.5166888237,14.0725450516,3
85,8.61848688126,14.1737751961,3
86,8.72067379951,14.276512146,3
87,8.82340192795,14.3773281574,3
88,8.9254219532,14.4809811115,3
89,9.02760481834,14.5826740265,3
90,9.12927985191,14.6840910912,3
91,9.23174881935,14.7880589962,3
92,9.33360600471,14.8878991604,3
93,9.43535494804,14.9894711971,3
94,9.5373468399,15.092315197,3
95,9.64007592201,15.1941831112,3
96,9.74235987663,15.2970840931,3
97,9.84494185448,15.4011881351,3
98,9.94694685936,15.5017302036,3
99,10.0493090153,15.6041920185,3
100,10.1511809826,15.7061240673,3
101,10.2530658245,15.8071331978,3
102,10.3548419476,15.9105420113,3
103,10.4564659595,16.0129020214,3
104,10.5593018532,16.1142320633,3
105,10.6615598202,16.2161850929,3
106,10.7640769482,16.3187382221,3
107,10.866191864,16.4213950634,3
108,10.9678189754,16.5223431587,3
109,11.0697619915,16.6251921654,3
110,11.1713140011,16.7259371281,3
111,11.2737858295,16.8283481598,3
112,11.3762319088,16.9315330982,3
113,11.4788768291,17.0332660675,3
114,11.5813298225,17.1363880634,3
115,11.6831359863,17.2383921146,3
116,11.7852070332,17.3408432007,3
117,11.8870198727,17.4415130615,3
118,11.9888398647,17.5447061062,3
119,12.0910990238,17.6448822021,3
120,12.1939759254,17.7490961552,3
121,12.296713829,17.8516581059,3
122,12.3986229897,17.9532251358,3
123,12.500262022,18.0556850433,3
124,12.6024508476,18.1581921577,3
125,12.7050189972,18.2597980499,3
126,12.8067269325,18.3616549969,3
127,12.9097929001,18.4652202129,3
128,13.0119638443,18.5665180683,3
129,13.1139349937,18.668389082,3
130,13.2158839703,18.7698709965,3
131,13.3177819252,18.8712201118,3
132,13.4199359417,18.9739091396,3
133,13.522674799,19.0764670372,3
134,13.6244609356,19.1781890392,3
135,13.7266049385,19.2800810337,3
136,13.8287298679,19.382486105,3
137,13.9306468964,19.4840121269,3
138,14.0326969624,19.5859751701,3
139,14.1344568729,19.6895740032,3
140,14.2370529175,19.7909111977,3
141,14.3387207985,19.892385006,3
142,14.4406218529,19.9945340157,3
143,14.5430560112,20.0963702202,3
144,14.6452929974,20.1990590096,3
145,14.7478508949,20.3024940491,3
146,14.8509600163,20.4050960541,3
147,14.9531068802,20.5066251755,3
148,15.0550198555,20.609618187,3
149,15.1574528217,20.7110271454,3
150,15.2590808868,20.8133010864,3
151,15.3614308834,20.9162900448,3
152,15.4629659653,21.0169970989,3
153,15.5646269321,21.1180121899,3
154,15.667372942,21.2218680382,3
155,15.7694559097,21.3232681751,3
156,15.8713200092,21.4264121056,3
157,15.9733169079,21.5274720192,3
158,16.0752618313,21.6290791035,3
159,16.1774339676,21.7310380936,3
160,16.2794048786,21.8336820602,3
161,16.3816058636,21.9348502159,3
162,16.4841749668,22.0380680561,3
163,16.5868258476,22.140843153,3
164,16.6888170242,22.2427220345,3
165,16.7905619144,22.3452501297,3
166,16.8923108578,22.4458320141,3
167,16.9942579269,22.548402071,3
168,17.096408844,22.6500160694,3
169,17.1992440224,22.7535350323,3
170,17.3017728329,22.8558549881,3
171,17.4036188126,22.9579291344,3
172,17.505396843,23.059623003,3
173,17.6077768803,23.1614151001,3
174,17.71032691,23.2657730579,3
175,17.8121528625,23.3664000034,3
176,17.9153728485,23.4699211121,3
177,18.017416954,23.5718960762,3
178,18.1190068722,23.672752142,3
179,18.2207028866,23.774846077,3
180,18.3223259449,23.8765220642,3
181,18.424451828,23.980574131,3
182,18.5269529819,24.0810570717,3
183,18.6285998821,24.1822290421,3
184,18.730768919,24.2843170166,3
185,18.8329789639,24.3870379925,3
186,18.9348490238,24.4885981083,3
187,19.0368468761,24.5912601948,3
188,19.1385939121,24.6928451061,3
189,19.241355896,24.7953550816,3
190,19.3429908752,24.8968172073,3
191,19.4452338219,24.9987370968,3
192,19.5471270084,25.1030352116,3
193,19.6493577957,25.2035951614,3
194,19.7521529198,25.3062121868,3
195,19.8556168079,25.4092140198,3
196,19.9572768211,25.5108721256,3
197,20.0602538586,25.6141660213,3
198,20.1618638039,25.7164261341,3
199,20.2634739876,25.8178861141,3
200,20.365626812,25.919424057,3
201,20.4673149586,26.0216481686,3
202,20.5691030025,26.1254630089,3
203,20.6719238758,26.2267251015,3
204,20.7735979557,26.3269929886,3
205,20.8756768703,26.4293980598,3
206,20.9781229496,26.5316631794,3
207,21.0797488689,26.6349711418,3
208,21.1816627979,26.7360839844,3
209,21.2838377953,26.8373231888,3
210,21.3855648041,26.9390370846,3
211,21.4885458946,27.0422902107,3
212,21.5912878513,27.145045042,3
213,21.6929810047,27.2467541695,3
214,21.7947309017,27.3481299877,3
215,21.896643877,27.4501390457,3
216,21.9986689091,27.552323103,3
217,22.1006398201,27.654843092,3
218,22.2033708096,27.757133007,3
219,22.3059449196,27.8606071472,3
220,22.4077448845,27.9615781307,3
221,22.5102078915,28.0637061596,3
222,22.6118159294,28.1656060219,3
223,22.7145469189,28.2684280872,3
224,22.8164379597,28.3706331253,3
225,22.9197878838,28.474864006,3
226,23.0215950012,28.5777750015,3
227,23.1234998703,28.6770842075,3
228,23.2259538174,28.7792830467,3
229,23.3275768757,28.8810901642,3
230,23.4307689667,28.9848201275,3
231,23.5325498581,29.0876522064,3
232,23.6340830326,29.215829134,3
233,23.7625570297,29.3166592121,3
234,23.8652849197,29.4201500416,3
235,23.9678578377,29.5215129852,3
236,24.0697989464,29.6270320415,3
237,24.1719498634,29.7258241177,3
238,24.2740979195,29.8283360004,3
239,24.3759269714,29.9297411442,3
240,24.4776148796,30.0315890312,3
241,24.5794949532,30.1328852177,3
242,24.6811950207,30.2355902195,1
243,24.7831759453,30.3371632099,1
244,24.8851749897,30.438888073,1
245,24.9869179726,30.5417890549,1
246,25.0889108181,30.6438961029,1
247,25.1914689541,30.7456409931,1
248,25.2931489944,30.8470079899,1
249,25.3950788975,30.9489200115,1
250,25.4979557991,31.0517652035,1
251,25.5997259617,31.1547791958,1
252,25.7018539906,31.2553870678,1
253,25.804461956,31.3596990108,1
254,25.9066979885,31.4612321854,1
255,26.0089080334,31.5634930134,1
256,26.1110517979,31.6650090218,1
257,26.213490963,31.7674300671,1
258,26.3153159618,31.868792057,1
259,26.4171519279,31.971113205,1
260,26.5190558434,32.0736010075,1
261,26.6210370064,32.1751801968,1
262,26.7232329845,32.2775352001,1
263,26.8258228302,32.3791451454,1
264,26.9274258614,32.4818651676,1
265,27.0292358398,32.5831019878,1
266,27.1309089661,32.6844160557,1
267,27.2327048779,32.7864151001,1
268,27.334843874,32.8895452023,1
269,27.437032938,32.9916810989,1
270,27.5398459435,33.0932881832,1
271,27.6417729855,33.1953999996,1
272,27.7446060181,33.2983341217,1
273,27.8467469215,33.4005060196,1
274,27.9489970207,33.5034542084,1
275,28.0511858463,33.604861021,1
276,28.1533119678,33.7071871758,1
277,28.255715847,33.8092381954,1
278,28.3580520153,33.9117920399,1
279,28.4599130154,34.0138120651,1
280,28.5623958111,34.116890192,1
281,28.6652848721,34.2197830677,1
282,28.7669019699,34.3210999966,1
283,28.8697648048,34.4237232208,1
284,28.9719009399,34.5262141228,1
285,29.0738418102,34.6289010048,1
286,29.1762828827,34.7300260067,1
287,29.279104948,34.8340761662,1
288,29.3806807995,34.9341301918,1
289,29.4823679924,35.0368571281,1
290,29.5840189457,35.1376261711,1
291,29.6857159138,35.2400071621,1
292,29.7875859737,35.3414580822,1
293,29.8892970085,35.4432530403,1
294,29.9910898209,35.5447912216,1
295,30.093449831,35.6478250027,1
296,30.1959159374,35.750880003,1
297,30.2977349758,35.8522810936,1
298,30.3996269703,35.9536581039,1
299,30.5019948483,36.0564000607,1
300,30.6038198471,36.157793045,1
301,30.7060518265,36.2596750259,1
302,30.8085730076,36.3622891903,1
303,30.9110939503,36.4651141167,1
304,31.0136318207,36.5670950413,1
305,31.1152868271,36.6705760956,1
306,31.2175939083,36.7711901665,1
307,31.3194859028,36.8730192184,1
308,31.4214029312,36.9749040604,1
309,31.5233290195,37.0777552128,1
310,31.6254868507,37.1802442074,1
311,31.727823019,37.2816669941,1
312,31.829821825,37.383534193,1
313,31.9316148758,37.4862020016,1
314,32.0332899094,37.587198019,1
315,32.1350429058,37.6895341873,1
316,32.2370920181,37.7927820683,1
317,32.3391668797,37.8933181763,1
318,32.4412789345,37.9948871136,1
319,32.5440268517,38.0977880955,1
320,32.64595294,38.199930191,1
321,32.7489068508,38.3035430908,1
322,32.851266861,38.4049990177,1
323,32.9530639648,38.5073330402,1
324,33.0554859638,38.6094751358,1
325,33.1575348377,38.7109901905,1
326,33.2598278522,38.8145420551,1
327,33.3622789383,38.9165091515,1
328,33.4642519951,39.0181400776,1
329,33.5666499138,39.1204881668,1
330,33.6694898605,39.2246170044,1
331,33.7713668346,39.3251299858,1
332,33.8745539188,39.4298191071,1
333,33.9774289131,39.5315141678,1
334,34.0793089867,39.6329610348,1
335,34.1808509827,39.7348120213,1
336,34.2833039761,39.8369472027,1
337,34.3850829601,39.9387230873,1
338,34.4867548943,40.0407521725,1
339,34.5884399414,40.1434650421,1
340,34.6941568851,40.2494330406,1
341,34.7964279652,40.3516461849,1
342,34.8984949589,40.4538481236,1
343,35.000428915,40.5552940369,1
344,35.1021208763,40.6564149857,1
345,35.2044129372,40.7585220337,1
346,35.3063809872,40.8611431122,1
347,35.4085979462,40.9635961056,1
348,35.5113317966,41.0664441586,1
349,35.6137809753,41.1676440239,1
350,35.7157919407,41.272149086,1
351,35.8182389736,41.3724210262,1
352,35.921353817,41.4778311253,1
353,36.0240468979,41.5788681507,1
354,36.1272118092,41.6823990345,1
355,36.2295689583,41.7839682102,1
356,36.3317580223,41.8862102032,1
357,36.4335758686,41.9878411293,1
358,36.5357429981,42.0917050838,1
359,36.6375238895,42.1914579868,1
360,36.7394208908,42.2940571308,1
361,36.8413980007,42.3960340023,1
362,36.9442698956,42.5011041164,1
363,37.0464169979,42.6023011208,1
364,37.1489839554,42.705488205,1
365,37.2510569096,42.8054201603,1
366,37.3531258106,42.9076571465,1
367,37.4548118114,43.0093090534,1
368,37.5569338799,43.1119060516,1
369,37.6588888168,43.213050127,1
370,37.7609548569,43.3167560101,1
371,37.8626599312,43.4171960354,1
372,37.964550972,43.5197651386,1
373,38.066562891,43.6216540337,1
374,38.1690058708,43.724832058,1
375,38.2708778381,43.8258111477,1
376,38.373926878,43.9286961555,1
377,38.4756388664,44.030506134,1
378,38.5778739452,44.1322591305,1
379,38.6798717976,44.2346000671,1
380,38.7818439007,44.3368501663,1
381,38.8835020065,44.4390501976,1
382,38.9857099056,44.5400512218,1
383,39.0884208679,44.6452171803,1
384,39.1908388138,44.7453320026,1
385,39.2928988934,44.8486261368,1
386,39.3960340023,44.9514160156,1
387,39.4980609417,45.0529119968,1
388,39.6000459194,45.1554861069,1
389,39.7020637989,45.2571470737,1
390,39.80407691,45.3589291573,1
391,39.9057810307,45.4600830078,1
392,40.0073850155,45.5619130135,1
393,40.1092050076,45.6645550728,1
394,40.2117810249,45.766408205,1
395,40.3137588501,45.8700079918,1
396,40.4154598713,45.9696211815,1
397,40.5170049667,46.071449995,1
398,40.6190040112,46.175383091,1
399,40.7217388153,46.2778689861,1
400,40.8237519264,46.3777911663,1
401,40.9265868664,46.4816310406,1
402,41.0293459892,46.5843071938,1
403,41.1325588226,46.6867721081,1
404,41.2352588177,46.7899861336,1
405,41.3368299007,46.8911790848,1
406,41.4392299652,46.9949040413,1
407,41.5412259102,47.0964930058,1
408,41.6427938938,47.1972191334,1
409,41.7448468208,47.2988471985,1
410,41.8468728065,47.4019181728,1
411,41.9494760036,47.5057590008,1
412,42.0520060062,47.6067872047,1
413,42.1541228294,47.7082691193,1
414,42.2562298775,47.8109331131,1
415,42.3582918644,47.9126710892,1
416,42.4601039886,48.0149171352,1
417,42.5622220039,48.1174991131,1
418,42.6644480228,48.2196080685,1
419,42.7660520077,48.3210949898,1
420,42.8678638935,48.4222290516,1
421,42.9698858261,48.5244061947,1
422,43.0721809864,48.6263661385,1
423,43.1743710041,48.7288930416,1
424,43.2765209675,48.831662178,1
425,43.37895298,48.9332361221,1
426,43.48118186,49.0357720852,1
427,43.5830218792,49.137827158,1
428,43.6856899261,49.2408680916,1
429,43.7875089645,49.3427150249,1
430,43.889895916,49.4447472095,1
431,43.9916298389,49.5455729961,1
432,44.0936808586,49.6494860649,1
433,44.1963210106,49.7505290508,1
434,44.29950881,49.8542630672,1
435,44.4013729095,49.9555420876,1
436,44.5033240318,50.0586051941,1
437,44.6053249836,50.1592640877,1
438,44.7076208591,50.2625930309,1
439,44.8094270229,50.3631510735,1
440,44.9115879536,50.4662270546,1
441,45.0132219791,50.5689120293,1
442,45.1150279045,50.6691091061,1
443,45.2172768116,50.7716012001,1
444,45.3189938068,50.8736391068,1
445,45.4208908081,50.9753501415,1
446,45.522454977,51.0770511627,1
447,45.6268939972,51.1820161343,1
448,45.7292778492,51.2846879959,1
449,45.8308849335,51.3848280907,1
450,45.9324519634,51.4873430729,1
451,46.0344669819,51.5886762142,1
452,46.1376550198,51.695371151,1
453,46.2403049469,51.7951660156,1
454,46.3425879478,51.8975520134,1
455,46.4446899891,51.9987711906,1
456,46.5464088917,52.1009891033,1
457,46.6482298374,52.2027721405,1
458,46.7501478195,52.3056221008,1
459,46.8522489071,52.4072949886,1
460,46.9548819065,52.5099451542,1
461,47.0572168827,52.6114020348,1
462,47.1594719887,52.7154271603,1
463,47.2616119385,52.8158950806,1
464,47.3639829159,52.9186580181,1
465,47.4656198025,53.0201361179,1
466,47.5680398941,53.1238651276,1
467,47.6702430248,53.2254390717,1
468,47.7725069523,53.3277451992,1
469,47.8740539551,53.4293420315,1
470,47.9756529331,53.5313241482,1
471,48.0777478218,53.633010149,1
472,48.1802740097,53.7352650166,1
473,48.2818229198,53.8356451988,1
474,48.3843250275,53.9399971962,1
475,48.486743927,54.0416171551,1
476,48.58938694,54.1462700367,1
477,48.6917819977,54.2464179993,1
478,48.7939348221,54.3483970165,1
479,48.8955719471,54.4510581493,1
480,48.9970948696,54.5524871349,1
481,49.0994739532,54.6542780399,1
482,59.2307658195,64.7857820988,2
483,59.2345428467,64.7927269936,2
484,59.2418818474,64.7954580784,2
485,59.244453907,64.8009741306,2
486,59.2471878529,64.8017179966,2
487,59.2500638962,64.8073310852,2
488,59.2530918121,64.814125061,2
489,59.2561810017,64.8164010048,2
490,59.2599759102,64.8217902184,2
491,59.2634749413,64.824712038,2
492,59.2679069042,64.8273091316,2
493,59.2710459232,64.8360090256,2
494,59.2803988457,64.8384580612,2
495,59.2827558517,64.8406050205,2
496,59.2850179672,64.8416121006,2
497,59.2873368263,64.8458690643,2
498,59.2898459435,64.8491771221,2
499,59.2925658226,64.8515880108,2
500,59.2952048779,64.8545660973,2
501,59.297451973,64.867221117,2
502,59.2996609211,64.8702762127,2
503,59.3021650314,64.8740711212,2
504,59.3049898148,65.0860509872,2
505,59.3075518608,65.0869300365,2
506,59.3101489544,65.0910642147,2
507,59.3127629757,65.0930080414,2
508,59.3184947968,65.0938460827,2
509,59.320827961,65.0947430134,2
510,59.3232338428,65.0995700359,2
511,59.3256540298,65.1006522179,2
512,59.3286910057,65.1028671265,2
513,59.3316369057,65.109413147,2
514,59.3349938393,65.1102161407,2
515,59.3378148079,65.1126401424,2
516,59.3403098583,65.1133420467,2
517,59.3429620266,65.1139831543,2
518,59.3461849689,65.1173341274,2
519,59.349146843,65.1182510853,2
520,59.3523390293,65.1189770699,2
521,59.3560159206,65.1197161674,2
522,59.3596060276,65.1219041348,2
523,59.3628458977,65.1226451397,2
524,59.3664059639,65.1233780384,2
525,59.3709769249,65.126347065,2
526,59.3743000031,65.129199028,2
527,59.3775949478,65.1302502155,2
528,59.3807499409,65.1311721802,2
529,59.3842430115,65.1348721981,2
530,59.3880019188,65.13570714,2
531,59.3912799358,65.1404271126,2
532,59.3948168755,65.1435110569,2
533,59.397895813,65.1444470882,2
534,59.4006428719,65.1453812122,2
535,59.4038319588,65.1472361088,2
536,59.40741992,65.1507480145,2
537,59.4105839729,65.1594800949,2
538,59.4137048721,65.1602950096,2
539,59.421533823,65.1610081196,2
540,59.4245319366,65.1617460251,2
541,59.4280498028,65.1637790203,2
542,59.4317409992,65.164550066,2
543,59.435366869,65.1673641205,2
544,59.4384849072,65.1745431423,2
545,59.441795826,65.1756122112,2
546,59.4451949596,65.1766541004,2
547,59.447925806,65.1775431633,2
548,59.451515913,65.1785600185,2
549,59.4547338486,65.1792900562,2
550,59.458001852,65.1799511909,2
551,59.4612569809,65.1805710793,2
552,59.4644567966,65.1828730106,2
553,59.4680068493,65.1836390495,2
554,59.4711718559,65.1865022182,2
555,59.4737830162,65.1889061928,2
556,59.4765889645,65.1896910667,2
557,59.4798679352,65.1904420853,2
558,59.4832270145,65.1919710636,2
559,59.4861550331,65.196557045,2
560,59.4893708229,65.1986801624,2
561,59.4925839901,65.1995511055,2
562,59.4960999489,65.2022202015,2
563,59.4991428852,65.2030651569,2
564,59.5028920174,65.2038111687,2
565,59.5063979626,65.2045230865,2
566,59.5097877979,65.2056121826,2
567,59.5123038292,65.2102851868,2
568,59.5150170326,65.2112061977,2
569,59.5179989338,65.2119882107,2
570,59.525302887,65.2127051353,2
571,59.5280559063,65.2135272026,2
572,59.5312879086,65.2143211365,2
573,59.5343279839,65.2150490284,2
574,59.5377378464,65.2165870667,2
575,59.5411138535,65.2186920643,2
576,59.5439310074,65.2248871326,2
577,59.5467338562,65.2258081436,2
578,59.5498859882,65.2271530628,2
579,59.5534248352,65.2278990746,2
580,59.5567348003,65.2286581993,2
581,59.6590929031,65.229391098,2
582,59.762223959,65.3187642097,2
583,59.866191864,65.4201500416,2
584,59.9703359604,65.5261271,2
585,60.0742869377,65.6282219887,2
586,60.1767249107,65.7354290485,2
587,60.2786078453,65.8324971199,2
588,60.3810608387,65.9373161793,2
589,60.4839730263,66.0387501717,2
590,60.5868468285,66.1428101063,2
591,60.6904258728,66.2456882,2
592,60.7930839062,66.34724617,2
593,60.8968069553,66.4535300732,2
594,61.0006158352,66.5545589924,2
595,61.1029000282,66.6579270363,2
596,61.2056548595,66.7593951225,2
597,61.3081059456,66.8622441292,2
598,61.4110329151,66.9670619965,2
599,61.5136528015,67.0684370995,2
600,61.6161358356,67.1800479889,2
601,61.7186019421,67.2729539871,2
602,61.8220829964,67.3778541088,2
603,61.9243378639,67.4782230854,2
604,62.0268208981,67.5839772224,2
605,62.1290149689,67.6826610565,2
606,62.2325499058,67.7884280682,2
607,62.3352408409,67.8899810314,2
608,62.4389519691,67.9938941002,2
609,62.541356802,68.0958189964,2
610,62.6447768211,68.2011520863,2
611,62.747923851,68.3042731285,2
612,62.8523139954,68.4067640305,2
613,62.9554209709,68.5113761425,2
614,63.058027029,68.6124410629,2
615,63.1600909233,68.7142632008,2
616,63.2673809528,68.8225581646,2
617,63.3699388504,68.9237060547,2
618,63.4726469517,69.0307281017,2
619,63.5762059689,69.1320149899,2
620,63.6806459427,69.2364411354,2
621,63.7834448814,69.3388102055,2
622,63.8895199299,69.4433209896,2
623,63.9919579029,69.549352169,2
624,64.0953710079,69.649887085,2
625,64.1982059479,69.753606081,2
626,64.3119909763,69.8655250072,2
627,64.4493210316,70.0028381348,2
628,64.5740458965,70.1286740303,2
629,64.6826729774,70.2382850647,2
630,64.7866768837,70.3405539989,2
631,64.8884658813,70.4431231022,2
632,64.9905660152,70.5458362103,2
633,65.0921318531,70.6464881897,2
634,65.1941628456,70.7477550507,2
635,65.2958858013,70.849984169,2
636,65.3975389004,70.9513301849,2
637,65.4996519089,71.0535349846,2
638,65.6018857956,71.1552619934,2
639,65.7038738728,71.2585961819,2
640,65.8060388565,71.361552,2
641,65.9082379341,71.4638710022,2
642,66.0099518299,71.5642139912,2
643,66.1128578186,71.6689832211,2
644,66.2152349949,71.7692060471,2
645,66.3169310093,71.8705060482,2
646,66.4228708744,71.9765541553,2
647,66.5249459743,72.079282999,2
648,66.6272919178,72.1816751957,2
649,66.7289688587,72.2833340168,2
650,66.8314948082,72.3859190941,2
651,66.9333388805,72.4872601032,2
652,67.0354239941,72.5895290375,2
653,67.1375398636,72.6911489964,2
654,67.2393949032,72.7928841114,2
655,67.3411159515,72.895168066,2
656,67.4437608719,72.9991550446,2
657,67.5459070206,73.0991580486,2
658,67.6484649181,73.2027962208,2
659,67.7512938976,73.3051280975,2
660,67.8534698486,73.4119021893,2
661,67.958739996,73.5128901005,2
662,68.0634360313,73.6196551323,2
663,68.1670198441,73.7204451561,2
664,68.2689359188,73.8230822086,2
665,68.3744180202,73.9297721386,2
666,68.4768710136,74.0313191414,2
667,68.5788378716,74.1362121105,2
668,68.68354702,74.2374360561,2
669,68.785533905,74.3391971588,2
670,68.889993906,74.44373703,2
671,68.9951457977,74.5492331982,2
672,69.0999348164,74.653717041,2
673,69.2032859325,74.7574081421,2
674,69.3054068089,74.8594961166,2
675,69.4070498943,74.9612240791,2
676,69.5095028877,75.0643951893,2
677,69.6121490002,75.1670901775,2
678,69.7144799232,75.2687652111,2
679,69.8168308735,75.3723721504,2
680,69.919397831,75.4732971191,2
681,70.021258831,75.5762879848,2
682,70.1231780052,75.6767652035,2
683,70.2250609398,75.7786741257,2
684,70.3268330097,75.8804872036,2
685,70.4287519455,75.9829881191,2
686,70.5308008194,76.0868391991,2
687,70.6327898502,76.1867570877,2
688,70.7354359627,76.290790081,2
689,70.8386368752,76.3923120499,2
690,70.9403238297,76.4948070049,2
691,71.0422430038,76.5965321064,2
692,71.1442058086,76.6980011463,2
693,71.2461278439,76.8007261753,2
694,71.3478109837,76.902998209,2
695,71.449919939,77.0036480427,2
696,71.5524468422,77.1071431637,2
697,71.6543569565,77.2078330517,2
698,71.7564239502,77.3125932217,2
699,71.8592829704,77.4129559994,2
700,71.9622209072,77.5163850784,2
701,72.0649149418,77.6191592216,2
702,72.1673908234,77.7223470211,2
703,72.2697570324,77.824090004,2
704,72.3723130226,77.925588131,2
705,72.4741299152,78.0284450054,0
706,72.576004982,78.1300570965,0
707,72.6779029369,78.2323601246,0
708,72.7801539898,78.3340890408,0
709,72.8823428154,78.4372370243,0
710,72.9847419262,78.5406579971,0
711,73.0877389908,78.6413440704,0
712,73.1905589104,78.744562149,0
713,73.2928528786,78.8466341496,0
714,73.3951148987,78.9492020607,0
715,73.4969389439,79.051194191,0
716,73.599105835,79.1527311802,0
717,73.7013540268,79.2555491924,0
718,73.8037369251,79.3577330112,0
719,73.9057278633,79.4603722095,0
720,74.008122921,79.5633640289,0
721,74.1103439331,79.6651620865,0
722,74.2133448124,79.7674081326,0
723,74.3155620098,79.8701210022,0
724,74.4176018238,79.9727091789,0
725,74.5199468136,80.0753650665,0
726,74.6222648621,80.1769909859,0
727,74.7242558002,80.2783341408,0
728,74.826128006,80.3822021484,0
729,74.9286990166,80.483148098,0
730,75.0308799744,80.5858500004,0
731,75.1340749264,80.6881220341,0
732,75.2363379002,80.7909162045,0
733,75.3389389515,80.8944661617,0
734,75.4415428638,80.9961750507,0
735,75.5432138443,81.09684515,0
736,75.6451659203,81.199075222,0
737,75.7475078106,81.3019371033,0
738,75.8499159813,81.4045391083,0
739,75.9518790245,81.5060009956,0
740,76.0547068119,81.6097462177,0
741,76.1566948891,81.7107760906,0
742,76.2586019039,81.8128139973,0
743,76.3607828617,81.9157681465,0
744,76.462802887,82.0180180073,0
745,76.5664949417,82.1204881668,0
746,76.6689398289,82.2228012085,0
747,76.7708878517,82.32467103,0
748,76.8728368282,82.4266741276,0
749,76.9745359421,82.5284070969,0
750,77.0763008595,82.629858017,0
751,77.1781249046,82.7323961258,0
752,77.2811408043,82.8350059986,0
753,77.3831589222,82.9366140366,0
754,77.4849698544,83.039383173,0
755,77.5871198177,83.1426081657,0
756,77.6894209385,83.2446260452,0
757,77.7911708355,83.3455181122,0
758,77.8944549561,83.4539191723,0
759,77.9961459637,83.549973011,0
760,78.0988078117,83.6542651653,0
761,78.2009849548,83.7563931942,0
762,78.3032460213,83.8571851254,0
763,78.405299902,83.9594640732,0
764,78.5080599785,84.0630919933,0
765,78.6100718975,84.164203167,0
766,78.7128078938,84.2684850693,0
767,78.8147377968,84.3691210747,0
768,78.9168028831,84.4716989994,0
769,79.0188839436,84.5735561848,0
770,79.1211559772,84.6751220226,0
771,79.2237138748,84.77769804,0
772,79.3273789883,84.8824260235,0
773,79.4296419621,84.9836061001,0
774,79.5318439007,85.0857400894,0
775,79.6342599392,85.1888401508,0
776,79.7371938229,85.2932021618,0
777,79.8389089108,85.3925690651,0
778,79.9411389828,85.4958159924,0
779,80.0438389778,85.5984151363,0
780,80.1458129883,85.7011811733,0
781,80.2478528023,85.8036401272,0
782,80.3506088257,85.9050869942,0
783,80.4527368546,86.0082771778,0
784,80.5556869507,86.1107320786,0
785,80.6579949856,86.2117161751,0
786,80.759649992,86.3136050701,0
787,80.8613059521,86.4167490005,0
788,80.9639599323,86.5180621147,0
789,81.0662288666,86.6217951775,0
790,81.1684370041,86.7225990295,0
791,81.2708649635,86.824532032,0
792,81.3726058006,86.9281270504,0
793,81.4750378132,87.0293931961,0
794,81.5777609348,87.1319041252,0
795,81.6796689034,87.2334640026,0
796,81.781845808,87.3370330334,0
797,81.8842439651,87.4379580021,0
798,81.986276865,87.5400841236,0
799,82.0882508755,87.6434412003,0
800,82.1906249523,87.7456550598,0
801,82.292981863,87.8485901356,0
802,82.3952949047,87.9502091408,0
803,82.4975068569,88.0529711246,0
804,82.5994668007,88.1553061008,0
805,82.7014288902,88.2558910847,0
806,82.8037428856,88.3587181568,0
807,82.9084208012,88.4627151489,0
808,83.010384798,88.5642352104,0
809,83.112279892,88.6670930386,0
810,83.2140648365,88.7685511112,0
811,83.3160278797,88.8721721172,0
812,83.4185659885,88.9739542007,0
813,83.5208117962,89.0764920712,0
814,83.6224658489,89.1773180962,0
815,83.7241539955,89.2794690132,0
816,83.8265609741,89.3817901611,0
817,83.9288978577,89.4835481644,0
818,84.0310139656,89.5864369869,0
819,84.1328139305,89.6878631115,0
820,84.23523283,89.7908601761,0
821,84.3372719288,89.8913400173,0
822,84.4393999577,89.9954941273,0
823,84.5416889191,90.0976011753,0
824,84.6442580223,90.2004301548,0
825,84.7461099625,90.3029830456,0
826,84.8483319283,90.4029951096,0
827,84.9501018524,90.5052490234,0
828,85.0530588627,90.6089780331,0
829,85.1555438042,90.7118501663,0
830,85.2589068413,90.8139309883,0
831,85.3614737988,90.9161081314,0
832,85.4633150101,91.0193190575,0
833,85.5655939579,91.121530056,0
834,85.6682949066,91.2231860161,0
835,85.7713418007,91.3268551826,0
836,85.8739550114,91.4306981564,0
837,85.9762728214,91.5305070877,0
838,86.078346014,91.6333591938,0
839,86.1806628704,91.7356171608,0
840,86.282845974,91.8387269974,0
841,86.3851280212,91.9415130615,0
842,86.4875609875,92.0411701202,0
843,86.5893158913,92.1460020542,0
844,86.6922550201,92.2467532158,0
845,86.7942049503,92.3499500751,0
846,86.8964409828,92.4519510269,0
847,86.9987399578,92.5560510159,0
848,87.1009478569,92.6547989845,0
849,87.2027180195,92.7590501308,0
850,87.3052299023,92.8605229855,0
851,87.4074339867,92.9620511532,0
852,87.5093529224,93.0636191368,0
853,87.6114499569,93.1667971611,0
854,87.7140460014,93.2684161663,0
855,87.8158929348,93.3721442223,0
856,87.9177589417,93.4724020958,0
857,88.0194649696,93.5754539967,0
858,88.1211419106,93.6779141426,0
859,88.2227809429,93.77760005,0
860,88.3247358799,93.8798480034,0
861,88.4265048504,93.9810781479,0
862,88.5280878544,94.0837230682,0
863,88.62981987,94.185005188,0
864,88.7318558693,94.2895791531,0
865,88.8334770203,94.3888421059,0
866,88.9354708195,94.4919412136,0
867,89.0373439789,94.5943632126,0
868,89.1401438713,94.6967051029,0
869,89.2418079376,94.7963430882,0
870,89.3434460163,94.8980181217,0
871,89.4450569153,94.9996631145,0
872,89.5480229855,95.1031880379,0
873,89.6497228146,95.2048380375,0
874,89.7519278526,95.3060011864,0
875,89.8535478115,95.4085531235,0
876,89.9554679394,95.5115661621,0
877,90.0587599277,95.6146020889,0
878,90.1622838974,95.7169752121,0
879,90.2645590305,95.8183841705,0
880,90.3669419289,95.923730135,0
881,90.4687960148,96.0232970715,0
882,90.5712080002,96.1253151894,0
883,90.6735899448,96.2290480137,0
884,90.7774460316,96.3318099976,0
885,90.8797528744,96.4349570274,0
886,90.9815979004,96.5367870331,0
887,91.0842080116,96.6388230324,0
888,91.1862299442,96.7400860786,0
889,91.2884099483,96.8432860374,0
890,91.3908588886,96.9477920532,0
891,91.492579937,97.0470449924,0
892,91.5946698189,97.1486411095,0
893,91.6975958347,97.2528920174,0
894,91.7999508381,97.3559131622,0
895,91.9020428658,97.4571681023,0
896,92.0042998791,97.5603342056,0
897,92.1059679985,97.6603929996,0
898,92.2085130215,97.7632181644,0
899,92.310546875,97.8646440506,0
900,92.412801981,97.9683310986,0
901,92.5146579742,98.0692741871,0
902,92.6173148155,98.1736462116,0
903,92.7194600105,98.2740080357,0
904,92.821641922,98.3764410019,0
905,92.9232339859,98.4785461426,0
906,93.0248470306,98.5814909935,0
907,93.1264989376,98.6810750961,0
908,93.2285850048,98.7834939957,0
909,93.330231905,98.8847742081,0
910,93.4318449497,98.9869191647,0
911,93.5335838795,99.0899410248,0
912,93.63514781,99.1896941662,0
913,93.7371180058,99.2924911976,0
914,93.8389148712,99.3936910629,0
915,93.9408068657,99.4957110882,0
916,94.0455138683,99.6024961472,0
917,94.1473228931,99.7053670883,0
918,94.2489578724,99.8034601212,0
919,94.351020813,99.9069261551,0
920,94.4531519413,100.007450104,0
921,94.5557188988,100.111196041,0
922,94.6578409672,100.213284016,0
923,94.7596149445,100.316362143,0
924,94.8617508411,100.415927172,0
925,94.9636240005,100.518603086,0
926,95.0658669472,100.620475054,0
927,95.1679468155,100.723155022,0
928,95.269687891,100.824741125,0
929,105.397315025,110.950438023,3
930,105.39988184,110.951638222,3
931,105.402342796,110.954097986,3
932,105.404774904,110.958099127,3
933,105.407194853,110.959856987,3
934,105.40949297,110.966928005,3
935,105.411722898,110.967815161,3
936,105.414296865,110.968543053,3
937,105.416982889,110.973424196,3
938,105.419571877,110.978139162,3
939,105.422065973,110.983260155,3
940,105.424396992,110.986337185,3
941,105.426906824,110.98706913,3
942,105.429654837,110.987765074,3
943,105.432686806,110.988481045,3
944,105.435226917,110.992191076,3
945,105.437776804,110.99338913,3
946,105.440328836,111.001634121,3
947,105.444355965,111.00237608,3
948,105.447834969,111.004648209,3
949,105.451328993,111.007580042,3
950,105.454504013,111.01158309,3
951,105.458153963,111.020670176,3
952,105.461802959,111.025021076,3
953,105.465348959,111.025835037,3
954,105.468933821,111.026575089,3
955,105.472103834,111.033919096,3
956,105.475605011,111.034340143,3
957,105.478922844,111.040831089,3
958,105.486975908,111.042665005,3
959,105.490242958,111.048973083,3
960,105.494186878,111.052225113,3
961,105.497671843,111.052967072,3
962,105.501207829,111.063254118,3
963,105.504462004,111.067274094,3
964,105.507893801,111.068056107,3
965,105.510715961,111.070291042,3
966,105.514101028,111.074562073,3
967,105.517339945,111.078644991,3
968,105.520565033,111.079274178,3
969,105.524056911,111.086835146,3
970,105.527606964,111.090876102,3
971,105.530685902,111.092987061,3
972,105.53426981,111.093756199,3
973,105.538302898,111.099687099,3
974,105.541464806,111.104560137,3
975,105.544744015,111.106914997,3
976,105.548434019,111.109146118,3
977,105.551945925,111.115005016,3
978,105.555528879,111.118379116,3
979,105.558769941,111.124598026,3
980,105.562115908,111.125527143,3
981,105.565434933,111.132843018,3
982,105.568632841,111.135112047,3
983,105.571964025,111.144059181,3
984,105.57553792,111.151907206,3
985,105.578682899,111.156233072,3
986,105.581892014,111.158368111,3
987,105.585021973,111.16617322,3
988,105.592025995,111.168758154,3
989,105.595299959,111.171088219,3
990,105.598618984,111.173197031,3
991,105.602059841,111.177366018,3
992,105.605428934,111.179843187,3
993,105.608721972,111.186484098,3
994,105.612098932,111.191189051,3
995,105.615629911,111.191854,3
996,105.619431973,111.194095135,3
997,105.622710943,111.19631505,3
998,105.625983953,111.19841218,3
999,105.629382849,111.201605082,3
1000,105.632454872,111.207133055,3
1001,105.635893822,111.210831165,3
1002,105.639693022,111.214181185,3
1003,105.642524004,111.219171047,3
1004,105.645628929,111.222060204,3
1005,105.648934841,111.227549076,3
1006,105.652279854,111.229998112,3
1007,105.655841827,111.232358217,3
1008,105.659776926,111.236361027,3
1009,105.662947893,111.240096092,3
1010,105.666502953,111.24288702,3
1011,105.670123816,111.245830059,3
1012,105.673655987,111.248763084,3
1013,105.677031994,111.249606133,3
1014,105.680002928,111.250370026,3
1015,105.683360815,111.256309032,3
1016,105.686865807,111.25682807,3
1017,105.694000006,111.262567997,3
1018,105.696981907,111.263360023,3
1019,105.699956894,111.272179127,3
1020,105.702974796,111.272579193,3
1021,105.706205845,111.272973061,3
1022,105.709559917,111.279222012,3
1023,105.712968826,111.283025026,3
1024,105.716223955,111.28354907,3
1025,105.719589949,111.286525011,3
1026,105.722822905,111.294239998,3
1027,105.726174831,111.295051098,3
1028,105.82860589,111.383171082,3
1029,105.931346893,111.485810995,3
1030,106.034823895,111.589845181,3
1031,106.137225866,111.691772223,3
1032,106.240007877,111.79414916,3
1033,106.342720985,111.896759987,3
1034,106.445892811,111.999772072,3
1035,106.548810005,112.103024006,3
1036,106.65169096,112.206095219,3
1037,106.754786015,112.308907032,3
1038,106.857524872,112.411289215,3
1039,106.960053921,112.513899088,3
1040,107.062723875,112.617286205,3
1041,107.165395021,112.719343185,3
1042,107.268316984,112.823401213,3
1043,107.371202946,112.925773144,3
1044,107.474267006,113.028062105,3
1045,107.577061892,113.131620169,3
1046,107.679939985,113.233926058,3
1047,107.783758879,113.339195013,3
1048,107.886898994,113.443119049,3
1049,107.992455006,113.547157049,3
1050,108.095577955,113.650773048,3
1051,108.198311806,113.752531052,3
1052,108.301287889,113.855400085,3
1053,108.404017925,113.957895041,3
1054,108.506127834,114.059909105,3
1055,108.608767986,114.163116217,3
1056,108.711687803,114.265804052,3
1057,108.814229965,114.368571997,3
1058,108.916590929,114.47084713,3
1059,109.018765926,114.572435141,3
1060,109.121611834,114.677217007,3
1061,109.224046946,114.779161215,3
1062,109.326886892,114.880879164,3
1063,109.429016829,114.982269049,3
1064,109.531162977,115.08506012,3
1065,109.633316994,115.188161135,3
1066,109.736752987,115.292198181,3
1067,109.839465857,115.393942118,3
1068,109.942869902,115.497112036,3
1069,110.045477867,115.599533081,3
1070,110.147903919,115.702628136,3
1071,110.250504971,115.805925131,3
1072,110.352594852,115.906892061,3
1073,110.455899954,116.009891987,3
1074,110.565467834,116.120330095,3
1075,110.675397873,116.229498148,3
1076,110.778791904,116.33405304,3
1077,110.881738901,116.437457085,3
1078,110.985598803,116.542533159,3
1079,111.088773012,116.643791199,3
1080,111.190979004,116.74458313,3
1081,111.29299283,116.847459078,3
1082,111.395318031,116.949403048,3
1083,111.497782946,117.051403999,3
1084,111.601073027,117.156021118,3
1085,111.703374863,117.257563114,3
1086,111.805819988,117.359650135,3
1087,111.9079988,117.462590218,3
1088,112.009845972,117.563841105,3
1089,112.112519979,117.666036129,3
1090,112.215021849,117.768841028,3
1091,112.317529917,117.871589184,3
1092,112.420634985,117.97453618,3
1093,112.522771835,118.07656312,3
1094,112.624950886,118.181130171,3
1095,112.728559017,118.282620192,3
1096,112.830744982,118.384850025,3
1097,112.932888985,118.487199068,3
1098,113.034886837,118.58843708,3
1099,113.136884928,118.690991163,3
1100,113.238777876,118.79356122,3
1101,113.340549946,118.894494057,3
1102,113.443355799,118.997970104,3
1103,113.545238972,119.099567175,3
1104,113.647585869,119.201723099,3
1105,113.749312878,119.303654194,3
1106,113.851519823,119.40595603,3
1107,113.95340085,119.507472992,3
1108,114.05545187,119.609271049,3
1109,114.157454014,119.711749077,3
1110,114.260567904,119.8141222,3
1111,114.362640858,119.916877031,3
1112,114.465013981,120.019481182,3
1113,114.566988945,120.121093035,3
1114,114.668932915,120.222894192,3
1115,114.770848989,120.324752092,3
1116,114.873370886,120.427081108,3
1117,114.975661993,120.529225111,3
1118,115.077684879,120.631403208,3
1119,115.180636883,120.734318018,3
1120,115.282733917,120.836341143,3
1121,115.384640932,120.938413143,3
1122,115.486735821,121.04144001,3
1123,115.588677883,121.143881083,3
1124,115.690398932,121.245218039,3
1125,115.792557001,121.3461411,3
1126,115.894500971,121.449308157,3
1127,115.997151852,121.552302122,3
1128,116.10007,121.653486013,3
1129,116.202277899,121.755748034,3
1130,116.304054976,121.858642101,3
1131,116.405731916,121.959746122,3
1132,116.507721901,122.064759016,3
1133,116.610381842,122.166690111,3
1134,116.713215828,122.26986599,3
1135,116.816469908,122.373794079,3
1136,116.91899395,122.474014044,3
1137,117.021004915,122.57644701,3
1138,117.122955799,122.677845001,3
1139,117.225230932,122.781129122,3
1140,117.327582836,122.881892204,3
1141,117.430130959,122.984870195,3
1142,117.532965899,123.087095022,3
1143,117.634560823,123.192898989,3
1144,117.736791849,123.292110205,3
1145,117.83975482,123.396255016,3
1146,117.942082882,123.496311188,3
1147,118.04470396,123.599150181,3
1148,118.147455931,123.70256114,3
1149,118.249641895,123.806730986,3
1150,118.352995872,123.907801151,3
1151,118.45547986,124.01132822,3
1152,118.55792284,124.11148715,3
1153,118.659588814,124.214461088,3
1154,118.761866808,124.315998077,3
1155,118.865021944,124.419416189,3
1156,118.968005896,124.523418188,3
1157,119.070068836,124.623920202,3
1158,119.172292948,124.726899147,3
1159,119.274752855,124.830521107,3
1160,119.376646996,124.931028128,3
1161,119.478346825,125.032535076,1
1162,119.580020905,125.136183023,1
1163,119.683612823,125.238644123,1
1164,119.785629988,125.340379,1
1165,119.887979984,125.441377163,1
1166,119.989957809,125.544185162,1
1167,120.092046022,125.650263071,1
1168,120.194105864,125.756301165,1
1169,120.295809984,125.863984108,1
1170,120.398748875,125.961010218,1
1171,120.500700951,126.05402422,1
1172,120.602754831,126.156676054,1
1173,120.704764843,126.258795023,1
1174,120.807302952,126.363227129,1
1175,120.909386873,126.463371038,1
1176,121.011615992,126.565664053,1
1177,121.113750935,126.667639017,1
1178,121.215472937,126.769113064,1
1179,121.31711483,126.872287035,1
1180,121.419363976,126.973145008,1
1181,121.521088839,127.074411154,1
1182,121.6267519,127.18128109,1
1183,121.729487896,127.283969164,1
1184,121.831489801,127.386628151,1
1185,121.93432498,127.488726139,1
1186,122.036830902,127.59120822,1
