PacketSeqNo,ArrivalTime,MulticastIdx
1,5.86009788513,1
2,5.90767407417,1
3,5.95953702927,1
4,6.01954197884,1
5,6.0637280941,1
6,6.11564803123,1
7,6.16818094254,1
8,6.19959187508,1
9,6.23249602318,1
10,6.27146792412,1
11,6.31744599342,1
12,6.35350203514,1
13,6.38907504082,1
14,6.42751407623,1
15,6.47294092178,1
16,6.51965594292,1
17,6.56357693672,1
18,6.60338997841,1
19,6.64760303497,1
20,6.69149398804,1
21,6.72371792793,1
22,6.77151799202,1
23,6.80344200134,1
24,6.87875795364,1
25,6.92723608017,1
26,6.96749901772,1
27,7.01150488853,1
28,7.04356193542,1
29,7.08374905586,1
30,7.12781310081,1
31,7.18745493889,1
32,7.22018289566,1
33,7.2675409317,1
34,7.30340600014,1
35,7.34359502792,1
36,7.37574696541,1
37,7.411495924,1
38,7.45176196098,1
39,7.48346209526,1
40,7.52744007111,1
41,7.591837883,3
42,7.60353589058,3
43,7.63532805443,3
44,7.66756892204,3
45,7.70430207253,3
46,7.74762606621,3
47,7.7954659462,3
48,7.83548688889,3
49,7.87588906288,3
50,7.92419099808,3
51,7.97175002098,3
52,8.00361895561,3
53,8.05608391762,3
54,8.09571504593,3
55,8.13960003853,3
56,8.18768596649,3
57,8.21999692917,3
58,8.25971889496,3
59,8.3120200634,3
60,8.3515329361,3
61,8.3836081028,3
62,8.44371604919,3
63,8.48375201225,3
64,8.53983092308,1
65,8.56746387482,1
66,8.603703022,1
67,8.65158295631,1
68,8.70019292831,1
69,8.74118709564,1
70,8.78396606445,1
71,8.8232820034,1
72,8.8631529808,1
73,8.90751695633,1
74,8.93956494331,1
75,8.97555589676,1
76,9.0160150528,1
77,9.05594491959,1
78,9.10418009758,1
79,9.13543987274,1
80,9.18369293213,1
81,9.23164606094,1
82,9.26374602318,1
83,9.29593992233,1
84,9.32854294777,1
85,9.36121487617,1
86,9.39205002785,1
87,9.42363595963,1
88,9.47992801666,1
89,9.5275580883,1
90,9.55959486961,1
91,9.60736393929,1
92,9.64332199097,1
93,9.68713402748,3
94,9.7458729744,3
95,9.78002595901,3
96,9.8116300106,3
97,9.84366393089,3
98,9.87560486794,3
99,9.9156908989,3
100,9.94748187065,3
101,9.97942209244,3
102,10.0114660263,3
103,10.0595948696,3
104,10.0999040604,3
105,10.1396269798,3
106,10.1757800579,3
107,10.2155559063,3
108,10.2676489353,3
109,10.3077459335,3
110,10.339715004,3
111,10.3717529774,3
112,10.4035229683,3
113,10.4401669502,3
114,10.4796769619,3
115,10.5438780785,1
116,10.5677449703,1
117,10.6076450348,1
118,10.6439580917,1
119,10.6955718994,1
120,10.7291810513,1
121,10.7757360935,1
122,10.8199570179,1
123,10.8702991009,1
124,10.9115619659,1
125,10.9475989342,1
126,10.9796628952,1
127,11.0116848946,1
128,11.0561079979,1
129,11.0956380367,1
130,11.1275649071,1
131,11.1602370739,1
132,11.1955878735,1
133,11.2553720474,1
134,11.2956750393,1
135,11.3289330006,1
136,11.3643040657,1
137,11.4075689316,1
138,11.4475600719,1
139,11.483579874,1
140,11.531473875,1
141,11.5915858746,1
142,11.623488903,1
143,11.6634640694,1
144,11.7161240578,1
145,23.783698082,2
146,23.8155078888,2
147,23.8563430309,2
148,23.8916389942,2
149,23.9400410652,2
150,23.9835429192,2
151,24.0196120739,2
152,24.0636630058,2
153,24.1075439453,2
154,24.1477680206,2
155,24.1996769905,2
156,24.2555379868,2
157,24.3114979267,2
158,24.3560230732,2
159,24.3871979713,2
160,24.4277050495,2
161,24.4675309658,2
162,24.516078949,2
163,24.577671051,2
164,24.6461589336,2
165,24.6969149113,2
166,24.7514469624,2
167,24.8001248837,2
168,24.8475539684,2
169,24.8878040314,2
170,24.9316270351,2
171,24.9958178997,0
172,25.0235519409,0
173,25.0717680454,0
174,25.1238110065,0
175,25.1636240482,0
176,25.2200000286,0
177,25.2674040794,0
178,25.3116259575,0
179,25.3591120243,0
180,25.4034690857,0
181,25.4473619461,0
182,25.4964199066,0
183,25.5314080715,0
184,25.5959150791,0
185,25.6321029663,0
186,25.6714980602,0
187,25.7243468761,0
188,25.7836539745,0
189,25.8236069679,0
190,25.8716740608,0
191,25.927478075,0
192,25.9598419666,0
193,26.0035290718,0
194,26.0559689999,0
195,26.0954630375,0
196,26.1395640373,0
197,26.203979969,0
198,26.2436769009,0
199,26.2834830284,0
200,26.3317239285,2
201,26.3674869537,2
202,26.4232389927,2
203,26.4600300789,2
204,26.5035369396,2
205,26.5513489246,2
206,26.5916600227,2
207,26.639482975,2
208,26.6874330044,2
209,26.7238829136,2
210,26.7717499733,2
211,26.8400490284,2
212,26.8799278736,2
213,26.9235360622,2
214,26.9716210365,2
215,27.0154531002,2
216,27.0595901012,2
217,27.107624054,2
218,27.155684948,2
219,27.207447052,2
220,27.2516169548,2
221,27.3318340778,0
222,27.3565680981,0
223,27.4096019268,0
224,27.4594938755,0
225,27.5098750591,0
226,27.5560379028,0
227,27.6036529541,0
228,27.6474680901,0
229,27.6914219856,0
230,27.7405970097,0
231,27.7995629311,0
232,27.8315000534,0
233,27.8835520744,0
234,27.9396588802,0
235,27.9797179699,0
236,28.0117199421,0
237,28.0514431,0
238,28.0957169533,0
239,28.1442198753,0
240,28.1916599274,0
241,28.2315309048,0
242,28.2716879845,0
243,28.3279480934,0
244,28.3915889263,0
245,28.4278130531,0
246,28.4687120914,0
247,28.5076389313,0
248,28.5480129719,0
249,28.5935740471,0
250,28.6516730785,0
251,28.7038419247,2
252,28.7411370277,2
253,28.7996890545,2
254,28.8356540203,2
255,28.8795239925,2
256,28.9355778694,2
257,28.9681968689,2
258,29.0076270103,2
259,29.0472650528,2
260,29.0914130211,2
261,29.1353318691,2
262,29.1713531017,2
263,29.2196109295,2
264,29.2593860626,2
265,29.3034100533,2
266,29.3518750668,2
267,29.3915150166,2
268,29.4513309002,2
269,29.4916100502,2
270,29.5356910229,2
271,29.5798380375,2
272,29.6353149414,2
273,29.6917738914,2
274,29.7318429947,2
275,29.7763249874,2
276,29.8192150593,2
277,29.8554918766,2
278,29.9032309055,2
279,29.9515900612,2
280,29.9998850822,2
281,30.0598409176,0
282,30.0955660343,0
283,30.1355500221,0
284,30.175951004,0
285,30.2234339714,0
286,30.2675828934,0
287,30.307765007,0
288,30.3602919579,0
289,30.4076309204,0
290,30.4487729073,0
291,30.5039250851,0
292,30.5555820465,0
293,30.5922780037,0
294,30.6437950134,0
295,30.684705019,0
296,30.7156720161,0
297,30.7714540958,0
298,30.8194298744,0
299,30.8515229225,0
300,30.9047079086,0
301,30.9516680241,0
302,30.9921569824,0
303,31.0476660728,0
304,31.0957689285,0
305,31.1372570992,0
306,31.1756899357,0
307,31.2236170769,0
308,31.2847108841,0
309,31.3316030502,0
310,31.3805320263,0
311,31.4326999187,2
312,31.4636130333,2
313,31.500369072,2
314,31.531692028,2
315,31.5725879669,2
316,31.6152200699,2
317,31.6714880466,2
318,31.7076900005,2
319,31.7533268929,2
320,31.8121600151,2
321,31.863558054,2
322,31.9165019989,2
323,31.9955809116,2
324,32.0355489254,2
325,32.0755338669,2
326,32.1077048779,2
327,32.167468071,2
328,32.2195329666,2
329,32.2639579773,2
330,32.3037030697,2
331,32.3438780308,2
332,32.3836619854,2
333,32.4354820251,2
334,32.4727749825,2
335,32.5156779289,2
336,32.5598659515,2
337,32.5968379974,2
338,32.6440720558,2
339,32.7156360149,0
340,32.7316598892,0
341,32.7774291039,0
342,32.8197240829,0
343,32.8516509533,0
344,32.8877360821,0
345,32.9274730682,0
346,32.9674060345,0
347,33.0078408718,0
348,33.0552098751,0
349,33.0876760483,0
350,33.1280698776,0
351,33.1675329208,0
352,33.2195270061,0
353,33.2676348686,0
354,33.327673912,0
355,33.3756968975,0
356,33.4119520187,0
357,33.4554319382,0
358,33.4876909256,0
359,33.5206320286,0
360,33.5875298977,0
361,33.6331648827,0
362,33.6816840172,0
363,33.7158060074,0
364,33.7645390034,0
365,33.8283700943,0
366,33.8635699749,0
367,33.9038619995,0
368,33.9679040909,2
369,34.0118858814,2
370,34.0636298656,2
371,34.0955350399,2
372,34.1515638828,2
373,34.1953499317,2
374,34.2358179092,2
375,34.2752380371,2
376,34.3114750385,2
377,34.348886013,2
378,34.4152898788,2
379,34.4714319706,2
380,34.5119009018,2
381,34.5678510666,2
382,34.6233870983,2
383,34.6796379089,2
384,34.7355079651,2
385,34.7914860249,2
386,34.8330569267,2
387,34.8762629032,2
388,34.9249579906,2
389,34.9914679527,2
390,35.0435960293,2
391,35.10374403,0
392,35.1239490509,0
393,35.1595189571,0
394,35.2113380432,0
395,35.2635159492,0
396,35.3192830086,0
397,35.3671619892,0
398,35.4033930302,0
399,35.4352469444,0
400,35.4834458828,0
401,35.527889967,0
402,35.575510025,0
403,35.6473250389,0
404,35.6914880276,0
405,35.751803875,0
406,35.7833249569,0
407,35.823225975,0
408,35.8754339218,0
409,35.911511898,0
410,35.9678061008,0
411,36.007267952,0
412,36.0552048683,0
413,36.0874450207,0
414,36.1317498684,2
415,36.1673519611,2
416,36.2154369354,2
417,36.2633500099,2
418,36.3032660484,2
419,36.3436489105,2
420,36.3912789822,2
421,36.435199976,2
422,36.4841749668,2
423,36.5442008972,2
424,36.6033849716,2
425,36.6431338787,2
426,36.6885950565,2
427,36.7392759323,2
428,36.787776947,2
429,36.828510046,2
430,36.8755450249,2
431,36.9083869457,2
432,36.9515280724,2
433,37.0152049065,2
434,37.0682330132,2
435,37.1195290089,2
436,37.1594460011,2
437,37.2158510685,0
438,37.2592198849,0
439,37.3071630001,0
440,37.3637609482,0
441,37.4148659706,0
442,37.4509398937,0
443,37.4872040749,0
444,37.5217320919,0
445,37.5633189678,0
446,37.6159279346,0
447,37.679502964,0
448,37.7387020588,0
449,37.7797100544,0
450,37.8356320858,0
451,37.879445076,0
452,37.9440970421,0
453,38.0016710758,0
454,38.0515859127,0
455,38.1120090485,0
456,38.1557610035,0
457,38.2236859798,0
458,38.2596890926,0
459,38.324131012,0
460,38.3720328808,0
461,38.4132869244,0
462,38.4634549618,0
463,38.5036859512,0
464,38.5718779564,2
465,38.5846619606,2
466,38.6316299438,2
467,38.6881868839,2
468,38.7115879059,2
469,38.7573299408,2
470,38.8183100224,2
471,38.8476080894,2
472,38.8996958733,2
473,38.9438838959,2
474,38.9836919308,2
475,39.0275969505,2
476,39.0596089363,2
477,39.0914540291,2
478,39.1357851028,2
479,39.1835310459,2
480,39.2516760826,2
481,39.2954359055,2
482,39.3398559093,2
483,39.3913619518,2
484,39.4365389347,2
485,39.4793679714,2
486,39.5241189003,2
487,39.5553328991,2
488,39.5873699188,2
489,39.6396520138,2
490,39.6878550053,2
491,39.7428719997,2
492,39.8035740852,0
493,39.8475699425,0
494,39.9073970318,0
495,39.9636499882,0
496,40.0154340267,0
497,40.0556368828,0
498,40.1036689281,0
499,40.1354439259,0
500,40.1803309917,0
501,40.2353999615,0
502,40.2954850197,0
503,40.3437960148,0
504,40.3927350044,0
505,40.451474905,0
506,40.5234839916,0
507,40.5637259483,0
508,40.6194229126,0
509,40.6600959301,0
510,40.7113280296,0
511,40.744385004,0
512,40.7836480141,0
513,40.8515179157,0
514,40.9193248749,0
515,40.9732449055,0
516,41.0533080101,0
517,41.1161010265,0
518,41.1638190746,2
519,41.2273099422,2
520,41.2814030647,2
521,41.3613619804,2
522,41.4294490814,2
523,41.5095288754,2
524,41.5733420849,2
525,41.6251749992,2
526,41.6793608665,2
527,41.7237889767,2
528,41.7651669979,2
529,41.8094289303,2
530,41.8854870796,2
531,41.9693069458,2
532,42.00542593,2
533,42.0617899895,2
534,42.1094880104,2
535,42.1775579453,2
536,42.2584149837,2
537,42.3373160362,2
538,42.4051890373,2
539,42.4795229435,2
540,42.5192780495,2
541,42.5795938969,2
542,42.619852066,2
543,42.6555070877,2
544,42.6956169605,2
545,42.7437989712,2
546,42.7919518948,2
547,42.8516390324,2
548,42.9275999069,0
549,42.9675319195,0
550,43.0156950951,0
551,43.0634739399,0
552,43.0955410004,0
553,43.151321888,0
554,43.192939043,0
555,43.2594890594,0
556,43.2996370792,0
557,43.3555519581,0
558,43.40356493,0
559,43.4516448975,0
560,43.4832310677,0
561,43.5152060986,0
562,43.5551979542,0
563,43.5999200344,0
564,43.6395668983,0
565,43.6873350143,0
566,43.7354009151,0
567,43.7832899094,0
568,55.8410248756,3
569,55.8593080044,3
570,55.8995220661,3
571,55.9637010098,3
572,56.0074779987,3
573,56.0477120876,3
574,56.0801188946,3
575,56.1276741028,3
576,56.1836838722,3
577,56.227699995,3
578,56.2796909809,3
579,56.3194110394,3
580,56.3679978848,3
581,56.4117219448,3
582,56.4606199265,3
583,56.4954969883,3
584,56.5314218998,3
585,56.5638029575,3
586,56.619494915,3
587,56.6671938896,3
588,56.7195060253,3
589,56.7995040417,3
590,56.8433599472,3
591,56.8752970695,3
592,56.9157710075,3
593,56.9595530033,3
594,57.0118629932,1
595,57.0634360313,1
596,57.1071920395,1
597,57.1593470573,1
598,57.2034070492,1
599,57.2555129528,1
600,57.3032019138,1
601,57.3718049526,1
602,57.4352948666,1
603,57.4755940437,1
604,57.5355088711,1
605,57.5674760342,1
606,57.6114048958,1
607,57.6674730778,1
608,57.7276310921,1
609,57.7637250423,1
610,57.819783926,1
611,57.8677139282,1
612,57.9153618813,1
613,57.9514560699,1
614,58.0089929104,3
615,58.0237510204,3
616,58.0755209923,3
617,58.1115829945,3
618,58.1435270309,3
619,58.1839148998,3
620,58.2278180122,3
621,58.267539978,3
622,58.3114800453,3
623,58.3594329357,3
624,58.4113600254,3
625,58.4572460651,3
626,58.4913749695,3
627,58.531400919,3
628,58.5918729305,3
629,58.6352849007,3
630,58.6716239452,3
631,58.724807024,3
632,58.7758340836,3
633,58.8157510757,3
634,58.8594799042,3
635,58.9034779072,3
636,58.9354438782,3
637,58.9969220161,1
638,59.0153830051,1
639,59.0474960804,1
640,59.0843548775,1
641,59.1284720898,1
642,59.1714608669,1
643,59.2166121006,1
644,59.251595974,1
645,59.3115689754,1
646,59.3684580326,1
647,59.4162409306,1
648,59.4797189236,1
649,59.5396609306,1
650,59.5877380371,1
651,59.6277120113,1
652,59.6639840603,1
653,59.7273368835,1
654,59.7755348682,1
655,59.8278188705,1
656,59.8675909042,1
657,59.9074459076,1
658,59.9551398754,1
659,59.9955320358,1
660,60.0436029434,1
661,60.0996260643,1
662,60.1372308731,1
663,60.1754338741,1
664,60.21981287,1
665,60.2633149624,1
666,60.3112969398,1
667,72.4073989391,2
668,72.4472999573,2
669,72.5073540211,2
670,72.5596439838,2
671,72.6035630703,2
672,72.639952898,2
673,72.6757249832,2
674,72.7076919079,2
675,72.7668149471,2
676,72.817317009,2
677,72.8516390324,2
678,72.9039700031,2
679,72.9395000935,2
680,72.9784679413,2
681,73.0158390999,2
682,73.0797190666,2
683,73.1195409298,2
684,73.1515460014,2
685,73.19647789,2
686,73.2474069595,2
687,73.2875339985,2
688,73.319578886,2
689,73.3636710644,2
690,73.4037299156,2
691,73.4353020191,2
692,73.4714210033,2
693,73.503360033,2
694,73.5461909771,2
695,73.5998990536,0
696,73.623650074,0
697,73.6633319855,0
698,73.6996788979,0
699,73.7520051003,0
700,73.7917170525,0
701,73.8314790726,0
702,73.8754348755,0
703,73.9154589176,0
704,73.9595959187,0
705,74.007502079,0
706,74.0514478683,0
707,74.0835289955,0
708,74.1201319695,0
709,74.1676459312,0
710,74.2275869846,0
711,74.2594730854,0
712,74.2917480469,0
713,74.3356108665,0
714,74.3752920628,0
715,74.4195899963,0
716,86.555590868,3
717,86.5953760147,3
718,86.6438400745,3
719,86.7126030922,3
720,86.7703900337,3
721,86.8156819344,3
722,86.8634529114,3
723,86.903785944,3
724,86.9353189468,3
725,86.9796850681,3
726,87.0116500854,3
727,87.0438170433,3
728,87.0798909664,3
729,87.1357550621,3
730,87.1915979385,3
731,87.2396481037,3
732,87.2755000591,3
733,87.3116359711,3
734,87.3433310986,3
735,87.3955719471,3
736,87.433095932,3
737,87.4753139019,3
738,87.5204350948,3
739,87.5594859123,3
740,87.5974431038,3
741,87.6394109726,3
742,87.6754419804,3
743,87.7213730812,3
744,87.7837119102,3
745,87.833632946,3
746,87.8997709751,1
747,87.9117820263,1
748,87.9636700153,1
749,88.0155088902,1
750,88.075617075,1
751,88.1157250404,1
752,88.1492760181,1
753,88.189291954,1
754,88.228110075,1
755,88.2635810375,1
756,88.2971858978,1
757,88.343930006,1
758,88.3934800625,1
759,88.4375078678,1
760,88.4814291,1
761,88.5336680412,1
762,88.5675680637,1
763,88.6198320389,1
764,88.6597309113,1
765,88.6914958954,1
766,88.7355430126,1
767,88.783823967,1
768,88.8288719654,1
769,100.900392056,2
770,100.955585957,2
771,101.007556915,2
772,101.043628931,2
773,101.09563303,2
774,101.135895014,2
775,101.183511972,2
776,101.243458986,2
777,101.287456036,2
778,101.335994005,2
779,101.391661882,2
780,101.435386896,2
781,101.492091894,2
782,101.54724288,2
783,101.579447985,2
784,101.623445034,2
785,101.679362059,2
786,101.7323699,2
787,101.815913916,2
788,101.85669589,2
789,101.907592058,2
790,101.943526983,2
791,101.991785049,2
792,102.031394958,2
793,102.07148695,2
794,102.103362083,2
795,102.143477917,2
796,102.19989109,2
797,102.231388092,2
798,102.288453102,0
799,102.319881916,0
800,102.383265972,0
801,102.439509869,0
802,102.487191916,0
803,102.533047915,0
804,102.573374033,0
805,102.635978937,0
806,102.706096888,0
807,102.777124882,0
808,102.831791878,0
809,102.863552094,0
810,102.919648886,0
811,102.959613085,0
812,102.999561071,0
813,103.031609058,0
814,103.071935892,0
815,103.111715078,0
816,103.147718906,0
817,103.219763994,0
818,103.263391972,0
819,103.315850019,0
820,103.384680986,0
821,103.44766593,0
822,103.484308004,0
823,103.547954082,0
824,103.599539995,0
825,115.671493053,3
826,115.716139078,3
827,115.767987967,3
828,115.811440945,3
829,115.843834877,3
830,115.883605003,3
831,115.915658951,3
832,115.963490963,3
833,116.003735065,3
834,116.043643951,3
835,116.085529089,3
836,116.131594896,3
837,116.167671919,3
838,116.20374608,3
839,116.243350983,3
840,116.291601896,3
841,116.339539051,3
842,116.387552977,3
843,116.419683933,3
844,116.456366062,3
845,116.503392935,3
846,116.551730871,3
847,116.583612919,3
848,116.628221989,1
849,116.66733408,1
850,116.703680038,1
851,116.755258083,1
852,116.807364941,1
853,116.84375906,1
854,116.879492998,1
855,116.931413889,1
856,116.971596003,1
857,117.034288883,1
858,117.075495005,1
859,117.127547026,1
860,117.163439035,1
861,117.215641975,1
862,117.255919933,1
863,117.295307875,1
864,117.331439018,1
865,117.379317999,1
866,117.415457964,1
867,117.455348015,1
868,117.495387077,1
869,129.59959507,2
870,129.659461021,2
871,129.696017027,2
872,129.735523939,2
873,129.767751932,2
874,129.807506084,2
875,129.855587959,2
876,129.891416073,2
877,129.939435959,2
878,129.999577999,2
879,130.04724288,2
880,130.099792957,2
881,130.13538003,2
882,130.175648928,2
883,130.23149991,2
884,130.27128005,2
885,130.325601101,2
886,130.392963886,2
887,130.465317965,2
888,130.535199881,2
889,130.591893911,2
890,130.643241882,2
891,130.699183941,2
892,130.750747919,2
893,130.795156956,2
894,130.847557068,2
895,130.891540051,2
896,130.939455032,2
897,130.987792969,2
898,131.040061951,2
899,131.103713989,0
900,131.135761976,0
901,131.183671951,0
902,131.2274611,0
903,131.2721591,0
904,131.303586006,0
905,131.343524933,0
906,131.391790867,0
907,131.440140963,0
908,131.487551928,0
909,131.543663979,0
910,131.584203959,0
911,131.615560055,0
912,131.647696018,0
913,131.695714951,0
914,131.727539062,0
915,131.775484085,0
916,131.832190037,0
917,131.863673925,0
918,131.919766903,0
919,131.963695049,0
920,131.99744606,0
921,132.052052021,0
922,132.117419004,2
923,132.147716045,2
924,132.187783003,2
925,132.22935605,2
926,132.283812046,2
927,132.315806866,2
928,132.347770929,2
929,132.381511927,2
930,132.439635038,2
931,132.475733042,2
932,132.535557985,2
933,132.579643965,2
934,132.632333994,2
935,132.680481911,2
936,132.735562086,2
937,132.778054953,2
938,132.830759048,2
939,132.897166014,2
940,132.949383974,2
941,132.989121914,2
942,133.035654068,2
943,133.083724976,2
944,133.137191057,0
945,133.179679871,0
946,133.21974802,0
947,133.25928688,0
948,133.307413101,0
949,133.351944923,0
950,133.421285868,0
951,133.487426996,0
952,133.52404809,0
953,133.578713894,0
954,133.615599871,0
955,133.679411888,0
956,133.723742962,0
957,133.787309885,0
958,133.83116293,0
959,133.868436098,0
960,133.923599005,0
961,133.97618103,0
962,134.015506983,0
963,134.047614098,0
964,134.088171959,0
965,134.127696991,0
966,134.170266867,0
967,134.22074604,0
968,134.26465106,0
969,134.296609879,0
970,134.348479986,0
971,134.392616034,0
972,134.439553022,0
973,134.483707905,2
974,134.532429934,2
975,134.579231024,2
976,134.615580082,2
977,134.675693035,2
978,134.715425968,2
979,134.768168926,2
980,134.81160903,2
981,134.85155201,2
982,134.895292997,2
983,134.95152092,2
984,134.991710901,2
985,135.031570911,2
986,135.075483084,2
987,135.115666866,2
988,135.163798094,2
989,135.203464031,2
990,135.255672932,2
991,135.319623947,2
992,135.379822016,2
993,135.435405016,0
994,135.475688934,0
995,135.53166604,0
996,135.579519987,0
997,135.63586998,0
998,135.692238092,0
999,135.747701883,0
1000,135.800606012,0
1001,135.867671013,0
1002,135.923590899,0
1003,135.983748913,0
1004,136.027349949,0
1005,136.059628963,0
1006,136.092205048,0
1007,136.131495953,0
1008,136.181324959,0
1009,136.219897985,0
1010,136.259644032,0
1011,136.295717001,0
1012,136.339672089,0
1013,148.427887917,3
1014,148.459630966,3
1015,148.512091875,3
1016,148.559556961,3
1017,148.607626915,3
1018,148.652133942,3
1019,148.700324059,3
1020,148.74751091,3
1021,148.787550926,3
1022,148.839380026,3
1023,148.887561083,3
1024,148.927551985,3
1025,148.975435019,3
1026,149.011631012,3
1027,149.052222967,3
1028,149.099534988,3
1029,149.147624016,3
1030,149.18789196,3
1031,149.219295979,3
1032,149.25950408,3
1033,149.299371004,3
1034,149.351818085,1
1035,149.383768082,1
1036,149.431971073,1
1037,149.469331026,1
1038,149.51945591,1
1039,149.551555872,1
1040,149.58353591,1
1041,149.624989986,1
1042,149.675585985,1
1043,149.707886934,1
1044,149.739440918,1
1045,149.787987947,1
1046,149.835671902,1
1047,149.875675917,1
1048,149.907346964,1
1049,149.947546005,1
1050,149.979378939,1
1051,150.035351992,1
1052,150.075982094,1
1053,150.115813971,1
1054,150.152042866,1
1055,150.199594021,1
1056,150.235527992,1
1057,150.279609919,1
1058,150.327517033,1
1059,150.367799044,1
1060,150.41553092,1
1061,150.47576189,3
1062,150.491914034,3
1063,150.544068098,3
1064,150.591473103,3
1065,150.639535904,3
1066,150.68345499,3
1067,150.72772789,3
1068,150.779241085,3
1069,150.843561888,3
1070,150.879390001,3
1071,150.931459904,3
1072,150.972936869,3
1073,151.009164095,3
1074,151.070340872,3
1075,151.103616953,3
1076,151.143534899,3
1077,151.203480959,3
1078,151.287445068,3
1079,151.343621016,3
1080,151.383369923,3
1081,151.41967392,3
1082,151.472213984,1
1083,151.503485918,1
1084,151.54329896,1
1085,151.57958889,1
1086,151.619380951,1
1087,151.663572073,1
1088,151.716012001,1
1089,151.747989893,1
1090,151.779947996,1
1091,151.81921196,1
1092,151.859489918,1
1093,151.891228914,1
1094,151.932456017,1
1095,151.979440928,1
1096,152.031383991,1
1097,152.083415031,1
1098,152.135550022,1
1099,152.171849012,1
1100,152.212399006,1
1101,152.259300947,1
1102,152.307452917,1
1103,152.347395897,1
1104,152.383460045,1
1105,164.460651875,2
1106,164.51661706,2
1107,164.555610895,2
1108,164.603663921,2
1109,164.651680946,2
1110,164.70765996,2
1111,164.739769936,2
1112,164.784085035,2
1113,164.819830894,2
1114,164.867984056,2
1115,164.907674074,2
1116,164.959801912,2
1117,165.011522055,2
1118,165.075638056,2
1119,165.127624035,2
1120,165.167509079,2
1121,165.207782984,2
1122,165.248204947,2
1123,165.279681921,2
1124,165.331547022,2
1125,165.383936882,2
1126,165.431714058,2
1127,165.471783876,2
1128,165.532164097,2
1129,165.568538904,2
1130,165.607825041,2
1131,165.657099962,2
1132,165.691524982,2
1133,165.747627974,2
1134,165.80768609,0
1135,165.843384027,0
1136,165.891692877,0
1137,165.931643963,0
1138,165.979718924,0
1139,166.011679888,0
1140,166.05617404,0
1141,166.099641085,0
1142,166.147890091,0
1143,166.191659927,0
1144,166.223629951,0
1145,166.263757944,0
1146,166.311702013,0
1147,166.347552061,0
1148,166.399677038,0
1149,166.452090025,0
1150,166.495712996,0
1151,166.539685965,0
1152,166.573199034,0
1153,166.619719028,0
1154,166.671704054,0
1155,166.711776972,0
1156,166.759425879,0
1157,166.804523945,0
1158,166.86067605,0
1159,166.903899908,0
1160,166.97618103,2
1161,166.983538866,2
1162,167.023603916,2
1163,167.055664062,2
1164,167.08891201,2
1165,167.139754057,2
1166,167.183633089,2
1167,167.215943098,2
1168,167.259299994,2
1169,167.303587914,2
1170,167.347681999,2
1171,167.395663023,2
1172,167.435389042,2
1173,167.47577405,2
1174,167.520220041,2
1175,167.583278894,2
1176,167.644121885,2
1177,167.675390959,2
1178,167.719584942,2
1179,167.759128094,2
1180,167.805114031,2
1181,167.856164932,2
1182,167.923294067,2
1183,167.973387957,2
1184,168.027429104,2
1185,168.061435938,2
1186,168.119507074,2
1187,168.163762093,2
1188,168.219554901,2
1189,168.279721975,0
1190,168.311610937,0
1191,168.351446867,0
1192,168.394025087,0
1193,168.451322079,0
1194,168.496476889,0
1195,168.527034998,0
1196,168.57959795,0
1197,168.62352109,0
1198,168.671647072,0
1199,168.711571932,0
1200,168.759320021,0
1201,168.799465895,0
1202,168.853178024,0
1203,168.907021046,0
1204,168.960823059,0
1205,169.027482986,0
1206,169.079675913,0
1207,169.135541916,0
1208,169.187551022,0
1209,169.22349596,0
1210,169.271465063,0
1211,169.315568924,0
1212,169.36006403,0
1213,169.411621094,0
1214,169.463507891,2
1215,169.51178503,2
1216,169.567425013,2
1217,169.624115944,2
1218,169.655523062,2
1219,169.707539082,2
1220,169.751655102,2
1221,169.80549407,2
1222,169.859690905,2
1223,169.907588959,2
1224,169.963214874,2
1225,170.023293018,2
1226,170.059433937,2
1227,170.107578039,2
1228,170.155524015,2
1229,170.187366962,2
1230,170.231860876,2
1231,170.275433064,2
1232,170.307476997,2
1233,170.348402023,2
1234,170.399349928,2
1235,170.435477972,2
1236,170.487380028,2
1237,170.520210981,2
1238,170.551331043,2
1239,170.591767073,2
1240,170.647546053,2
1241,170.711512089,2
1242,170.759480953,2
1243,170.791946888,0
1244,170.839412928,0
1245,170.879343033,0
1246,170.91307807,0
1247,170.975362062,0
1248,171.008467913,0
1249,171.059802055,0
1250,171.095475912,0
1251,171.135571957,0
1252,171.167528868,0
1253,171.219486952,0
1254,171.251417875,0
1255,171.295571089,0
1256,171.339541912,0
1257,171.375931025,0
1258,171.411523104,0
1259,171.471288919,0
1260,171.515575886,0
1261,171.572180033,0
1262,171.60352993,0
1263,171.63945508,0
1264,171.6835711,0
1265,171.743865013,2
1266,171.79279995,2
1267,171.831511974,2
1268,171.884141922,2
1269,171.923655033,2
1270,171.971576929,2
1271,172.015562057,2
1272,172.063222885,2
1273,172.104580879,2
1274,172.151612997,2
1275,172.196069956,2
1276,172.22754097,2
1277,172.259651899,2
1278,172.291658878,2
1279,172.35134387,2
1280,172.400079012,2
1281,172.439574003,2
1282,172.47161293,2
1283,172.523849964,2
1284,172.568629026,2
1285,172.611655951,2
1286,172.667450905,2
1287,172.707634926,2
1288,172.739528894,2
1289,172.77163291,2
1290,172.839696884,0
1291,172.847285032,0
1292,172.883560896,0
1293,172.928277016,0
1294,172.979788065,0
1295,173.027529955,0
1296,173.085062981,0
1297,173.119661093,0
1298,173.155539989,0
1299,173.203739882,0
1300,173.239461899,0
1301,173.28362608,0
1302,173.328243971,0
1303,173.371706963,0
1304,173.430480003,0
1305,173.491671085,0
1306,173.539599895,0
1307,173.583297968,0
1308,173.627429008,0
1309,173.667681932,0
1310,173.727267027,0
1311,173.760905027,0
1312,173.83584404,0
1313,173.875752926,0
1314,173.923933029,0
1315,173.964061975,0
1316,173.995640039,0
1317,174.043790102,0
1318,174.083636999,0
1319,174.123643875,0
1320,174.175572872,2
1321,174.211625099,2
1322,174.27145505,2
1323,174.307761908,2
1324,174.351929903,2
1325,174.399456978,2
1326,174.435508013,2
1327,174.476449013,2
1328,174.507376909,2
1329,174.568639994,2
1330,174.611677885,2
1331,174.64370203,2
1332,174.675608873,2
1333,174.715604067,2
1334,174.75562501,2
1335,174.799594879,2
1336,174.851470947,2
1337,174.891613007,2
1338,174.936167955,2
1339,174.97010994,2
1340,174.999480963,2
1341,175.03964591,2
1342,175.071966887,2
1343,175.119327068,2
1344,175.159496069,2
1345,175.191463947,2
1346,175.223551035,2
1347,175.291785955,2
1348,175.335426092,2
1349,175.375741959,0
1350,175.415369034,0
1351,175.45552206,0
1352,175.503499031,0
1353,175.551625967,0
1354,175.599559069,0
1355,175.631931067,0
1356,175.667813063,0
1357,175.703300953,0
1358,175.743299007,0
1359,175.787532091,0
1360,175.855690002,0
1361,175.891485929,0
1362,175.927614927,0
1363,175.991592884,0
1364,176.027405024,0
1365,176.063894033,0
1366,176.113409042,0
1367,176.15563798,0
1368,176.203428984,0
1369,176.243541956,0
1370,176.291778088,0
1371,176.351756096,2
1372,176.375519037,2
1373,176.415229082,2
1374,176.452090979,2
1375,176.487659931,2
1376,176.543663979,2
1377,176.583323002,2
1378,176.640022993,2
1379,176.675496101,2
1380,176.715420008,2
1381,176.764941931,2
1382,176.795460939,2
1383,176.843905926,2
1384,176.875653028,2
1385,176.915539026,2
1386,176.963419914,2
1387,177.121258974,2
1388,177.122775078,2
1389,177.124131918,2
1390,177.125575066,2
1391,177.147759914,2
1392,177.179894924,2
1393,177.219379902,2
1394,177.275673866,2
1395,177.315713882,2
1396,177.351511002,2
1397,177.411710024,2
1398,177.455432892,2
1399,177.495701075,2
1400,177.535517931,2
1401,177.595756054,0
1402,177.616425037,0
1403,177.651684999,0
1404,177.687504053,0
1405,177.74376297,0
1406,177.809530973,0
1407,177.851212978,0
1408,177.912054062,0
1409,177.955329895,0
1410,178.004057884,0
1411,178.043389082,0
1412,178.083381891,0
1413,178.135813951,0
1414,178.184108973,0
1415,178.219415903,0
1416,178.259686947,0
1417,178.307864904,0
1418,178.347524881,0
1419,178.387794971,0
1420,178.446512938,0
1421,178.487619877,0
1422,178.543458939,0
1423,178.575738907,0
1424,178.645173073,0
1425,178.680425882,0
1426,178.747603893,0
1427,178.791507006,0
1428,178.840143919,0
1429,178.887520075,0
1430,178.924491882,0
1431,191.067780018,3
1432,191.123293877,3
1433,191.187325954,3
1434,191.23563695,3
1435,191.27500701,3
1436,191.319171906,3
1437,191.371272087,3
1438,191.427171946,3
1439,191.487430096,3
1440,191.535664082,3
1441,191.575267076,3
1442,191.635248899,3
1443,191.679428101,3
1444,191.743417978,3
1445,191.79934907,3
1446,191.839286089,3
1447,191.871385098,3
1448,191.907373905,3
1449,191.955832005,3
1450,191.984306097,3
1451,192.023149967,3
1452,192.085026026,3
1453,192.111582994,3
1454,192.159396887,3
1455,192.202244043,1
1456,192.235450029,1
1457,192.27539897,1
1458,192.327874899,1
1459,192.367181063,1
1460,192.400400877,1
1461,192.431092024,1
1462,192.460422039,1
1463,192.499612093,1
1464,192.559582949,1
1465,192.623683929,1
1466,192.68721509,1
1467,192.727803946,1
1468,192.759377956,1
1469,192.81188798,1
1470,192.867456913,1
1471,192.923310041,1
1472,192.987251997,1
1473,193.05121088,1
1474,193.10729599,1
1475,193.163343906,1
1476,193.220237017,1
1477,193.267432928,1
1478,193.331641912,1
1479,193.387760878,1
1480,193.439531088,1
1481,193.495414972,1
1482,205.587370872,2
1483,205.631458998,2
1484,205.675750971,2
1485,205.723654985,2
1486,205.760051012,2
1487,205.803510904,2
1488,205.843494892,2
1489,205.883492947,2
1490,205.927656889,2
1491,205.96767807,2
1492,206.007688046,2
1493,206.040576935,2
1494,206.079503059,2
1495,206.123687983,2
1496,206.15968895,2
1497,206.20448494,2
1498,206.247884989,2
1499,206.287672043,2
1500,206.323699951,2
1501,206.367615938,2
1502,206.447710991,0
1503,206.449076891,0
1504,206.479860067,0
1505,206.527559996,0
1506,206.58774209,0
1507,206.623673916,0
1508,206.65715003,0
1509,206.69963789,0
1510,206.740552902,0
1511,206.796088934,0
1512,206.855488062,0
1513,206.904192924,0
1514,206.947654963,0
1515,206.983542919,0
1516,207.028723955,0
1517,207.076606035,0
1518,207.112655878,0
1519,207.155596972,0
1520,207.191586018,0
1521,207.251677036,0
1522,207.288311958,0
1523,207.331783056,0
1524,207.375850916,0
1525,207.419347048,0
1526,207.464775085,0
1527,207.503612041,0
1528,207.535835028,0
1529,219.633073092,3
1530,219.679663897,3
1531,219.73616004,3
1532,219.775673866,3
1533,219.815623999,3
1534,219.852494001,3
1535,219.899431944,3
1536,219.95945406,3
1537,220.023689985,3
1538,220.055732965,3
1539,220.107847929,3
1540,220.147484064,3
1541,220.207818031,3
1542,220.255678892,3
1543,220.304292917,3
1544,220.348551989,3
1545,220.387546062,3
1546,220.443567991,3
1547,220.483720064,3
1548,220.516299963,3
1549,220.564666986,3
1550,220.619677067,1
1551,220.651370049,1
1552,220.699889898,1
1553,220.747673035,1
1554,220.783299923,1
1555,220.843513012,1
1556,220.875673056,1
1557,220.919647932,1
1558,220.959708929,1
1559,220.999480963,1
1560,221.03137207,1
1561,221.076307058,1
1562,221.115213871,1
1563,221.159507036,1
1564,221.191650867,1
1565,221.243798971,1
1566,221.279700994,1
1567,221.323483944,1
1568,221.387324095,1
1569,221.427628994,1
1570,221.471857071,1
1571,221.51156497,1
1572,221.543526888,1
1573,221.587374926,1
1574,221.61935401,1
1575,221.65161705,1
1576,221.683511019,1
1577,221.743704081,3
1578,221.78341198,3
1579,221.829730034,3
1580,221.879601002,3
1581,221.919576883,3
1582,221.959486961,3
1583,221.999564886,3
1584,222.039592028,3
1585,222.075744867,3
1586,222.11559391,3
1587,222.171530008,3
1588,222.231975079,3
1589,222.267402887,3
1590,222.311807871,3
1591,222.359332085,3
1592,222.403450966,3
1593,222.435636997,3
1594,222.488723993,3
1595,222.531388998,3
1596,222.575675011,3
1597,222.616982937,3
1598,222.663753033,3
1599,222.706782103,3
1600,222.751542091,3
1601,222.80786705,1
1602,222.863559961,1
1603,222.915446997,1
1604,222.967573881,1
1605,223.007615089,1
1606,223.052063942,1
1607,223.095843077,1
1608,223.135432005,1
1609,223.204557896,1
1610,223.247621059,1
1611,223.287646055,1
1612,223.33929801,1
1613,223.391902924,1
1614,223.463536978,1
1615,223.508223057,1
1616,223.563303947,1
1617,223.615617037,1
1618,223.679723978,1
1619,223.727674961,1
1620,223.775605917,1
1621,223.827873945,1
1622,223.89984107,1
1623,223.939697027,1
1624,223.992570877,3
1625,224.047832966,3
1626,224.09970808,3
1627,224.159461975,3
1628,224.213686943,3
1629,224.255660057,3
1630,224.308296919,3
1631,224.33950901,3
1632,224.40356493,3
1633,224.444804907,3
1634,224.503421068,3
1635,224.547719955,3
1636,224.603430033,3
1637,224.647502899,3
1638,224.695949078,3
1639,224.735471964,3
1640,224.7717309,3
1641,224.832648993,3
1642,224.87213397,3
1643,224.911359072,3
1644,224.951665878,3
1645,224.99160099,3
1646,225.027496099,3
1647,225.079556942,3
1648,225.119495869,3
1649,225.167622089,3
1650,225.199644089,3
1651,225.275695086,1
1652,225.30366087,1
1653,225.343693972,1
1654,225.391445875,1
1655,225.43166399,1
1656,225.479600906,1
1657,225.515675068,1
1658,225.555763006,1
1659,225.595719099,1
1660,225.628119946,1
1661,225.683886051,1
1662,225.731559992,1
1663,225.799606085,1
1664,225.845833063,1
1665,225.899681091,1
1666,225.939522028,1
1667,225.971451044,1
1668,226.004602909,1
1669,226.043967009,1
1670,226.087388992,1
1671,226.123452902,1
1672,226.179481983,1
1673,238.259464025,2
1674,238.307681084,2
1675,238.343571901,2
1676,238.383411884,2
1677,238.423753977,2
1678,238.459975958,2
1679,238.49990797,2
1680,238.543996096,2
1681,238.583407879,2
1682,238.615417957,2
1683,238.663664103,2
1684,238.699357986,2
1685,238.747766972,2
1686,238.803900003,2
1687,238.867650032,2
1688,238.935437918,2
1689,238.992105007,2
1690,239.031193972,2
1691,239.087339878,2
1692,239.141041994,2
1693,239.205271959,2
1694,239.269399881,2
1695,239.315689087,2
1696,239.371500969,2
1697,239.423597097,2
1698,239.46407795,2
1699,239.499420881,2
1700,239.547422886,2
1701,239.59553194,2
1702,239.643676996,2
1703,239.70756197,0
1704,239.723643064,0
1705,239.769208908,0
1706,239.799647093,0
1707,239.856364012,0
1708,239.895384073,0
1709,239.943346024,0
1710,239.983467102,0
1711,240.031728983,0
1712,240.071593046,0
1713,240.111594915,0
1714,240.151477098,0
1715,240.199457884,0
1716,240.248593092,0
1717,240.291703939,0
1718,240.33543396,0
1719,240.395559072,0
1720,240.43563199,0
1721,240.471610069,0
1722,240.519650936,0
1723,240.56370306,0
1724,240.611438036,0
1725,240.660032034,0
1726,240.715451002,0
1727,240.775456905,0
1728,240.831551075,0
1729,240.899849892,2
1730,240.931742907,2
1731,240.967596054,2
1732,241.003391027,2
1733,241.043252945,2
1734,241.100014925,2
1735,241.131640911,2
1736,241.18351388,2
1737,241.21559906,2
1738,241.251444101,2
1739,241.299427032,2
1740,241.343533039,2
1741,241.391577005,2
1742,241.431469917,2
1743,241.463799953,2
1744,241.495558977,2
1745,241.535511017,2
1746,241.5836339,2
1747,241.624134064,2
1748,241.679688931,2
1749,241.720287085,2
1750,241.772119045,0
1751,241.787401915,0
1752,241.824230909,0
1753,241.863394022,0
1754,241.911549091,0
1755,241.949307919,0
1756,241.995311022,0
1757,242.043437004,0
1758,242.087163925,0
1759,242.139349937,0
1760,242.175215006,0
1761,242.243324041,0
1762,242.296020031,0
1763,242.332436085,0
1764,242.403340101,0
1765,242.455539942,0
1766,242.499572992,0
1767,242.543588877,0
1768,242.583671093,0
1769,242.627449036,0
1770,242.659921885,0
1771,242.715611935,0
1772,242.747435093,0
1773,242.811536074,0
1774,242.868923903,0
1775,254.939435005,3
1776,254.991656065,3
1777,255.04351306,3
1778,255.084287882,3
1779,255.13152194,3
1780,255.175680876,3
1781,255.243815899,3
1782,255.295532942,3
1783,255.339956045,3
1784,255.375482082,3
1785,255.415482998,3
1786,255.459522009,3
1787,255.507423878,3
1788,255.567329884,3
1789,255.608932972,3
1790,255.653088093,3
1791,255.697176933,3
1792,255.749413013,3
1793,255.793058872,3
1794,255.859447956,3
1795,255.915309906,3
1796,255.968456984,3
1797,256.011797905,3
1798,256.043716908,3
1799,256.111620903,1
1800,256.131437063,1
1801,256.173397064,1
1802,256.213170052,1
1803,256.252990961,1
1804,256.311960936,1
1805,256.344865084,1
1806,256.389332056,1
1807,256.431331873,1
1808,256.483987093,1
1809,256.53956008,1
1810,256.579849005,1
1811,256.629558086,1
1812,256.671277046,1
1813,256.727413893,1
1814,256.771456003,1
1815,256.823323011,1
1816,256.875422955,1
1817,256.907408953,1
1818,256.955373049,1
1819,257.011878967,1
1820,257.043516874,1
1821,257.075295925,1
1822,257.111360073,1
1823,257.143312931,1
1824,257.179482937,1
1825,257.215291977,1
1826,269.295561075,2
1827,269.351340055,2
1828,269.383344889,2
1829,269.436402082,2
1830,269.475517988,2
1831,269.507477045,2
1832,269.555507898,2
1833,269.595630884,2
1834,269.63302803,2
1835,269.675539017,2
1836,269.723517895,2
1837,269.771987915,2
1838,269.81972909,2
1839,269.879153967,2
1840,269.915585995,2
1841,269.955857038,2
1842,269.987457991,2
1843,270.039941072,2
1844,270.071419954,2
1845,270.115803957,2
1846,270.159638882,2
1847,270.207625866,2
1848,270.247719049,2
1849,270.303842068,2
1850,270.351644039,2
1851,270.388525009,2
1852,270.427987099,2
1853,270.469143867,2
1854,270.519401073,2
1855,270.555499077,2
1856,270.623678923,0
1857,270.643554926,0
1858,270.688734055,0
1859,270.727432013,0
1860,270.76771307,0
1861,270.812212944,0
1862,270.847925901,0
1863,270.899594069,0
1864,270.944691896,0
1865,270.987597942,0
1866,271.027693033,0
1867,271.071882963,0
1868,271.131622076,0
1869,271.179450989,0
1870,271.212323904,0
1871,271.259662867,0
1872,271.299623966,0
1873,271.33552289,0
1874,271.368565083,0
1875,271.40354991,0
1876,271.447628021,0
1877,271.503632069,0
1878,271.543689966,0
1879,271.579951048,0
1880,271.62349987,0
1881,271.663497925,0
1882,271.727688074,2
1883,271.771811008,2
1884,271.81961894,2
1885,271.86620307,2
1886,271.902384043,2
1887,271.947659969,2
1888,271.988564014,2
1889,272.039668083,2
1890,272.071726084,2
1891,272.103555918,2
1892,272.159723043,2
1893,272.235440969,2
1894,272.279304028,2
1895,272.317007065,2
1896,272.37155509,2
1897,272.407847881,2
1898,272.439387083,2
1899,272.641607046,2
1900,272.643074989,2
1901,272.644389868,2
1902,272.645729065,2
1903,272.659650087,2
1904,272.702763081,2
1905,272.751662016,2
1906,272.799669027,0
1907,272.827683926,0
1908,272.867403984,0
1909,272.90359807,0
1910,272.943660021,0
1911,272.979476929,0
1912,273.032027006,0
1913,273.083620071,0
1914,273.147545099,0
1915,273.188098907,0
1916,273.219314098,0
1917,273.279720068,0
1918,273.33949995,0
1919,273.39172101,0
1920,273.455204964,0
1921,273.519589901,0
1922,273.563164949,0
1923,273.599261045,0
1924,273.656003952,0
1925,273.715235949,0
1926,273.771218061,0
1927,273.819674015,0
1928,273.85238409,0
1929,273.908027887,0
1930,273.947551966,0
1931,273.979202986,0
1932,274.01592803,0
1933,274.060122967,0
1934,274.09158802,0
1935,274.168152094,2
1936,274.171456099,2
1937,274.220138073,2
1938,274.259392977,2
1939,274.299582958,2
1940,274.335783005,2
1941,274.396914959,2
1942,274.453222036,2
1943,274.504007101,2
1944,274.56358099,2
1945,274.599380016,2
1946,274.643584013,2
1947,274.675559044,2
1948,274.723824024,2
1949,274.771571875,2
1950,274.807513952,2
1951,274.848347902,2
1952,274.899730921,2
1953,274.939414978,2
1954,274.979526043,2
1955,275.03561902,0
1956,275.067672968,0
1957,275.099544048,0
1958,275.135210037,0
1959,275.191767931,0
1960,275.243947983,0
1961,275.295574903,0
1962,275.33959198,0
1963,275.391732931,0
1964,275.455416918,0
1965,275.491535902,0
1966,275.543547869,0
1967,275.583476067,0
1968,275.631489992,0
1969,275.683919907,0
1970,275.715220928,0
1971,275.759322882,0
1972,275.807599068,0
1973,275.854360104,0
1974,275.919310093,0
1975,275.972380877,0
1976,276.019376993,0
1977,276.0636971,0
1978,276.099956036,0
1979,276.135503054,0
1980,276.183640957,0
1981,276.228996038,0
1982,276.283503056,0
1983,276.319726944,0
1984,276.371361017,2
1985,276.415555954,2
1986,276.472409964,2
1987,276.515786886,2
1988,276.547281027,2
1989,276.599622965,2
1990,276.663322926,2
1991,276.715272903,2
1992,276.767426014,2
1993,276.831423998,2
1994,276.895541906,2
1995,276.931545019,2
1996,276.967941999,2
1997,277.003596067,2
1998,277.039654016,2
1999,277.083601952,2
2000,277.115622997,2
