PacketSeqNo,ArrivalTime,MulticastIdx
1,9.84415817261,1
2,9.89210295677,1
3,9.97948813438,1
4,10.0353960991,1
5,10.0835831165,1
6,10.1201550961,1
7,10.1676681042,1
8,10.1995990276,1
9,10.2315990925,1
10,10.2676160336,1
11,10.3197171688,1
12,10.3717579842,1
13,10.4116501808,1
14,10.451873064,1
15,10.5037121773,1
16,10.5476741791,1
17,10.5876910686,1
18,10.6195440292,1
19,10.659389019,1
20,10.7196011543,1
21,10.7518050671,1
22,10.7839679718,1
23,10.8156659603,1
24,10.892261982,1
25,10.9395341873,1
26,10.9753730297,1
27,11.0237510204,1
28,11.0557861328,1
29,11.099583149,1
30,11.1436460018,1
31,11.1796610355,1
32,11.2358820438,3
33,11.2633349895,3
34,11.3154420853,3
35,11.3533070087,3
36,11.3851130009,3
37,11.4251439571,3
38,11.4649691582,3
39,11.4956581593,3
40,11.5477030277,3
41,11.5998489857,3
42,11.631567955,3
43,11.6638450623,3
44,11.7116150856,3
45,11.7556741238,3
46,11.7963180542,3
47,11.835777998,3
48,11.8768210411,3
49,11.924642086,3
50,11.9600269794,3
51,12.0038070679,3
52,12.0449149609,3
53,12.1126849651,1
54,12.1144621372,1
55,12.1567511559,1
56,12.1996359825,1
57,12.2327849865,1
58,12.2716190815,1
59,12.3160979748,1
60,12.3553919792,1
61,12.403676033,1
62,12.4436311722,1
63,12.4877631664,1
64,12.5276961327,1
65,12.5716161728,1
66,12.6158051491,1
67,12.6476631165,1
68,12.692070961,1
69,12.7316040993,1
70,12.7835030556,1
71,12.8278310299,1
72,12.8675200939,1
73,12.9076731205,1
74,12.9557600021,1
75,12.9996020794,1
76,13.0316159725,1
77,13.0798621178,1
78,13.1115801334,1
79,13.1477000713,1
80,13.2037630081,1
81,13.2354669571,1
82,13.2719430923,3
83,13.3117101192,3
84,13.3594191074,3
85,13.3992650509,3
86,13.4479219913,3
87,13.4836471081,3
88,13.5235049725,3
89,13.5600371361,3
90,13.6023910046,3
91,13.6358339787,3
92,13.6795260906,3
93,13.7117199898,3
94,13.7514891624,3
95,13.7844450474,3
96,13.8157141209,3
97,13.8516759872,3
98,13.9076020718,3
99,13.9596171379,3
100,13.9957799911,3
101,14.0276851654,3
102,14.0676310062,3
103,14.1036880016,3
104,14.1362280846,3
105,14.1797151566,3
106,14.2397470474,1
107,14.2636620998,1
108,14.2953050137,1
109,14.3278989792,1
110,14.3754060268,1
111,14.4116950035,1
112,14.4475331306,1
113,14.4961099625,1
114,14.5357279778,1
115,14.5801670551,1
116,14.6295511723,1
117,14.6956040859,1
118,14.7355811596,1
119,14.779553175,1
120,14.8238260746,1
121,14.8555560112,1
122,14.9162130356,1
123,14.983369112,1
124,15.0397210121,1
125,15.0876660347,1
126,15.1235051155,1
127,15.1718440056,1
128,35.2556800842,2
129,35.3075511456,2
130,35.3562700748,2
131,35.3992221355,2
132,35.4567511082,2
133,35.4957351685,2
134,35.5436489582,2
135,35.5955951214,2
136,35.639703989,2
137,35.6755261421,2
138,35.7076661587,2
139,35.7438480854,2
140,35.7916879654,2
141,35.823693037,2
142,35.8638861179,2
143,35.9117090702,2
144,35.9595551491,2
145,36.0076720715,2
146,36.0597150326,2
147,36.103290081,2
148,36.1442461014,2
149,36.1792559624,2
150,36.2395370007,2
151,36.2911901474,2
152,36.3434660435,0
153,36.3832321167,0
154,36.4238591194,0
155,36.4837219715,0
156,36.5363841057,0
157,36.5919029713,0
158,36.6396610737,0
159,36.6955821514,0
160,36.7277600765,0
161,36.7593810558,0
162,36.7996110916,0
163,36.8517160416,0
164,36.9115209579,0
165,36.9676220417,0
166,37.0237321854,0
167,37.0675339699,0
168,37.1155161858,0
169,37.1556990147,0
170,37.1996741295,0
171,37.2516629696,0
172,37.2914631367,0
173,37.3397600651,0
174,57.4327969551,3
175,57.4877209663,3
176,57.5233221054,3
177,57.5797140598,3
178,57.6275820732,3
179,57.6596810818,3
180,57.7157130241,3
181,57.7557871342,3
182,57.7999660969,3
183,57.8520860672,3
184,57.8875160217,3
185,57.9315690994,3
186,57.9794471264,3
187,58.0316400528,3
188,58.0794320107,3
189,58.1195771694,3
190,58.1514379978,3
191,58.1847391129,3
192,58.2237920761,3
193,58.2684700489,3
194,58.3155419827,3
195,58.367565155,3
196,58.4169120789,3
197,58.4556410313,3
198,58.5093371868,3
199,58.5598449707,3
200,58.6358141899,1
201,58.6559610367,1
202,58.6915581226,1
203,58.7413511276,1
204,58.7835280895,1
205,58.832545042,1
206,58.9032661915,1
207,58.9462029934,1
208,58.997439146,1
209,59.0396871567,1
210,59.0797600746,1
211,59.1344959736,1
212,59.1717441082,1
213,59.2248461246,1
214,59.259499073,1
215,59.303809166,1
216,59.3516771793,1
217,59.3998880386,1
218,59.4475970268,1
219,59.508038044,1
220,59.5406701565,1
221,59.5836679935,1
222,59.6235420704,1
223,59.6715800762,1
224,59.7166390419,1
225,59.7673621178,1
226,59.8072750568,1
227,59.8445091248,1
228,59.892688036,1
229,59.9439029694,1
230,60.0158381462,3
231,60.0472791195,3
232,60.0956561565,3
233,60.1357109547,3
234,60.1757380962,3
235,60.2237510681,3
236,60.2557120323,3
237,60.3000750542,3
238,60.3396930695,3
239,60.3875889778,3
240,60.4400761127,3
241,60.4836850166,3
242,60.523717165,3
243,60.5675599575,3
244,60.6154990196,3
245,60.670114994,3
246,60.7158939838,3
247,60.7515060902,3
248,60.7996160984,3
249,60.835766077,3
250,60.875576973,3
251,60.9436531067,3
252,60.9917471409,3
253,61.0316030979,3
254,61.0954251289,3
255,61.1480810642,3
256,61.188475132,3
257,61.2278561592,3
258,61.2753469944,3
259,61.3196470737,3
260,61.3917551041,1
261,61.3996920586,1
262,61.4697110653,1
263,61.5155341625,1
264,61.5716831684,1
265,61.627366066,1
266,61.659304142,1
267,61.7037911415,1
268,61.7477250099,1
269,61.7918980122,1
270,61.8315951824,1
271,61.871723175,1
272,61.9071490765,1
273,61.9684419632,1
274,62.0197241306,1
275,62.0644290447,1
276,62.1196470261,1
277,62.1632890701,1
278,62.2032570839,1
279,62.2433669567,1
280,62.2756121159,1
281,62.3231129646,1
282,62.384013176,1
283,62.419656992,1
284,62.4797279835,1
285,62.5360190868,1
286,62.6038990021,3
287,62.6314351559,3
288,62.6877629757,3
289,62.7195100784,3
290,62.7591981888,3
291,62.7999269962,3
292,62.8435900211,3
293,62.8874690533,3
294,62.9396531582,3
295,62.9996030331,3
296,63.0316259861,3
297,63.0914101601,3
298,63.1235730648,3
299,63.1716079712,3
300,63.2278251648,3
301,63.2713270187,3
302,63.3112699986,3
303,63.363918066,3
304,63.4315800667,3
305,63.4716551304,3
306,63.5357470512,1
307,63.5476350784,1
308,63.583491087,1
309,63.6238789558,1
310,63.6757361889,1
311,63.7277731895,1
312,63.7716901302,1
313,63.8116900921,1
314,63.8636920452,1
315,63.9053301811,1
316,63.9527130127,1
317,63.9996170998,1
318,64.0322880745,1
319,64.0794639587,1
320,64.1276230812,1
321,64.1635911465,1
322,64.2005531788,1
323,64.2556960583,1
324,64.2996511459,1
325,64.3433949947,1
326,64.3956551552,1
327,64.4560830593,3
328,64.4834260941,3
329,64.5276060104,3
330,64.5873131752,3
331,64.636092186,3
332,64.6836020947,3
333,64.7355210781,3
334,64.7914710045,3
335,64.8556931019,3
336,64.9084010124,3
337,64.9634721279,3
338,65.0036411285,3
339,65.0438029766,3
340,65.0755441189,3
341,65.1085541248,3
342,65.147758007,3
343,65.1920731068,3
344,65.240404129,3
345,65.2958760262,3
346,65.3719689846,3
347,65.4116799831,3
348,65.4515690804,3
349,65.4957151413,3
350,65.5436031818,3
351,65.6086511612,3
352,65.6406300068,3
353,65.6921200752,3
354,65.7399611473,3
355,65.8075740337,3
356,65.8641271591,1
357,65.8914699554,1
358,65.9494991302,1
359,65.9877181053,1
360,66.0355231762,1
361,66.0880789757,1
362,66.127820015,1
363,66.1689400673,1
364,66.2037169933,1
365,66.2435460091,1
366,66.2766730785,1
367,66.325065136,1
368,66.3641760349,1
369,66.4035129547,1
370,66.451788187,1
371,66.4833540916,1
372,66.5320100784,1
373,66.571570158,1
374,66.6194791794,1
375,66.6557171345,1
376,66.6964790821,1
377,66.7525131702,1
378,66.7877061367,1
379,66.827974081,1
380,66.8596119881,1
381,66.9024260044,1
382,66.9479711056,1
383,67.0396089554,1
384,67.0996570587,1
385,67.1757900715,3
386,67.1955010891,3
387,67.2355041504,3
388,67.2833230495,3
389,67.3232491016,3
390,67.3760061264,3
391,67.4276821613,3
392,67.4720470905,3
393,67.51167202,3
394,67.5635800362,3
395,67.6072840691,3
396,67.6397440434,3
397,67.6717040539,3
398,67.7075181007,3
399,67.7480790615,3
400,67.7970130444,3
401,67.8318200111,3
402,67.8815340996,3
403,67.9478960037,3
404,68.0046730042,3
405,68.0395410061,3
406,68.0876281261,3
407,68.1436600685,3
408,68.1896340847,3
409,68.2202250957,3
410,68.2727949619,3
411,68.3114650249,3
412,68.359621048,3
413,68.4155261517,3
414,68.4517719746,3
415,68.5238730907,1
416,68.5517289639,1
417,68.6087059975,1
418,68.6636071205,1
419,68.6954050064,1
420,68.7313401699,1
421,68.7954289913,1
422,68.8582949638,1
423,68.9044539928,1
424,68.9436581135,1
425,68.9876070023,1
426,69.0438251495,1
427,69.0875661373,1
428,69.1395440102,1
429,69.2043981552,1
430,69.2477171421,1
431,69.3035891056,1
432,69.3436770439,1
433,69.3917820454,1
434,69.4275610447,1
435,69.4834229946,1
436,89.5357031822,2
437,89.5880420208,2
438,89.6278371811,2
439,89.6712431908,2
440,89.7536079884,2
441,89.8114740849,2
442,89.8433890343,2
443,89.8957080841,2
444,89.9592971802,2
445,89.9995961189,2
446,90.0477969646,2
447,90.083283186,2
448,90.1312270164,2
449,90.1874351501,2
450,90.2286000252,2
451,90.284979105,2
452,90.3234519958,2
453,90.3637111187,2
454,90.4077131748,2
455,90.4560780525,2
456,90.495691061,2
457,90.5277240276,2
458,90.5717651844,2
459,90.6078190804,2
460,90.6449451447,2
461,90.6875431538,2
462,90.7277619839,0
463,90.7675390244,0
464,90.8197221756,0
465,90.8554430008,0
466,90.9035561085,0
467,90.9636991024,0
468,90.9937591553,0
469,91.0368020535,0
470,91.0688540936,0
471,91.1170580387,0
472,91.1812319756,0
473,91.2364699841,0
474,91.2876451015,0
475,91.3314890862,0
476,91.3841481209,0
477,91.4196920395,0
478,91.465528965,0
479,91.5000779629,0
480,91.5555360317,0
481,91.5992331505,0
482,91.6477639675,0
483,91.6799120903,0
484,91.7438220978,0
485,91.8035681248,0
486,91.8636741638,2
487,91.9053809643,2
488,91.9556629658,2
489,92.0035440922,2
490,92.0516760349,2
491,92.0853090286,2
492,92.119492054,2
493,92.1678600311,2
494,92.2194070816,2
495,92.2520911694,2
496,92.3074569702,2
497,92.3676710129,2
498,92.4235260487,2
499,92.4560031891,2
500,92.4880421162,2
501,92.5276031494,2
502,92.5757260323,2
503,92.615653038,2
504,92.6766111851,2
505,92.7074351311,2
506,92.7554590702,2
507,92.7996740341,2
508,92.8444800377,2
509,92.8849871159,2
510,92.9317080975,2
511,92.9835309982,2
512,93.0316419601,2
513,93.0888390541,0
514,93.1194090843,0
515,93.1831309795,0
516,93.2273299694,0
517,93.2793459892,0
518,93.3200981617,0
519,93.3636491299,0
520,93.4154059887,0
521,93.4634749889,0
522,93.5072331429,0
523,93.5516750813,0
524,93.6077470779,0
525,93.6517910957,0
526,93.6956121922,0
527,93.7280111313,0
528,93.7795050144,0
529,93.8156440258,0
530,93.8514721394,0
531,93.8880109787,0
532,93.9316921234,0
533,93.9717831612,0
534,94.0157811642,0
535,94.0635550022,0
536,94.1042280197,0
537,94.147536993,0
538,94.1959681511,0
539,114.303527117,3
540,114.351284027,3
541,114.399374008,3
542,114.447664022,3
543,114.483503103,3
544,114.531385183,3
545,114.580033064,3
546,114.611490011,3
547,114.659729958,3
548,114.695887089,3
549,114.743612051,3
550,114.783678055,3
551,114.815709114,3
552,114.855744123,3
553,114.895657063,3
554,114.944082975,3
555,114.975877047,3
556,115.011703014,3
557,115.067470074,3
558,115.10346818,3
559,115.139698982,3
560,115.171823025,3
561,115.227615118,3
562,115.283761978,3
563,115.332089186,3
564,115.3878901,1
565,115.431595087,1
566,115.487251043,1
567,115.551628113,1
568,115.591616154,1
569,115.647447109,1
570,115.715670109,1
571,115.751473188,1
572,115.800312996,1
573,115.855632067,1
574,115.891978025,1
575,115.93969202,1
576,115.979516029,1
577,116.015696049,1
578,116.064051151,1
579,116.107666969,1
580,116.155770063,1
581,116.200172186,1
582,116.23549509,1
583,116.299452066,1
584,116.371124029,1
585,116.411149979,1
586,116.455739021,1
587,116.507512093,1
588,116.547791004,1
589,116.579539061,1
590,116.611893177,1
591,136.731738091,2
592,136.791604042,2
593,136.843751192,2
594,136.896170139,2
595,136.95968914,2
596,137.019608021,2
597,137.059908152,2
598,137.099176168,2
599,137.131613016,2
600,137.179620981,2
601,137.235532045,2
602,137.271625996,2
603,137.311938047,2
604,137.375605106,2
605,137.427380085,2
606,137.491569996,2
607,137.539359093,2
608,137.579638958,2
609,137.639604092,2
610,137.687666178,2
611,137.727493048,2
612,137.780271053,2
613,137.819907188,2
614,137.871574163,2
615,137.911589146,2
616,137.951647043,2
617,137.983361006,2
618,138.031589031,2
619,138.087753057,2
620,138.127710104,2
621,138.175762177,0
622,138.1995821,0
623,138.23169899,0
624,138.271672964,0
625,138.319641113,0
626,138.359721184,0
627,138.407922983,0
628,138.460602999,0
629,138.515763044,0
630,138.576272964,0
631,138.611445189,0
632,138.659676075,0
633,138.699472189,0
634,138.739595175,0
635,138.791717052,0
636,138.835268974,0
637,138.871576071,0
638,138.919458151,0
639,139.000063181,0
640,139.05173707,0
641,139.111754179,0
642,139.15133214,0
643,139.191653013,0
644,139.23160696,0
645,139.265973091,0
646,139.327775955,2
647,139.359372139,2
648,139.408046007,2
649,139.451917171,2
650,139.491821051,2
651,139.527676105,2
652,139.57558918,2
653,139.619630098,2
654,139.65150404,2
655,139.703615189,2
656,139.735608101,2
657,139.776062965,2
658,139.823822021,2
659,139.871963978,2
660,139.903576136,2
661,139.938259125,2
662,139.967617989,2
663,140.007702112,2
664,140.047636032,2
665,140.09960103,2
666,140.177510023,0
667,140.197314024,0
668,140.255691051,0
669,140.295633078,0
670,140.34366107,0
671,140.375332117,0
672,140.407732964,0
673,140.455636024,0
674,140.508124113,0
675,140.548228025,0
676,140.60750103,0
677,140.647691011,0
678,140.691766024,0
679,140.73153019,0
680,140.779613018,0
681,140.831542969,0
682,140.863511086,0
683,140.911590099,0
684,140.960165024,0
685,141.011532068,0
686,141.047528028,0
687,141.103657961,0
688,141.135691166,0
689,141.179687977,0
690,141.231661081,0
691,141.267676115,0
692,141.323793173,2
693,141.352115154,2
694,141.400182962,2
695,141.439694166,2
696,141.487432957,2
697,141.520549059,2
698,141.567461014,2
699,141.61947298,2
700,141.651643991,2
701,141.701836109,2
702,141.755990028,2
703,141.795506001,2
704,141.835469007,2
705,141.887444973,2
706,141.924024105,2
707,141.971599102,2
708,142.015655994,2
709,142.04766798,2
710,142.099220037,2
711,142.148195982,2
712,142.207736015,0
713,142.227671146,0
714,142.275418997,0
715,142.327665091,0
716,142.359775066,0
717,142.399675131,0
718,142.431313992,0
719,142.48331213,0
720,142.532193184,0
721,142.583779097,0
722,142.615555048,0
723,142.655668974,0
724,142.691173077,0
725,142.723561049,0
726,142.791643143,0
727,142.83160615,0
728,142.86356616,0
729,142.915822983,0
730,142.971549988,0
731,143.011713028,0
732,143.05962801,0
733,143.1076231,0
734,143.151470184,0
735,143.20325613,0
736,143.247694969,0
737,143.283333063,0
738,143.324253082,0
739,143.376681089,0
740,143.447854042,2
741,143.475599051,2
742,143.507614136,2
743,143.548238039,2
744,143.592422962,2
745,143.631533146,2
746,143.671399117,2
747,143.71215415,2
748,143.755596161,2
749,143.795382023,2
750,143.835621119,2
751,143.875528097,2
752,143.919896126,2
753,143.963665962,2
754,144.003400087,2
755,144.035662174,2
756,144.079903126,2
757,144.135347128,2
758,144.167719126,2
759,144.223735094,2
760,144.263803959,2
761,144.295360088,2
762,144.359769106,2
763,144.407411098,2
764,144.45975399,0
765,144.492331982,0
766,144.555970192,0
767,144.595833063,0
768,144.636018991,0
769,144.687915087,0
770,144.747613192,0
771,144.780608177,0
772,144.819576979,0
773,144.859685183,0
774,144.900154114,0
775,144.951307058,0
776,144.99172616,0
777,145.039690018,0
778,145.079648018,0
779,145.119526148,0
780,145.152567148,0
781,145.215749979,0
782,145.251654148,0
783,145.299899101,0
784,145.375959158,0
785,145.41968298,0
786,145.465393066,0
787,145.503997087,0
788,145.535876036,0
789,145.567398071,0
790,145.627936125,0
791,145.675816059,0
792,145.716194153,0
793,165.771677017,3
794,165.831643105,3
795,165.904780149,3
796,165.959233999,3
797,166.011850119,3
798,166.063282967,3
799,166.104501009,3
800,166.171779156,3
801,166.20936799,3
802,166.255743027,3
803,166.311691046,3
804,166.34375596,3
805,166.391463995,3
806,166.439678192,3
807,166.479724169,3
808,166.512226105,3
809,166.564435959,3
810,166.651290178,3
811,166.699628115,3
812,166.751587152,3
813,166.787832975,3
814,166.847731113,3
815,166.891756058,3
816,166.946451187,3
817,167.003998995,3
818,167.055850029,1
819,167.09980917,1
820,167.147979975,1
821,167.187383175,1
822,167.224136114,1
823,167.263664961,1
824,167.303554058,1
825,167.339653015,1
826,167.379887104,1
827,167.412682056,1
828,167.479689121,1
829,167.520087004,1
830,167.583558083,1
831,167.636612177,1
832,167.687685966,1
833,167.731441021,1
834,167.76367712,1
835,167.804227114,1
836,167.847864151,1
837,167.895699978,1
838,167.955291986,1
839,167.993590117,1
840,168.047628164,1
841,168.096003056,1
842,168.159680128,1
843,168.199576139,1
844,168.247261047,1
845,168.279690027,1
846,168.327620029,1
847,168.371721029,3
848,168.411627054,3
849,168.451665163,3
850,168.50770998,3
851,168.54432416,3
852,168.595482111,3
853,168.63986516,3
854,168.67316699,3
855,168.703425169,3
856,168.751521111,3
857,168.791391134,3
858,168.827654123,3
859,168.867462158,3
860,168.911904097,3
861,168.975670099,3
862,169.020619154,3
863,169.063758135,3
864,169.103665113,3
865,169.145210028,3
866,169.183828115,3
867,169.231789112,3
868,169.263782024,3
869,169.299760103,3
870,169.35554719,3
871,169.408174992,3
872,169.44759798,3
873,169.519874096,1
874,169.551457167,1
875,169.595558167,1
876,169.63946414,1
877,169.671641111,1
878,169.727632999,1
879,169.759474039,1
880,169.800285101,1
881,169.843590975,1
882,169.883556128,1
883,169.91574502,1
884,169.96750617,1
885,170.012755156,1
886,170.051990986,1
887,170.091672182,1
888,170.139624119,1
889,170.195764065,1
890,170.260612965,1
891,170.328655005,1
892,170.383666992,1
893,170.43556118,1
894,170.483447075,1
895,170.539343119,1
896,170.587574959,1
897,170.633361101,1
898,170.69986701,1
899,170.739516973,1
900,190.799726963,2
901,190.839596987,2
902,190.880223989,2
903,190.927838087,2
904,190.991659164,2
905,191.031582117,2
906,191.075633049,2
907,191.115641117,2
908,191.167382956,2
909,191.223723173,2
910,191.271371126,2
911,191.307911158,2
912,191.367583036,2
913,191.423465014,2
914,191.459812164,2
915,191.49950099,2
916,191.539621115,2
917,191.579370022,2
918,191.63687396,2
919,191.687796116,2
920,191.729526997,2
921,191.787672043,2
922,191.819458008,2
923,191.883716106,2
924,191.923618078,2
925,191.967509985,2
926,192.023687124,2
927,192.06765008,2
928,192.111740112,2
929,192.171779156,0
930,192.187638998,0
931,192.221810102,0
932,192.267446041,0
933,192.307703972,0
934,192.347726107,0
935,192.395737171,0
936,192.443525076,0
937,192.479719162,0
938,192.520030975,0
939,192.559530973,0
940,192.607690096,0
941,192.64766407,0
942,192.687564135,0
943,192.727844,0
944,192.767405987,0
945,192.816205025,0
946,192.859728098,0
947,192.92434597,0
948,192.979648113,0
949,193.025254011,0
950,193.055471182,0
951,193.087718964,0
952,213.187653065,3
953,213.228731155,3
954,213.271620035,3
955,213.311710119,3
956,213.367453098,3
957,213.40784812,3
958,213.455549002,3
959,213.51141119,3
960,213.54403615,3
961,213.587602139,3
962,213.627381086,3
963,213.659697056,3
964,213.700527191,3
965,213.75170517,3
966,213.783480167,3
967,213.835725069,3
968,213.891551018,3
969,213.940180063,3
970,213.975561142,3
971,214.031579018,3
972,214.075564146,3
973,214.11562705,3
974,214.151515007,3
975,214.203653097,3
976,214.252238989,3
977,214.28360796,3
978,214.316045046,3
979,214.347695112,3
980,214.403571129,3
981,214.443855047,3
982,214.519868135,1
983,214.532335997,1
984,214.567615986,1
985,214.603492022,1
986,214.663438082,1
987,214.714702129,1
988,214.752658129,1
989,214.79256916,1
990,214.855574131,1
991,214.903593063,1
992,214.947456121,1
993,214.991691113,1
994,215.047796965,1
995,215.095324993,1
996,215.133816957,1
997,215.172474146,1
998,215.211405993,1
999,215.243708134,1
1000,215.275840998,1
1001,215.315796137,1
1002,215.35581708,1
1003,215.403609991,1
1004,215.443828106,1
1005,215.484091043,1
1006,215.515758991,1
1007,215.559533119,1
1008,215.591770172,1
1009,215.643938065,3
1010,215.67972517,3
1011,215.719786167,3
1012,215.767783165,3
1013,215.820266962,3
1014,215.864099026,3
1015,215.940248966,3
1016,215.98775816,3
1017,216.035892963,3
1018,216.08326602,3
1019,216.123552084,3
1020,216.191660166,3
1021,216.243872166,3
1022,216.283760071,3
1023,216.323843002,3
1024,216.355683088,3
1025,216.399613142,3
1026,216.435969114,3
1027,216.491667986,3
1028,216.535416126,3
1029,216.591984034,1
1030,216.628617048,1
1031,216.675266027,1
1032,216.7239151,1
1033,216.771795988,1
1034,216.819550991,1
1035,216.880318165,1
1036,216.931674957,1
1037,216.987797976,1
1038,217.035573959,1
1039,217.067952156,1
1040,217.10771513,1
1041,217.156437159,1
1042,217.203787088,1
1043,217.255937099,1
1044,217.299376965,1
1045,217.343439102,1
1046,217.387881994,1
1047,217.427829981,1
1048,217.459773064,1
1049,217.503386021,1
1050,217.536120176,1
1051,217.575806141,1
1052,217.632266998,3
1053,217.687709093,3
1054,217.723632097,3
1055,217.774255991,3
1056,217.819657087,3
1057,217.863650084,3
1058,217.899600983,3
1059,217.944283962,3
1060,217.987676144,3
1061,218.043697119,3
1062,218.079367161,3
1063,218.111438036,3
1064,218.147760153,3
1065,218.199558973,3
1066,218.239679098,3
1067,218.291727066,3
1068,218.324144125,3
1069,218.359745026,3
1070,218.411412001,3
1071,218.451724052,3
1072,218.523863077,1
1073,218.544598103,1
1074,218.583722115,1
1075,218.628409147,1
1076,218.663614988,1
1077,218.712893963,1
1078,218.743653059,1
1079,218.807605028,1
1080,218.867849112,1
1081,218.919659138,1
1082,218.965351105,1
1083,219.015768051,1
1084,219.067761183,1
1085,219.107719183,1
1086,219.152388096,1
1087,219.187376976,1
1088,219.23963809,1
1089,219.287553072,1
1090,219.327280998,1
1091,219.37572217,1
1092,219.408416033,1
1093,219.463641167,1
1094,219.507517099,1
1095,219.547921181,1
1096,219.60363102,1
1097,219.65931201,1
1098,239.723716974,2
1099,239.771718025,2
1100,239.815764189,2
1101,239.857274055,2
1102,239.911599159,2
1103,239.947427034,2
1104,239.995588064,2
1105,240.031604052,2
1106,240.079755068,2
1107,240.111621141,2
1108,240.14357996,2
1109,240.184133053,2
1110,240.220164061,2
1111,240.259487152,2
1112,240.30363512,2
1113,240.335517168,2
1114,240.39591217,2
1115,240.427706957,2
1116,240.467640162,2
1117,240.515311003,2
1118,240.571874142,0
1119,240.59227705,0
1120,240.631646156,0
1121,240.671506166,0
1122,240.707848072,0
1123,240.751545191,0
1124,240.795372009,0
1125,240.847963095,0
1126,240.895612955,0
1127,240.944025993,0
1128,240.986770153,0
1129,241.051303148,0
1130,241.09573698,0
1131,241.139703035,0
1132,241.18382597,0
1133,241.215752125,0
1134,241.276232958,0
1135,241.327850103,0
1136,241.387441158,0
1137,241.419809103,0
1138,241.483435154,0
1139,241.53157115,0
1140,261.604771137,3
1141,261.636408091,3
1142,261.67141819,3
1143,261.719627142,3
1144,261.75172019,3
1145,261.792538166,3
1146,261.831722975,3
1147,261.871692181,3
1148,261.911986113,3
1149,261.947623014,3
1150,261.989856005,3
1151,262.045344114,3
1152,262.103612185,3
1153,262.143525124,3
1154,262.179738045,3
1155,262.219705105,3
1156,262.251443148,3
1157,262.299695015,3
1158,262.34265399,3
1159,262.387852192,3
1160,262.427348137,3
1161,262.475567102,3
1162,262.531697989,3
1163,262.567578077,3
1164,262.619771957,3
1165,262.659379959,3
1166,262.711766958,1
1167,262.751612186,1
1168,262.804046154,1
1169,262.85144496,1
1170,262.899528027,1
1171,262.939567089,1
1172,262.98548007,1
1173,263.02752614,1
1174,263.072272062,1
1175,263.112785101,1
1176,263.143316984,1
1177,263.176033974,1
1178,263.235776186,1
1179,263.27631712,1
1180,263.311709166,1
1181,263.35525012,1
1182,263.391579151,1
1183,263.427702188,1
1184,263.471553087,1
1185,263.515730143,1
1186,263.571722984,3
1187,263.599348068,3
1188,263.635682106,3
1189,263.679680109,3
1190,263.739725113,3
1191,263.776621103,3
1192,263.807655096,3
1193,263.844166994,3
1194,263.875753164,3
1195,263.931774139,3
1196,263.988409042,3
1197,264.039632082,3
1198,264.079787016,3
1199,264.127794981,3
1200,264.16766715,3
1201,264.215455055,3
1202,264.271633148,3
1203,264.331488132,3
1204,264.372056961,3
1205,264.415619135,3
1206,264.459686995,3
1207,264.507603168,3
1208,264.563675165,3
1209,264.607561111,3
1210,264.647578001,3
1211,264.684024096,3
1212,264.727784157,3
1213,264.795947075,1
1214,264.808655024,1
1215,264.856114149,1
1216,264.911478996,1
1217,264.967332125,1
1218,265.027369022,1
1219,265.075529099,1
1220,265.123389959,1
1221,265.172474146,1
1222,265.220224142,1
1223,265.275678158,1
1224,265.308829069,1
1225,265.36829114,1
1226,265.408416986,1
1227,265.461192131,1
1228,265.496312141,1
1229,265.55175209,1
1230,265.588485003,1
1231,265.619951963,1
1232,265.668138981,1
1233,265.727707148,1
1234,265.767858028,1
1235,265.819764137,1
1236,265.863821983,1
1237,285.967575073,2
1238,286.011597157,2
1239,286.05569315,2
1240,286.112543106,2
1241,286.171463966,2
1242,286.228996992,2
1243,286.263509035,2
1244,286.299777031,2
1245,286.35176301,2
1246,286.403464079,2
1247,286.46371603,2
1248,286.531650066,2
1249,286.571990013,2
1250,286.603583097,2
1251,286.635466099,2
1252,286.667538166,2
1253,286.712296009,2
1254,286.75948596,2
1255,286.803536177,2
1256,286.855641127,2
1257,286.895652056,2
1258,286.928539991,2
1259,286.987504005,2
1260,287.04086113,2
1261,287.083513021,2
1262,287.131433964,2
1263,287.171765089,2
1264,287.207594156,2
1265,287.256078005,2
1266,287.303538084,2
1267,287.363852978,0
1268,287.39151597,0
1269,287.450612068,0
1270,287.483675003,0
1271,287.559707165,0
1272,287.603693962,0
1273,287.651386023,0
1274,287.70787096,0
1275,287.760712147,0
1276,287.80804801,0
1277,287.839396,0
1278,287.878777027,0
1279,287.923945189,0
1280,287.963628054,0
1281,288.02385807,0
1282,288.091674089,0
1283,288.147473097,0
1284,288.179665089,0
1285,288.21194315,0
1286,288.255480051,0
1287,288.29934597,0
1288,288.355751991,0
1289,288.391797066,0
1290,288.451990128,0
1291,288.495365143,0
1292,288.536517143,2
1293,288.587692022,2
1294,288.620290995,2
1295,288.659559965,2
1296,288.714447975,2
1297,288.760759115,2
1298,288.820557117,2
1299,288.863692999,2
1300,288.897495985,2
1301,288.931638002,2
1302,288.993142128,2
1303,289.043976068,2
1304,289.087614059,2
1305,289.123531103,2
1306,289.179665089,2
1307,289.215553999,2
1308,289.255534172,2
1309,289.311573982,2
1310,289.359569073,2
1311,289.395768166,2
1312,289.444575071,2
1313,289.48777318,2
1314,289.539740086,0
1315,289.56754303,0
1316,289.60343504,0
1317,289.651582956,0
1318,289.699413061,0
1319,289.735424042,0
1320,289.779533148,0
1321,289.819616079,0
1322,289.863897085,0
1323,289.895437956,0
1324,289.935206175,0
1325,289.983438969,0
1326,290.031514168,0
1327,290.079722166,0
1328,290.127578974,0
1329,290.16365099,0
1330,290.220120192,0
1331,290.263584137,0
1332,290.304458141,0
1333,290.351375103,0
1334,290.383366108,0
1335,290.423177958,0
1336,290.455646992,0
1337,290.503688097,0
1338,290.571732044,2
1339,290.604189157,2
1340,290.64768219,2
1341,290.692749023,2
1342,290.743458033,2
1343,290.775565147,2
1344,290.807657003,2
1345,290.851662159,2
1346,290.887717962,2
1347,290.939538002,2
1348,290.98042798,2
1349,291.031659126,2
1350,291.075527191,2
1351,291.111318111,2
1352,291.159487009,2
1353,291.204959154,2
1354,291.255386114,2
1355,291.295519114,2
1356,291.331592083,2
1357,291.364830017,2
1358,291.427741051,0
1359,291.440534115,0
1360,291.487301111,0
1361,291.571285963,0
1362,291.619086027,0
1363,291.659198046,0
1364,291.715587139,0
1365,291.771286964,0
1366,291.805063963,0
1367,291.843369007,0
1368,291.887545109,0
1369,291.943371058,0
1370,291.983488083,0
1371,292.023379087,0
1372,292.071439981,0
1373,292.1113801,0
1374,292.151897192,0
1375,292.191776991,0
1376,292.231538057,0
1377,292.275691032,0
1378,292.311601162,0
1379,292.351423025,0
1380,292.391613007,0
1381,292.431921005,0
1382,312.512109995,3
1383,312.555591106,3
1384,312.611809969,3
1385,312.647488117,3
1386,312.683381081,3
1387,312.715502024,3
1388,312.763470173,3
1389,312.819370985,3
1390,312.855549097,3
1391,312.896145105,3
1392,312.927682161,3
1393,312.968546152,3
1394,313.019339085,3
1395,313.067341089,3
1396,313.115230083,3
1397,313.159698963,3
1398,313.203602076,3
1399,313.251665115,3
1400,313.283946037,3
1401,313.331665993,3
1402,313.387681007,3
1403,313.419556141,3
1404,313.455597162,3
1405,313.539905071,1
1406,313.541257143,1
1407,313.579514027,1
1408,313.627457142,1
1409,313.676082134,1
1410,313.723448992,1
1411,313.763420105,1
1412,313.795451164,1
1413,313.835627079,1
1414,313.903668165,1
1415,313.943690062,1
1416,313.999818087,1
1417,314.047669172,1
1418,314.091969967,1
1419,314.131759167,1
1420,314.179723024,1
1421,314.227658987,1
1422,314.276122093,1
1423,314.324021101,1
1424,314.363680124,1
1425,314.399827003,1
1426,314.44770813,3
1427,314.487962961,3
1428,314.535567045,3
1429,314.567806005,3
1430,314.61571908,3
1431,314.655707121,3
1432,314.695580006,3
1433,314.739664078,3
1434,314.807682037,3
1435,314.855666161,3
1436,314.888549089,3
1437,314.927895069,3
1438,314.975586176,3
1439,315.027898073,3
1440,315.071935177,3
1441,315.123736143,3
1442,315.163681984,3
1443,315.207559109,3
1444,315.247450113,3
1445,315.304284096,3
1446,315.347779036,3
1447,315.411714077,3
1448,315.4594841,3
1449,315.519733191,1
1450,315.567517996,1
1451,315.623677015,1
1452,315.668027163,1
1453,315.719799042,1
1454,315.764192104,1
1455,315.811459064,1
1456,315.863758087,1
1457,315.907618046,1
1458,315.96758604,1
1459,316.016766071,1
1460,316.064758062,1
1461,316.123397112,1
1462,316.175238132,1
1463,316.208024979,1
1464,316.251573086,1
1465,316.291486979,1
1466,316.33562398,1
1467,316.379539967,1
1468,316.431666136,1
1469,316.487308979,1
1470,316.527491093,1
1471,316.563493013,1
1472,316.599881172,1
1473,316.63944602,1
1474,316.695512056,1
1475,316.744527102,1
1476,316.787312031,1
1477,316.829761028,1
1478,316.875712156,1
1479,336.979571104,2
1480,337.031417131,2
1481,337.07555604,2
1482,337.11602807,2
1483,337.147751093,2
1484,337.183673143,2
1485,337.231528044,2
1486,337.271708012,2
1487,337.32211113,2
1488,337.359667063,2
1489,337.391723156,2
1490,337.443689108,2
1491,337.488196135,2
1492,337.519538164,2
1493,337.563879013,2
1494,337.607609034,2
1495,337.64778018,2
1496,337.683645964,2
1497,337.727890015,2
1498,337.77542901,2
1499,337.827654123,2
1500,337.868556023,2
1501,337.903562069,2
1502,337.935584068,2
1503,337.979762077,2
1504,338.03977108,2
1505,338.095633984,2
1506,338.135560036,2
1507,338.167589188,2
1508,338.215806961,0
1509,338.248455048,0
1510,338.299678087,0
1511,338.33961606,0
1512,338.387497187,0
1513,338.443719149,0
1514,338.499757051,0
1515,338.543609142,0
1516,338.607700109,0
1517,338.651726961,0
1518,338.712155104,0
1519,338.779870033,0
1520,338.847723961,0
1521,338.88369298,0
1522,338.927474022,0
1523,338.959675074,0
1524,338.995378971,0
1525,339.035382986,0
1526,339.075744152,0
1527,339.132076979,0
1528,359.223759174,3
1529,359.259413004,3
1530,359.307305098,3
1531,359.35533309,3
1532,359.387407064,3
1533,359.431701183,3
1534,359.479897022,3
1535,359.52759099,3
1536,359.559271097,3
1537,359.603559971,3
1538,359.655282021,3
1539,359.719560146,3
1540,359.767405033,3
1541,359.819393158,3
1542,359.883490086,3
1543,359.94402504,3
1544,359.983633995,3
1545,360.028463125,3
1546,360.075489044,3
1547,360.131625175,3
1548,360.179733992,3
1549,360.224161148,3
1550,360.26357007,3
1551,360.307486057,3
1552,360.348087072,3
1553,360.384423971,3
1554,360.431604147,3
1555,360.463521004,3
1556,360.515699148,3
1557,360.579874992,1
1558,360.595664024,1
1559,360.635648966,1
1560,360.671511173,1
1561,360.711976051,1
1562,360.747593164,1
1563,360.791496992,1
1564,360.847520113,1
1565,360.927638054,1
1566,360.963605165,1
1567,360.995499134,1
1568,361.05146718,1
1569,361.099519014,1
1570,361.15594697,1
1571,361.199651003,1
1572,361.239748955,1
1573,361.27166605,1
1574,361.332715034,1
1575,361.375642061,1
1576,361.407169104,1
1577,361.451532125,1
1578,361.49563098,1
1579,361.536134958,1
1580,381.623538017,2
1581,381.663640976,2
1582,381.719588041,2
1583,381.763684034,2
1584,381.813388109,2
1585,381.873097181,2
1586,381.913716078,2
1587,381.961466074,2
1588,382.007672071,2
1589,382.072973013,2
1590,382.140146017,2
1591,382.18374896,2
1592,382.227629185,2
1593,382.284733057,2
1594,382.316996098,2
1595,382.368546963,2
1596,382.420530081,2
1597,382.467559099,2
1598,382.503823996,2
1599,382.539880991,2
1600,382.571397066,2
1601,382.619258165,2
1602,382.663228035,2
1603,382.695566177,2
1604,382.748183966,2
1605,382.787621021,2
1606,382.851749182,0
1607,382.85494709,0
1608,382.887356043,0
1609,382.931482077,0
1610,382.96770215,0
1611,383.007595062,0
1612,383.067192078,0
1613,383.124144077,0
1614,383.16388011,0
1615,383.199761152,0
1616,383.231786966,0
1617,383.283581018,0
1618,383.339370966,0
1619,383.375962019,0
1620,383.407446146,0
1621,383.456218958,0
1622,383.504254103,0
1623,383.547446966,0
1624,383.579563141,0
1625,383.611348152,0
1626,383.651806116,0
1627,383.683650017,0
1628,383.71974802,0
1629,383.780853033,0
1630,383.815726042,2
1631,383.859956026,2
1632,383.919816017,2
1633,383.959645033,2
1634,383.992077112,2
1635,384.048336983,2
1636,384.095224142,2
1637,384.135744095,2
1638,384.195595026,2
1639,384.243827105,2
1640,384.303862095,2
1641,384.367635012,2
1642,384.420349121,2
1643,384.507791042,2
1644,384.567713022,2
1645,384.615647078,2
1646,384.647457123,2
1647,384.691743135,2
1648,384.731486082,2
1649,384.771790028,2
1650,384.827573061,2
1651,384.879621983,2
1652,384.955864191,0
1653,385.003708124,0
1654,385.067559004,0
1655,385.111663103,0
1656,385.159361124,0
1657,385.199740171,0
1658,385.243949175,0
1659,385.29558897,0
1660,385.351541996,0
1661,385.383684158,0
1662,385.423542976,0
1663,385.467710018,0
1664,385.503926039,0
1665,385.535387039,0
1666,385.588865995,0
1667,385.628026009,0
1668,385.659271002,0
1669,385.703454971,0
1670,385.759616137,0
1671,385.791560173,0
1672,385.848693132,0
1673,385.903660059,0
1674,385.947829008,0
1675,385.995579958,0
1676,386.049664021,0
1677,386.104122162,0
1678,386.159489155,0
1679,386.207709074,0
1680,386.271941185,2
1681,386.299487114,2
1682,386.347644091,2
1683,386.391497135,2
1684,386.43169713,2
1685,386.483941078,2
1686,386.519637108,2
1687,386.559378147,2
1688,386.595425129,2
1689,386.655696154,2
1690,386.691547155,2
1691,386.73546505,2
1692,386.76749897,2
1693,386.811597109,2
1694,386.875859976,2
1695,386.92773819,2
1696,386.97569108,2
1697,387.019812107,2
1698,387.067530155,2
1699,387.103393078,2
1700,387.160104036,2
1701,387.219547987,2
1702,387.256040096,2
1703,387.316408157,2
1704,387.361242056,2
1705,387.407395124,2
1706,387.442373991,2
1707,387.495721102,2
1708,387.543434143,2
1709,387.595870018,0
1710,387.635755062,0
1711,387.675719976,0
1712,387.716299057,0
1713,387.763584137,0
1714,387.809267044,0
1715,387.859899044,0
1716,387.89745307,0
1717,387.949365139,0
1718,387.987735033,0
1719,388.01948905,0
1720,388.061419964,0
1721,388.091977119,0
1722,388.139281988,0
1723,388.182373047,0
1724,388.21964097,0
1725,388.251821995,0
1726,388.299735069,0
1727,388.339737177,0
1728,388.392028093,0
1729,388.432542086,0
1730,388.479822159,0
1731,388.519716024,0
1732,388.559513092,0
1733,388.599632025,0
1734,388.647706985,0
1735,388.692414999,0
1736,388.736875057,0
1737,388.783303976,0
1738,388.831468105,0
1739,408.90321517,3
1740,408.955312967,3
1741,409.015391111,3
1742,409.063619137,3
1743,409.123469114,3
1744,409.175435066,3
1745,409.211730957,3
1746,409.252022028,3
1747,409.303567171,3
1748,409.363775969,3
1749,409.415678024,3
1750,409.46384716,3
1751,409.503476143,3
1752,409.555963993,3
1753,409.599666119,3
1754,409.647387028,3
1755,409.696262121,3
1756,409.731247187,3
1757,409.764548063,3
1758,409.799674034,3
1759,409.847835064,3
1760,409.915887117,3
1761,409.955593109,3
1762,410.011657,3
1763,410.043956041,3
1764,410.0882411,3
1765,410.131855965,3
1766,410.167520046,3
1767,410.223683119,1
1768,410.26373601,1
1769,410.335777044,1
1770,410.391467094,1
1771,410.423523188,1
1772,410.455592155,1
1773,410.496263027,1
1774,410.531763077,1
1775,410.563647985,1
1776,410.607370138,1
1777,410.639681101,1
1778,410.679749966,1
1779,410.71571207,1
1780,410.763722181,1
1781,410.8115201,1
1782,410.852152109,1
1783,410.892301083,1
1784,410.935698986,1
1785,410.99143219,1
1786,411.031845093,1
1787,411.083561182,1
1788,411.131901026,1
1789,411.175652027,1
1790,411.231894016,3
1791,411.248044014,3
1792,411.287500143,3
1793,411.343664169,3
1794,411.383584023,3
1795,411.423613071,3
1796,411.463751078,3
1797,411.507935047,3
1798,411.551787138,3
1799,411.595791101,3
1800,411.632462978,3
1801,411.667682171,3
1802,411.715463161,3
1803,411.763691187,3
1804,411.811663151,3
1805,411.866050959,3
1806,411.911570072,3
1807,411.971547127,3
1808,412.011806011,3
1809,412.048917055,3
1810,412.100860119,3
1811,412.15164113,3
1812,412.196706057,3
1813,412.23174715,3
1814,412.267657042,3
1815,412.307511091,3
1816,412.341539145,3
1817,412.379464149,3
1818,412.42022109,3
1819,412.475780964,1
1820,412.503689051,1
1821,412.559787989,1
1822,412.60050106,1
1823,412.643701077,1
1824,412.675755978,1
1825,412.723996162,1
1826,412.755783081,1
1827,412.804452181,1
1828,412.859703064,1
1829,412.899881124,1
1830,412.955553055,1
1831,412.999667168,1
1832,413.035854101,1
1833,413.083641052,1
1834,413.139733076,1
1835,413.179643154,1
1836,413.220040083,1
1837,413.251723051,1
1838,413.315840006,1
1839,413.359879017,1
1840,413.411659002,1
1841,413.451883078,1
1842,413.492357016,1
1843,413.547307968,1
1844,413.591629028,1
1845,413.624258995,1
1846,433.691504002,2
1847,433.743590117,2
1848,433.788299084,2
1849,433.851929188,2
1850,433.903501034,2
1851,433.939610958,2
1852,433.979737043,2
1853,434.031716108,2
1854,434.084939957,2
1855,434.115825176,2
1856,434.167778015,2
1857,434.218659163,2
1858,434.271811008,2
1859,434.304747105,2
1860,434.361232042,2
1861,434.411607027,2
1862,434.463668108,2
1863,434.499479055,2
1864,434.543675184,2
1865,434.579563141,2
1866,434.621590137,2
1867,434.675600052,2
1868,434.71571207,2
1869,434.75914216,2
1870,434.811712027,2
1871,434.847676992,2
1872,434.899650097,2
1873,434.939921141,2
1874,434.983474016,2
1875,435.036375999,2
1876,435.096846104,0
1877,435.123476028,0
1878,435.167562008,0
1879,435.208158016,0
1880,435.255501032,0
1881,435.307557106,0
1882,435.347661018,0
1883,435.403759003,0
1884,435.444534063,0
1885,435.487676144,0
1886,435.551355124,0
1887,435.603688002,0
1888,435.647637129,0
1889,435.679252148,0
1890,435.719680071,0
1891,435.779663086,0
1892,435.827332973,0
1893,435.868167162,0
1894,435.903516054,0
1895,435.943483114,0
1896,435.987682104,0
1897,436.027583122,0
1898,436.066102028,0
1899,436.103410959,0
1900,456.227620125,3
1901,456.271912098,3
1902,456.311691999,3
1903,456.351830006,3
1904,456.404690981,3
1905,456.444743156,3
1906,456.485124111,3
1907,456.51987505,3
1908,456.579564095,3
1909,456.631798029,3
1910,456.679476023,3
1911,456.715723038,3
1912,456.768215179,3
1913,456.81329298,3
1914,456.855748177,3
1915,456.895358086,3
1916,456.939640045,3
1917,456.975831032,3
1918,457.023511171,3
1919,457.063495159,3
1920,457.103619099,3
1921,457.136284113,3
1922,457.175672054,3
1923,457.227746964,1
1924,457.279746056,1
1925,457.327787161,1
1926,457.379769087,1
1927,457.411751032,1
1928,457.459418058,1
1929,457.514389038,1
1930,457.564298153,1
1931,457.615656137,1
1932,457.655681133,1
1933,457.687172174,1
1934,457.723637104,1
1935,457.767671108,1
1936,457.803981066,1
1937,457.847761154,1
1938,457.888581038,1
1939,457.957242966,1
1940,458.016692162,1
1941,458.083031178,1
1942,458.125307083,1
1943,458.166076183,1
1944,458.201243162,1
1945,458.235296965,1
1946,458.277157068,1
1947,458.339890957,3
1948,458.372095108,3
1949,458.403660059,3
1950,458.443613052,3
1951,458.499644995,3
1952,458.547950983,3
1953,458.595689058,3
1954,458.639676094,3
1955,458.679756165,3
1956,458.719547033,3
1957,458.760380983,3
1958,458.807774067,3
1959,458.851822138,3
1960,458.891810179,3
1961,458.947718143,3
1962,458.97971797,3
1963,459.015752077,3
1964,459.068030119,3
1965,459.107649088,3
1966,459.145532131,3
1967,459.211302996,3
1968,459.251863003,3
1969,459.291306973,3
1970,459.331613064,3
1971,459.379776001,3
1972,459.431534052,3
1973,459.483801126,1
1974,459.516812086,1
1975,459.553177118,1
1976,459.607736111,1
1977,459.663753033,1
1978,459.703752995,1
1979,459.751851082,1
1980,459.783627033,1
1981,459.835824013,1
1982,459.87968111,1
1983,459.919458151,1
1984,459.971414089,1
1985,460.007786036,1
1986,460.051686049,1
1987,460.095203161,1
1988,460.139674187,1
1989,460.211553097,1
1990,460.267812967,1
1991,460.307666063,1
1992,460.339725018,1
1993,460.389320135,1
1994,460.424322128,1
1995,460.45571804,1
1996,460.503700018,1
1997,460.535655022,1
1998,460.567713976,1
1999,460.623883009,3
2000,460.655606985,3
