PacketSeqNo,GeneratingTime,ArrivalTime,MulticastIdx
1,0.00190401077271,4.26198792458,1
2,0.0137760639191,4.27268981934,1
3,0.0260369777679,4.28475093842,1
4,0.0382840633392,4.29716181755,1
5,0.0508480072021,4.31122899055,1
6,0.063148021698,4.33373999596,1
7,0.0756239891052,4.33939099312,1
8,0.0878591537476,4.34834098816,1
9,0.100226163864,4.36092782021,1
10,0.112504959106,4.37796092033,1
11,0.12708902359,4.38756799698,1
12,0.139335155487,4.39931488037,1
13,0.151206016541,4.41035795212,1
14,0.16276717186,4.42217993736,1
15,0.174337148666,4.43732094765,1
16,0.185954093933,4.46478486061,1
17,0.217153072357,4.48095178604,1
18,0.229344129562,4.48797178268,1
19,0.241498947144,4.50074887276,1
20,0.253880023956,4.51419782639,1
21,0.266689062119,4.52677679062,1
22,0.279081106186,4.54089188576,1
23,0.291245937347,4.55103778839,1
24,0.303519964218,4.56306195259,1
25,0.315701961517,4.57513594627,1
26,0.327918052673,4.58896780014,1
27,0.340093135834,4.60805487633,1
28,0.352635145187,4.61372590065,1
29,0.364817142487,4.62673187256,1
30,0.377022027969,4.63979887962,1
31,0.389390945435,4.64846086502,1
32,0.402029037476,4.66138195992,1
33,0.414410114288,4.67896795273,1
34,0.427443981171,4.68639397621,1
35,0.439631938934,4.70148086548,1
36,0.452273130417,4.71598601341,1
37,0.464475154877,4.72423386574,1
38,8.48111796379,12.7387909889,2
39,8.49335503578,12.7529718876,2
40,8.50573015213,12.7636058331,2
41,8.51923203468,12.7777099609,2
42,8.53155994415,12.7896440029,2
43,8.54483008385,12.8030610085,2
44,8.55834698677,12.8164148331,2
45,8.57180809975,12.8294918537,2
46,8.58471798897,12.8429758549,2
47,8.59643316269,12.8545949459,2
48,8.61159014702,12.8700959682,2
49,8.62326717377,12.8816828728,2
50,8.63636612892,12.8939538002,2
51,8.65026712418,12.9078128338,2
52,8.66329598427,12.9290947914,2
53,8.67489600182,12.9324979782,2
54,8.68696117401,12.9451270103,2
55,8.69889807701,12.9580028057,2
56,8.71314096451,12.9715049267,2
57,8.72515797615,12.984569788,2
58,8.73778700829,12.9993429184,2
59,8.75035905838,13.0081977844,2
60,8.76321196556,13.0209670067,2
61,8.77504897118,13.0338559151,2
62,8.78729701042,13.045003891,2
63,8.79956007004,13.0573298931,2
64,8.81169199944,13.069355011,2
65,8.82399702072,13.0826058388,2
66,8.83819198608,13.0962297916,2
67,8.85023593903,13.108828783,2
68,8.86236214638,13.1208269596,2
69,8.87503504753,13.1331369877,2
70,8.88810300827,13.1460118294,2
71,8.90140914917,13.1597299576,2
72,8.91299200058,13.1708610058,2
73,8.92507505417,13.1833159924,2
74,8.93827199936,13.1959228516,2
75,8.9501080513,13.2077639103,2
76,8.96551513672,13.223900795,2
77,8.98004102707,13.2412998676,2
78,8.9918320179,13.2505338192,2
79,9.00531101227,13.2637569904,2
80,9.01726198196,13.2762229443,2
81,9.02895998955,13.2873299122,2
82,9.04302811623,13.3029909134,2
83,9.0550391674,13.3138389587,2
84,9.07029104233,13.3306398392,2
85,9.08640313148,13.3452599049,2
86,9.09959411621,13.3612458706,2
87,9.11573195457,13.3755688667,2
88,9.12991094589,13.3889768124,2
89,9.14167904854,13.3992669582,2
90,9.15390706062,13.4121718407,2
91,9.16556406021,13.4254097939,2
92,9.1772749424,13.4353628159,2
93,9.1887421608,13.4525079727,2
94,9.20026516914,13.4622559547,2
95,9.21443796158,13.4717497826,2
96,9.22745800018,13.4858169556,0
97,9.23960614204,13.5014719963,0
98,9.25702905655,13.5161287785,0
99,9.26867604256,13.5266458988,0
100,9.28176116943,13.5394020081,0
101,9.29441595078,13.5524098873,0
102,9.30753707886,13.5656428337,0
103,9.32065796852,13.5788829327,0
104,9.33296608925,13.5918288231,0
105,9.34571194649,13.6050989628,0
106,9.35846710205,13.6177229881,0
107,9.37036395073,13.6281278133,0
108,9.38220906258,13.6401438713,0
109,9.39412808418,13.6526498795,0
110,9.40738511086,13.6652507782,0
111,9.41928601265,13.678855896,0
112,9.43533396721,13.6945319176,0
113,9.44689702988,13.7057437897,0
114,9.45862007141,13.717787981,0
115,9.47075796127,13.7308878899,0
116,9.48328495026,13.7426259518,0
117,9.49550914764,13.7589929104,0
118,9.50954914093,13.7684538364,0
119,9.52165603638,13.7831759453,0
120,9.53933310509,13.7983028889,0
121,9.55280208588,13.8113529682,0
122,9.56889414787,13.8273677826,0
123,9.58156609535,13.8390398026,0
124,9.59320211411,13.8508880138,0
125,9.60887098312,13.8668539524,0
126,9.62055802345,13.877820015,0
127,9.63762617111,13.8984498978,0
128,9.64993596077,13.9092698097,0
129,9.66227912903,13.9204359055,0
130,9.67461800575,13.933934927,0
131,9.68818902969,13.9490709305,0
132,9.7001991272,13.9609498978,0
133,9.71246409416,13.9756948948,0
134,9.7257540226,13.9840629101,0
135,9.73790216446,13.9959499836,0
136,9.75596499443,14.0179789066,0
137,9.76772093773,14.0253307819,0
138,9.7795791626,14.0406839848,0
139,9.79205203056,14.0545539856,0
140,9.80398011208,14.063439846,0
141,9.81547212601,14.0797820091,0
142,9.82859897614,14.0864009857,0
143,9.84432601929,14.1019508839,0
144,9.85659408569,14.1154069901,0
145,9.86863613129,14.1265759468,0
146,9.88075304031,14.1482698917,0
147,17.9163169861,22.177369833,3
148,17.9342460632,22.1926939487,3
149,17.9461250305,22.2047348022,3
150,17.9580140114,22.2163670063,3
151,17.9697210789,22.227478981,3
152,17.9812941551,22.2394487858,3
153,17.9956171513,22.2540988922,3
154,18.0084061623,22.2680859566,3
155,18.0219819546,22.279886961,3
156,18.0338830948,22.2915508747,3
157,18.0480179787,22.3067479134,3
158,18.0620961189,22.3240189552,3
159,18.0759849548,22.3351988792,3
160,18.0894551277,22.3483788967,3
161,18.1032240391,22.3612778187,3
162,18.1156721115,22.3750998974,3
163,18.1294419765,22.3878178596,3
164,18.1433830261,22.4014527798,3
165,18.1571831703,22.4153277874,3
166,18.1718921661,22.4385449886,3
167,18.1869010925,22.4456818104,3
168,18.200740099,22.4635667801,3
169,18.2130730152,22.4715588093,3
170,18.225577116,22.4841458797,3
171,18.2379720211,22.5020217896,3
172,18.2531571388,22.512157917,3
173,18.2650749683,22.527258873,3
174,18.2781541348,22.5364718437,3
175,18.2901630402,22.5536718369,3
176,18.3020751476,22.5602397919,3
177,18.3165400028,22.5781757832,3
178,18.3310170174,22.5893478394,3
179,18.3429150581,22.6016337872,3
180,18.3557021618,22.6144089699,3
181,18.3679671288,22.6267068386,3
182,18.3802621365,22.6409788132,3
183,18.3923411369,22.651362896,3
184,18.4051220417,22.6639099121,3
185,18.4172849655,22.6768817902,3
186,18.4299430847,22.6891617775,3
187,18.4472279549,22.7052969933,3
188,18.4590890408,22.717124939,3
189,18.4715731144,22.7300438881,3
190,18.4854471684,22.7446370125,3
191,18.4976530075,22.7559669018,3
192,18.510612011,22.7688519955,3
193,18.5232989788,22.7836389542,3
194,18.5353550911,22.7931809425,3
195,18.5489079952,22.8075277805,3
196,18.5609190464,22.818666935,3
197,18.5726280212,22.8310070038,3
198,18.5855641365,22.8432388306,3
199,18.5979111195,22.8555808067,3
200,18.6104249954,22.8687648773,3
201,18.6236691475,22.8827660084,3
202,18.636425972,22.9006698132,3
203,18.6502890587,22.9087798595,3
204,18.6623280048,22.9216399193,3
205,18.6742341518,22.9362139702,1
206,18.6889240742,22.9548649788,1
207,18.7017371655,22.9602198601,1
208,18.7147059441,22.9729499817,1
209,18.7263729572,22.9857468605,1
210,18.7382571697,22.9970738888,1
211,18.7516169548,23.0096738338,1
212,18.7645590305,23.0227069855,1
213,18.7762730122,23.034583807,1
214,18.7911140919,23.0510149002,1
215,18.8032939434,23.0617609024,1
216,18.8152220249,23.072988987,1
217,18.8270859718,23.0882139206,1
218,18.838835001,23.0971570015,1
219,18.8539161682,23.1205887794,1
220,18.8670101166,23.1253988743,1
221,18.8796260357,23.1381089687,1
222,18.8918011189,23.1516649723,1
223,18.904225111,23.169741869,1
224,18.9161651134,23.178593874,1
225,18.9277629852,23.1860330105,1
226,18.9397139549,23.2003359795,1
227,18.951431036,23.2091228962,1
228,18.9643750191,23.2223489285,1
229,18.9782421589,23.2416598797,1
230,18.991489172,23.2492659092,1
231,19.0053100586,23.266602993,1
232,19.0182139874,23.2759518623,1
233,19.0306119919,23.2884819508,1
234,19.0432829857,23.3015499115,1
235,19.0571329594,23.3152799606,1
236,19.0708341599,23.3304538727,1
237,19.0831739902,23.3414988518,1
238,19.0953631401,23.353853941,1
239,19.1073410511,23.3652439117,1
240,19.1190841198,23.3768849373,1
241,19.1308240891,23.3888549805,1
242,19.1445920467,23.4030058384,1
243,19.1563551426,23.4192399979,1
244,19.1683280468,23.4262759686,1
245,19.1802501678,23.4384047985,1
246,19.1952390671,23.4536318779,1
247,19.2101690769,23.469727993,1
248,19.2221810818,23.4889919758,1
249,19.2393779755,23.4977929592,1
250,19.2544770241,23.5144817829,1
251,19.2673771381,23.5258889198,1
252,19.2799351215,23.5390348434,1
253,19.2946989536,23.553101778,1
254,19.3067951202,23.5645668507,1
255,19.3198611736,23.5850977898,1
256,19.33207798,23.590285778,1
257,19.3450751305,23.6035528183,1
258,19.3596291542,23.6177959442,1
259,19.371407032,23.6322898865,1
260,19.3835849762,23.6438848972,1
261,19.395813942,23.6546359062,1
262,19.4088010788,23.6669318676,1
263,19.4203290939,23.6787438393,1
264,19.4318339825,23.6900439262,3
265,19.4475550652,23.7073459625,3
266,19.4625940323,23.7210299969,3
267,19.4763770103,23.7347068787,3
268,19.4897091389,23.7484629154,3
269,19.502133131,23.7613229752,3
270,19.5139729977,23.7715349197,3
271,19.5265481472,23.7840738297,3
272,19.5410680771,23.8026719093,3
273,19.5569369793,23.8155679703,3
274,19.5704240799,23.8307669163,3
275,19.5832750797,23.8411028385,3
276,19.5950620174,23.8600559235,3
277,19.6068880558,23.8649089336,3
278,19.618407011,23.8760797977,3
279,19.6300661564,23.8892118931,3
280,19.6440889835,23.9023609161,3
281,19.6575379372,23.9193058014,3
282,19.6704831123,23.9283030033,3
283,19.6821460724,23.940392971,3
284,19.6940760612,23.9583528042,3
285,19.7103481293,23.9685029984,3
286,19.7221951485,23.9805529118,3
287,19.7337839603,23.9919669628,3
288,19.745470047,24.0046699047,3
289,19.7576539516,24.0153470039,3
290,19.7713279724,24.0292618275,3
291,19.7863540649,24.0517618656,3
292,19.7983660698,24.0566959381,3
293,19.8103280067,24.0681049824,3
294,19.8223950863,24.0821008682,3
295,19.8341460228,24.0939919949,3
296,19.8467769623,24.1062657833,3
297,19.8584179878,24.1188538074,3
298,19.8701300621,24.1297428608,3
299,19.8817820549,24.1396739483,3
300,19.893474102,24.1511518955,3
301,19.9128091335,24.1737549305,3
302,19.9247360229,24.1827118397,3
303,19.9393529892,24.2009489536,3
304,19.9513831139,24.2093698978,3
305,19.9643831253,24.2226359844,3
306,19.9763240814,24.2357468605,3
307,19.9881300926,24.2474048138,3
308,20.000729084,24.2607769966,3
309,20.0131220818,24.2718369961,3
310,20.0264260769,24.2847700119,3
311,20.0381829739,24.2976508141,3
312,20.0535869598,24.3162579536,3
313,20.0668210983,24.3276000023,3
314,20.0808291435,24.3402178288,3
315,20.0940871239,24.3599188328,3
316,20.1078619957,24.3684418201,3
317,20.1201281548,24.3789589405,3
318,20.1348249912,24.3928258419,3
319,20.1484410763,24.410602808,3
320,20.1623160839,24.4204080105,1
321,20.1763651371,24.4452259541,1
322,20.1882791519,24.4485678673,1
323,20.2050690651,24.4725778103,1
324,20.2179419994,24.4779548645,1
325,20.2310190201,24.4919848442,1
326,20.2466590405,24.5055038929,1
327,20.2586100101,24.5211668015,1
328,20.2705931664,24.5370168686,1
329,20.2831599712,24.5418899059,1
330,20.2963080406,24.5564107895,1
331,20.3084471226,24.5698719025,1
332,20.3202741146,24.5797219276,1
333,20.3374660015,24.6000168324,1
334,20.349864006,24.6135249138,1
335,20.3626670837,24.6213409901,1
336,20.3748550415,24.6334378719,1
337,20.3874001503,24.6498727798,1
338,20.3993761539,24.6629137993,1
339,20.4115209579,24.6709849834,1
340,20.4236440659,24.6916987896,1
341,20.4354801178,24.6989989281,1
342,20.4475851059,24.710821867,1
343,20.46402812,24.7230668068,1
344,20.4768111706,24.7370820045,1
345,20.4898011684,24.7551598549,1
346,20.5025651455,24.7644798756,1
347,20.5153830051,24.7837319374,1
348,20.5281250477,24.7872989178,1
349,20.5399341583,24.7982988358,1
350,20.5542240143,24.8141489029,1
351,20.5662181377,24.8340218067,1
352,20.5783381462,24.8377327919,1
353,20.5899851322,24.8522307873,1
354,20.6022310257,24.8597998619,1
355,20.6156210899,24.8771729469,1
356,20.6288640499,24.8893690109,1
357,20.6414129734,24.9032318592,1
358,20.6557309628,24.9156608582,1
359,20.6677091122,24.9285728931,1
360,20.6794199944,24.9390919209,1
361,20.6929199696,24.9572219849,1
362,20.7068431377,24.9686398506,1
363,20.7200341225,24.9804899693,1
364,20.7322371006,25.0004558563,1
365,20.7439529896,25.0035178661,1
366,20.7563159466,25.0143640041,1
367,20.7695219517,25.0317969322,1
368,20.7816021442,25.0395820141,1
369,20.7964780331,25.0555429459,1
370,20.8086540699,25.0665779114,1
371,20.8205299377,25.0800697803,1
372,20.8322930336,25.0906639099,1
373,20.8446900845,25.1066429615,1
374,20.8587679863,25.1231129169,3
375,20.8716800213,25.1291599274,3
376,20.88489604,25.1434938908,3
377,20.8966870308,25.1561348438,3
378,20.9094500542,25.1721179485,3
379,20.9213681221,25.1814169884,3
380,20.9331071377,25.1947109699,3
381,20.9447591305,25.2030379772,3
382,20.9567470551,25.2168769836,3
383,20.9687521458,25.2263457775,3
384,20.9825341702,25.2423238754,3
385,20.9959139824,25.254185915,3
386,21.0105450153,25.269233942,3
387,21.0227611065,25.2808709145,3
388,21.0350861549,25.293006897,3
389,21.0481641293,25.311934948,3
390,21.0620660782,25.3257899284,3
391,21.0759220123,25.3344049454,3
392,21.0880839825,25.3489458561,3
393,21.1001110077,25.3584399223,3
394,21.1119220257,25.3703019619,3
395,21.123675108,25.3877558708,3
396,21.1351749897,25.394879818,3
397,21.1490609646,25.4086449146,3
398,21.1609401703,25.4216368198,3
399,21.1727850437,25.4308428764,3
400,21.1850249767,25.4434399605,3
401,21.1996641159,25.457395792,3
402,21.2114870548,25.4760239124,3
403,21.2297389507,25.4980549812,3
404,21.2445240021,25.5037808418,3
405,21.2597520351,25.5179269314,3
406,21.2722129822,25.5299928188,3
407,21.2859120369,25.5452799797,3
408,21.3000280857,25.5580568314,3
409,21.3118891716,25.5696167946,3
410,21.3246970177,25.5878348351,3
411,21.3373000622,25.5950279236,3
412,21.3502500057,25.6086719036,3
413,21.3646371365,25.6232688427,3
414,21.3766870499,25.6380758286,3
415,21.388299942,25.6491999626,3
416,21.4011869431,25.6587028503,3
417,21.4136259556,25.6734638214,3
418,21.4257919788,25.6911408901,3
419,21.437816143,25.7032129765,3
420,21.453068018,25.7122738361,3
421,21.467867136,25.7277669907,3
422,21.4816379547,25.7478899956,3
423,21.4950101376,25.7569458485,3
424,21.5075440407,25.7673819065,3
425,21.5195159912,25.7780809402,3
426,21.5313410759,25.7909779549,3
427,21.5453670025,25.8068540096,3
428,21.5571131706,25.8178019524,3
429,21.5696091652,25.8323738575,3
430,21.5818891525,25.848200798,3
431,21.5950009823,25.8623189926,3
432,21.6117420197,25.8706848621,3
433,21.6233539581,25.890901804,3
434,21.6350460052,25.896655798,1
435,21.6492209435,25.9070799351,1
436,21.6631031036,25.9224028587,1
437,21.6750531197,25.9373979568,1
438,21.6865489483,25.9447247982,1
439,21.6982581615,25.9566178322,1
440,21.7102811337,25.971818924,1
441,21.726485014,25.9848818779,1
442,21.7383961678,25.9986059666,1
443,21.7500760555,26.0126957893,1
444,21.7619991302,26.0211379528,1
445,21.7757029533,26.0350158215,1
446,21.7908959389,26.0552978516,1
447,21.8037230968,26.0658888817,1
448,21.8156170845,26.0750639439,1
449,21.8273751736,26.0877277851,1
450,21.8389601707,26.0997598171,1
451,21.8512260914,26.1104938984,1
452,21.8697891235,26.1330769062,1
453,21.8862259388,26.1533699036,1
454,21.8982319832,26.1589307785,1
455,21.9102699757,26.1775817871,1
456,21.923871994,26.181139946,1
457,21.939645052,26.2042908669,1
458,21.9569129944,26.218569994,1
459,21.9693601131,26.2273278236,1
460,21.9816720486,26.2428460121,1
461,21.9941740036,26.2545089722,1
462,22.0078861713,26.2705500126,1
463,22.0217101574,26.280880928,1
464,22.0337240696,26.299530983,1
465,22.0454421043,26.3043589592,1
466,22.0615460873,26.333190918,1
467,22.089468956,26.3486127853,1
468,22.1011929512,26.3663778305,1
469,22.113710165,26.3721179962,1
470,22.1256780624,26.391343832,1
471,22.1437320709,26.4017579556,1
472,22.1563179493,26.4148099422,1
473,22.1703920364,26.4374649525,1
474,22.1829841137,26.4467937946,1
475,22.1949310303,26.4561538696,1
476,22.2079241276,26.4743728638,1
477,22.219340086,26.4802420139,1
478,22.2335729599,26.4937138557,1
479,22.2451181412,26.5046889782,1
480,22.2565600872,26.5197329521,1
481,22.2715001106,26.5387639999,1
482,22.2874751091,26.5471699238,1
483,22.3023321629,26.5659430027,1
484,22.3148729801,26.5730948448,1
485,22.3274359703,26.5905098915,1
486,22.338996172,26.6077477932,1
487,22.3545279503,26.6140708923,1
488,22.3675220013,26.6312448978,1
489,22.3793859482,26.6511118412,1
490,22.3920459747,26.651556015,1
491,22.4049899578,26.6629149914,1
492,22.4171199799,26.6754357815,3
493,22.4318220615,26.6937940121,3
494,22.4475679398,26.708521843,3
495,22.4606540203,26.7208418846,3
496,22.473097086,26.7311148643,3
497,22.4847681522,26.74376297,3
498,22.4967520237,26.7578999996,3
499,22.5103399754,26.7705328465,3
500,22.5219650269,26.8600239754,3
501,22.533452034,26.8608798981,3
502,22.5452799797,26.8616437912,3
503,22.5595281124,26.8624079227,3
504,22.5745961666,26.8631420135,3
505,22.5861570835,26.8660287857,3
506,22.6001441479,26.8668057919,3
507,22.6127591133,26.8768279552,3
508,22.6256949902,26.8843588829,3
509,22.6375200748,26.8962008953,3
510,22.6490440369,26.9100928307,3
511,22.6622519493,26.921861887,3
512,22.6741559505,26.9323029518,3
513,22.6857061386,26.9483568668,3
514,22.6992681026,26.9589679241,3
515,22.7111589909,26.9725089073,3
516,22.7274460793,26.9875519276,3
517,22.7391490936,27.0031068325,3
518,22.7507770061,27.011068821,3
519,22.7628340721,27.0230917931,3
520,22.7764430046,27.0414829254,3
521,22.7904419899,27.0476958752,3
522,22.8023610115,27.0634918213,3
523,22.8138239384,27.0737559795,3
524,22.8322761059,27.0913000107,3
525,22.8482539654,27.1064169407,3
526,22.864937067,27.1238348484,3
527,22.8767580986,27.1420419216,3
528,22.889179945,27.1572618484,3
529,22.9008200169,27.1600339413,3
530,22.9145200253,27.1748588085,3
531,22.9287760258,27.1940410137,3
532,22.9445650578,27.2100269794,3
533,22.9589960575,27.2175397873,3
534,22.9728369713,27.231500864,3
535,22.9847819805,27.2429509163,3
536,22.9961960316,27.2574789524,3
537,23.0104410648,27.2690639496,3
538,23.0265631676,27.2907149792,3
539,23.0388140678,27.2961149216,3
540,23.0519850254,27.31127882,3
541,23.0673770905,27.3261899948,3
542,23.080080986,27.3400239944,3
543,23.0917000771,27.3520598412,3
544,23.1039609909,27.3675529957,1
545,23.1160900593,27.3794238567,1
546,23.1303670406,27.3904418945,1
547,23.1419579983,27.3998219967,1
548,23.1534080505,27.4129538536,1
549,23.1675200462,27.4254939556,1
550,23.179295063,27.4388380051,1
551,23.1920690536,27.4500617981,1
552,23.2039630413,27.4704899788,1
553,23.218806982,27.4792230129,1
554,23.2330701351,27.4975409508,1
555,23.2447350025,27.5037298203,1
556,23.2586741447,27.5164558887,1
557,23.270275116,27.5347058773,1
558,23.2833900452,27.5429959297,1
559,23.2969920635,27.5550518036,1
560,23.3089389801,27.5736069679,1
561,23.3292529583,27.590887785,1
562,23.3414471149,27.6026139259,1
563,23.356675148,27.6222817898,1
564,23.3690531254,27.6316568851,1
565,23.3835370541,27.6414117813,1
566,23.3952000141,27.6556379795,1
567,23.4070820808,27.6655027866,1
568,23.4189450741,27.6803758144,1
569,23.4317240715,27.6974749565,1
570,23.4454760551,27.7057919502,1
571,23.4577660561,27.7218468189,1
572,23.4695761204,27.7280859947,1
573,23.4848940372,27.753237009,1
574,23.4996500015,27.7592740059,1
575,23.5163350105,27.7780518532,1
576,23.5291640759,27.7909719944,1
577,23.5418119431,27.8075318336,1
578,23.5534329414,27.8137807846,1
579,23.5651400089,27.823830843,1
580,23.578897953,27.8466668129,1
581,23.5902991295,27.8505589962,1
582,23.6036801338,27.8635377884,1
583,23.6161420345,27.8775408268,1
584,23.63280797,27.9003357887,1
585,23.6460630894,27.9047288895,1
586,23.6637251377,27.9214339256,1
587,23.6786220074,27.9398889542,1
588,23.690789938,27.9495937824,1
589,23.7024850845,27.9643399715,1
590,23.715512991,27.9742219448,1
591,23.7273769379,27.9860708714,1
592,23.7419569492,28.0008208752,1
593,23.7552390099,28.021053791,1
594,23.7669711113,28.0308008194,1
595,23.7799320221,28.0399289131,1
596,23.7952940464,28.0602679253,1
597,23.8085370064,28.0688920021,3
598,23.8203830719,28.0788199902,3
599,23.8332400322,28.0913069248,3
600,23.8475520611,28.109598875,3
601,23.8593201637,28.1188428402,3
602,23.87413311,28.1348288059,3
603,23.8893091679,28.1556918621,3
604,23.9032890797,28.1634140015,3
605,23.9175231457,28.1850419044,3
606,23.9297859669,28.1907799244,3
607,23.9448480606,28.2032518387,3
608,23.9608781338,28.2220478058,3
609,23.9768030643,28.2347609997,3
610,23.9886679649,28.247040987,3
611,24.0006661415,28.2585959435,3
612,24.0127689838,28.2707688808,3
613,24.0266420841,28.2883088589,3
614,24.0404529572,28.3011789322,3
615,24.0519640446,28.3126449585,3
616,24.0639691353,28.322701931,3
617,24.0755691528,28.3361399174,3
618,24.0898361206,28.3506598473,3
619,24.1043801308,28.3721458912,3
620,24.119243145,28.3774998188,3
621,24.133972168,28.4006040096,3
622,24.1482641697,28.4063868523,3
623,24.1608731747,28.4204218388,3
624,24.1737689972,28.4397089481,3
625,24.1887900829,28.4466099739,3
626,24.2006151676,28.458976984,3
627,24.2202391624,28.4829587936,3
628,24.2349729538,28.4956948757,3
629,24.2505199909,28.5110189915,3
630,24.2630791664,28.5223779678,3
631,24.2803969383,28.5386719704,3
632,24.2919781208,28.5524148941,3
633,24.3052179813,28.5633080006,3
634,24.3190741539,28.577067852,3
635,24.3315899372,28.5901358128,3
636,24.3444931507,28.6030049324,3
637,24.3564400673,28.6156549454,3
638,24.3722200394,28.6312119961,3
639,24.3857591152,28.6548349857,3
640,24.39767313,28.6559507847,3
641,24.4114129543,28.6695249081,3
642,24.4229681492,28.6827027798,3
643,24.434746027,28.6938369274,3
644,24.4487559795,28.7111968994,3
645,24.4657461643,28.724241972,3
646,24.4811940193,28.743339777,3
647,24.4993369579,28.7570188046,1
648,24.5111119747,28.7725949287,1
649,24.5281131268,28.7853639126,1
650,24.5411820412,28.80189991,1
651,24.5543439388,28.8154828548,1
652,24.5659890175,28.8365659714,1
653,24.5784029961,28.8418889046,1
654,24.5964710712,28.8569369316,1
655,24.608082056,28.8703689575,1
656,24.6215009689,28.881387949,1
657,24.633382082,28.8925218582,1
658,24.6461951733,28.9056789875,1
659,24.6578381062,28.9157819748,1
660,24.6701481342,28.9338049889,1
661,24.6906321049,28.9527568817,1
662,24.7040510178,28.9654548168,1
663,24.7183821201,28.9789428711,1
664,24.7309889793,28.9900658131,1
665,24.744740963,29.0039429665,1
666,24.7567629814,29.0247399807,1
667,24.7683150768,29.0286898613,1
668,24.7832629681,29.0418789387,1
669,24.7948150635,29.0538699627,1
670,24.8083930016,29.0717668533,1
671,24.8214299679,29.0805599689,1
672,24.8329601288,29.092633009,1
673,24.8479809761,29.1062610149,1
674,24.8642411232,29.1249189377,1
675,24.8761060238,29.1495478153,1
676,24.8878791332,29.1703619957,1
677,24.9004061222,29.1708509922,1
678,24.9119160175,29.1738879681,1
679,24.9250071049,29.2000029087,1
680,24.9390990734,29.2004158497,1
681,24.9505450726,29.2093598843,1
682,24.9674100876,29.2289588451,1
683,24.9790480137,29.2398099899,1
684,24.9919111729,29.2530808449,1
685,25.0035729408,29.2620778084,1
686,25.0166950226,29.2753407955,1
687,25.0329270363,29.2926368713,1
688,25.0447330475,29.3035709858,1
689,25.0569350719,29.3195259571,1
690,25.0684640408,29.330796957,1
691,25.0849130154,29.3428177834,1
692,25.0979089737,29.3579249382,1
693,25.1098959446,29.370598793,1
694,25.1219651699,29.389526844,1
695,25.1350090504,29.3950459957,1
696,25.1468501091,29.4055638313,1
697,25.1600601673,29.4206299782,1
698,25.1718771458,29.430644989,1
699,25.1840200424,29.4440097809,1
700,25.1967070103,29.4550290108,1
701,25.2121591568,29.4705998898,1
702,25.2249331474,29.4836988449,1
703,25.2423710823,29.5040118694,1
704,25.2540221214,29.5175337791,1
705,33.280205965,37.5387129784,2
706,33.2966361046,37.5568828583,2
707,33.3106291294,37.573029995,2
708,33.323348999,37.5853559971,2
709,33.3356871605,37.5941529274,2
710,33.3484590054,37.6115949154,2
711,33.3615469933,37.6195268631,2
712,33.3736841679,37.6319339275,2
713,33.3857979774,37.6439869404,2
714,33.397603035,37.6558299065,2
715,33.4095749855,37.669495821,2
716,33.4234650135,37.6819038391,2
717,33.4351170063,37.6939167976,2
718,33.4506320953,37.7105059624,2
719,33.465775013,37.7241499424,2
720,33.4815890789,37.7403190136,2
721,33.4949369431,37.7531719208,2
722,33.5091490746,37.7710428238,2
723,33.5225419998,37.7802698612,2
724,33.5358920097,37.7954897881,2
725,33.5480661392,37.805836916,2
726,33.564797163,37.8249628544,2
727,33.576816082,37.8352999687,2
728,33.589703083,37.8482978344,2
729,33.6017489433,37.8613209724,2
730,33.6147470474,37.8736219406,2
731,33.6265521049,37.8848559856,2
732,33.6385250092,37.8962938786,2
733,33.6503751278,37.9087638855,2
734,33.666298151,37.9253408909,2
735,33.6783499718,37.9417798519,2
736,33.6907451153,37.9542839527,2
737,33.7037980556,37.9614257812,2
738,33.7157800198,37.9759209156,2
739,33.7279679775,37.988109827,2
740,33.7402441502,38.0002918243,2
741,33.7541151047,38.0122067928,2
742,33.7702109814,38.0284090042,2
743,33.7832460403,38.0412828922,2
744,33.795374155,38.0534279346,2
745,33.8095371723,38.0683238506,2
746,33.8248851299,38.0824918747,2
747,33.8366720676,38.0980010033,2
748,33.8495190144,38.1085669994,2
749,33.8618400097,38.1197228432,2
750,33.8736760616,38.1317059994,2
751,33.8854920864,38.1438980103,2
752,33.8975319862,38.1596548557,2
753,33.9096710682,38.1680109501,2
754,33.9224989414,38.1804828644,2
755,33.9345469475,38.1925868988,2
756,33.9464991093,38.2067258358,2
757,33.9582769871,38.2163119316,2
758,33.9702470303,38.2291049957,2
759,33.9820721149,38.2399759293,2
760,33.9938540459,38.2516829967,2
761,34.0056710243,38.2633748055,2
762,34.0177199841,38.2754359245,0
763,34.0298740864,38.2882089615,0
764,34.0418710709,38.2996339798,0
765,34.0536079407,38.3116619587,0
766,34.0652570724,38.3234689236,0
767,34.0768041611,38.334512949,0
768,34.0887229443,38.3480548859,0
769,34.1018240452,38.3603680134,0
770,34.1157269478,38.3746078014,0
771,34.1277840137,38.3900449276,0
772,34.1428079605,38.4007599354,0
773,34.1548991203,38.4225468636,0
774,34.1700260639,38.4321777821,0
775,34.1859140396,38.4449520111,0
776,34.1991810799,38.4574868679,0
777,34.2109100819,38.4715578556,0
778,34.2226920128,38.4832029343,0
779,34.2348361015,38.4932367802,0
780,34.2469789982,38.5071499348,0
781,34.2610659599,38.5199279785,0
782,34.2731971741,38.5310199261,0
783,34.2848880291,38.5443480015,0
784,34.2966549397,38.5552229881,0
785,34.3086950779,38.5694367886,0
786,34.3202471733,38.5785508156,0
787,34.3322219849,38.5928649902,0
788,34.3446919918,38.6047799587,0
789,34.3569130898,38.6166269779,0
790,34.3694591522,38.627892971,0
791,34.3818671703,38.641810894,0
792,34.3941190243,38.6568667889,0
793,34.4058599472,38.66583395,0
794,34.4179050922,38.6761219501,0
795,34.4298429489,38.6901278496,0
796,34.4430670738,38.7020609379,0
797,34.4551210403,38.7151348591,0
798,34.4670090675,38.7249419689,0
799,34.4789910316,38.7369389534,0
800,34.4909200668,38.7486279011,0
801,34.5065851212,38.7646160126,0
802,34.5184271336,38.7764298916,0
803,34.5303220749,38.788328886,0
804,34.5431449413,38.8091599941,0
805,34.5548651218,38.8127589226,0
806,34.5667450428,38.8249948025,0
807,34.5787160397,38.8380098343,0
808,34.5908930302,38.8505837917,0
809,34.6040840149,38.8626468182,0
810,34.6164140701,38.8745868206,0
811,34.6318089962,38.890365839,0
812,34.644215107,38.9031989574,0
813,34.6570420265,38.9155609608,0
814,34.6687459946,38.9349679947,0
815,34.6806759834,38.9404959679,0
816,34.6924750805,38.9506258965,0
817,34.7098281384,38.9699139595,2
818,34.7246029377,38.9828169346,2
819,34.7376749516,38.9968090057,2
820,34.7526390553,39.0106759071,2
821,34.7647371292,39.0239799023,2
822,34.7804591656,39.0389418602,2
823,34.791960001,39.05001688,2
824,34.8038051128,39.0619988441,2
825,34.8153409958,39.0736718178,2
826,34.8292601109,39.087282896,2
827,34.8417780399,39.1010630131,2
828,34.8545050621,39.1160888672,2
829,34.8675429821,39.1265809536,2
830,34.8803400993,39.1380968094,2
831,34.8921630383,39.1583919525,2
832,34.9048690796,39.1637179852,2
833,34.9166910648,39.1811118126,2
834,34.9294331074,39.1871688366,2
835,34.9413020611,39.1997938156,2
836,34.9534499645,39.2115387917,2
837,34.9652781487,39.2235198021,2
838,34.9777741432,39.2357039452,2
839,34.9897911549,39.2480399609,2
840,35.0014989376,39.2608618736,2
841,35.0132100582,39.2714748383,2
842,35.0261731148,39.2857708931,2
843,35.0382239819,39.2962758541,2
844,35.0503189564,39.3140587807,2
845,35.0621621609,39.3200747967,2
846,35.0744240284,39.3324668407,2
847,35.0865380764,39.3448088169,2
848,35.1002380848,39.3583948612,2
849,35.1140379906,39.3747940063,2
850,35.12571311,39.3850579262,2
851,35.1374089718,39.40041399,2
852,35.1560590267,39.4165828228,2
853,35.1678180695,39.4313960075,2
854,35.1842541695,39.446559906,2
855,35.1990301609,39.46514678,2
856,35.2107679844,39.4687838554,2
857,35.2252931595,39.4835879803,2
858,35.237071991,39.4963979721,2
859,35.2488350868,39.5084428787,2
860,35.261605978,39.5195548534,2
861,35.2782950401,39.5392029285,2
862,35.2912380695,39.5494740009,2
863,35.3034420013,39.5614848137,2
864,35.3163919449,39.5752699375,2
865,35.329005003,39.5888619423,2
866,35.3410379887,39.6004347801,2
867,35.3528780937,39.6115279198,2
868,35.3661150932,39.6245999336,2
869,35.3783359528,39.6369140148,2
870,35.3909599781,39.6525158882,2
871,35.4029181004,39.6649849415,2
872,35.4152190685,39.6746778488,0
873,35.4283680916,39.6860427856,0
874,35.4406239986,39.7010338306,0
875,35.4563560486,39.7203388214,0
876,35.470621109,39.7288818359,0
877,35.4827430248,39.746942997,0
878,35.499876976,39.7614359856,0
879,35.5135791302,39.7745018005,0
880,35.5269880295,39.7895619869,0
881,35.5405640602,39.7992238998,0
882,35.5525231361,39.8104829788,0
883,35.5647289753,39.8277409077,0
884,35.5823690891,39.8411979675,0
885,35.5951180458,39.8532078266,0
886,35.6083481312,39.8730499744,0
887,35.6202540398,39.8805608749,0
888,35.6322841644,39.8925018311,0
889,35.6441531181,39.9077599049,0
890,35.6561300755,39.916467905,0
891,35.6714291573,39.929060936,0
892,35.6832890511,39.9442529678,0
893,35.6950440407,39.9568648338,0
894,35.7081890106,39.9692559242,0
895,35.7208271027,39.9791820049,0
896,35.7336771488,39.9950299263,0
897,35.7456481457,40.0036199093,0
898,35.7588620186,40.0188949108,0
899,35.7704589367,40.028097868,0
900,35.7878510952,40.0486218929,0
901,35.8000860214,40.0603249073,0
902,35.8142740726,40.072291851,0
903,35.8287410736,40.0914628506,0
904,35.8410840034,40.1007008553,0
905,35.854391098,40.1191139221,0
906,35.8664140701,40.1298348904,0
907,35.8781890869,40.136838913,0
908,35.8903300762,40.1485037804,0
909,35.902203083,40.1643819809,0
910,35.9141490459,40.1750879288,0
911,35.9270679951,40.1869440079,0
912,35.9392001629,40.2000617981,0
913,35.9510149956,40.2100439072,0
914,35.9632520676,40.2229340076,0
915,35.9759161472,40.2360057831,0
916,35.9880280495,40.2452788353,0
917,35.9996900558,40.2577459812,0
918,36.0114209652,40.2716488838,0
919,36.0231730938,40.2884018421,0
920,36.0351030827,40.293063879,0
921,36.0467369556,40.3061227798,0
922,36.0584750175,40.3177108765,0
923,36.0701260567,40.3381488323,0
924,36.0817489624,40.3409178257,0
925,36.0933320522,40.3519239426,0
926,36.1073081493,40.366784811,0
927,36.12104702,40.3812727928,0
928,36.1354629993,40.3932328224,0
929,36.1474311352,40.4061069489,0
930,36.1598460674,40.4276788235,0
931,36.1781280041,40.4375858307,0
932,36.1919460297,40.4612169266,2
933,36.2042880058,40.4616467953,2
934,36.2162389755,40.4761347771,2
935,36.2280650139,40.4868137836,2
936,36.2396430969,40.5002019405,2
937,36.2525169849,40.5219819546,2
938,36.2668709755,40.5249040127,2
939,36.2787761688,40.5498919487,2
940,36.2909591198,40.5502998829,2
941,36.302544117,40.564344883,2
942,36.3150680065,40.5731809139,2
943,36.3268671036,40.5843048096,2
944,36.3389520645,40.598721981,2
945,36.3512380123,40.6100358963,2
946,36.3634860516,40.6221249104,2
947,36.3757770061,40.6382088661,2
948,36.3880960941,40.6517248154,2
949,36.4002890587,40.6603357792,2
950,36.4123630524,40.6749219894,2
951,36.4243071079,40.6826620102,2
952,36.4364650249,40.7031807899,2
953,36.4484369755,40.7083098888,2
954,36.4601650238,40.7205808163,2
955,36.4717299938,40.7364449501,2
956,36.4835710526,40.7424278259,2
957,36.4951820374,40.7527048588,2
958,36.5068240166,40.7683708668,2
959,36.5231089592,40.78170681,2
960,36.5349349976,40.7933688164,2
961,36.548333168,40.8115699291,2
962,36.5604319572,40.820073843,2
963,36.5722169876,40.8312468529,2
964,36.5843119621,40.8438229561,2
965,36.5958120823,40.8574948311,2
966,36.608492136,40.8676989079,2
967,36.6206510067,40.8784558773,2
968,36.6329050064,40.8962938786,2
969,36.6486849785,40.9162240028,2
970,36.6625001431,40.920167923,2
971,36.6751849651,40.9371929169,2
972,36.6871030331,40.9470529556,2
973,36.6993801594,40.9614889622,2
974,36.7114889622,40.9715828896,2
975,36.7293219566,40.9889278412,2
976,36.7433409691,41.0020749569,2
977,36.7577431202,41.0191888809,2
978,36.7709610462,41.0304880142,2
979,36.7855350971,41.0443818569,2
980,36.7979471684,41.0606849194,2
981,36.8103280067,41.0725698471,2
982,36.8226001263,41.0803518295,2
983,36.8348491192,41.0936369896,2
984,36.846914053,41.1051838398,2
985,36.8613171577,41.1226539612,2
986,36.8735120296,41.1318957806,2
987,36.885240078,41.1435599327,2
988,36.8981330395,41.1611537933,2
989,36.9098820686,41.1704638004,2
990,36.9222970009,41.1825108528,2
991,36.9339661598,41.1923367977,2
992,36.9466481209,41.2081179619,0
993,36.9586780071,41.2206709385,0
994,36.970334053,41.2288467884,0
995,36.9824280739,41.2396907806,0
996,36.9947359562,41.2537739277,0
997,37.0085740089,41.2693088055,0
998,37.0208179951,41.2789888382,0
999,37.0324881077,41.2929627895,0
1000,37.0441660881,41.3014428616,0
1001,37.0558781624,41.314278841,0
1002,37.0674390793,41.326146841,0
1003,37.0792429447,41.3379368782,0
1004,37.0914969444,41.3590149879,0
1005,37.1049211025,41.3629479408,0
1006,37.1184060574,41.3783988953,0
1007,37.1300611496,41.3889398575,0
1008,37.1432521343,41.4026517868,0
1009,37.1565761566,41.4166100025,0
1010,37.1764039993,41.4347808361,0
1011,37.1892969608,41.4543018341,0
1012,37.2045431137,41.4688639641,0
1013,37.216807127,41.4760279655,0
1014,37.230437994,41.4887099266,0
1015,37.2425529957,41.5103788376,0
1016,37.25466609,41.5135757923,0
1017,37.2662761211,41.5273888111,0
1018,37.2780549526,41.5410227776,0
1019,37.2899551392,41.5521879196,0
1020,37.3036241531,41.5708999634,0
1021,37.3170559406,41.5751578808,0
1022,37.3349061012,41.5934069157,0
1023,37.3466980457,41.6052069664,0
1024,37.3584671021,41.616081953,0
1025,37.3703200817,41.6292538643,0
1026,37.3829650879,41.6427109241,0
1027,37.3958470821,41.658205986,0
1028,37.4135849476,41.6765098572,0
1029,37.4262621403,41.6850578785,0
1030,37.4382340908,41.7005898952,0
1031,37.4529290199,41.7114589214,0
1032,37.4649710655,41.7252008915,0
1033,37.4841091633,41.7428808212,0
1034,37.4962460995,41.7563369274,0
1035,37.5084400177,41.7722988129,0
1036,37.52029109,41.7805979252,0
1037,37.5330080986,41.7985758781,0
1038,37.5449359417,41.8044159412,0
1039,37.5564489365,41.8184518814,0
1040,37.5686440468,41.8276948929,0
1041,37.5835790634,41.8435969353,0
1042,37.5990180969,41.861371994,0
1043,37.6122760773,41.8801498413,0
1044,37.6258399487,41.8836519718,0
1045,37.6375670433,41.897176981,0
1046,37.6535730362,41.912788868,0
1047,37.667979002,41.9264168739,0
1048,37.679639101,41.9414038658,0
1049,37.6932320595,41.9519238472,0
1050,37.7047390938,41.9698529243,0
1051,37.7196240425,41.978525877,0
1052,37.732542038,41.9928979874,2
1053,37.7448129654,42.0027439594,2
1054,37.756319046,42.017125845,2
1055,37.7694261074,42.02835989,2
1056,37.7814719677,42.043558836,2
1057,37.7941639423,42.0529208183,2
1058,37.8061740398,42.0670378208,2
1059,37.8199009895,42.078458786,2
1060,37.832463026,42.0947759151,2
1061,37.8467371464,42.1063139439,2
1062,37.8586349487,42.1262288094,2
1063,37.870223999,42.1315808296,2
1064,37.8874721527,42.1460399628,2
1065,37.9037871361,42.1614968777,2
1066,37.9201600552,42.1825618744,2
1067,37.9327030182,42.1911637783,2
1068,37.9458780289,42.2033188343,2
1069,37.9574151039,42.2209839821,2
1070,37.969479084,42.2300019264,2
1071,37.982943058,42.243683815,2
1072,37.9948699474,42.2577309608,2
1073,38.0065710545,42.2640488148,2
1074,38.0185201168,42.2779819965,2
1075,38.0312581062,42.2900238037,2
1076,38.0430800915,42.3093388081,2
1077,38.0547840595,42.3142228127,2
1078,38.0664491653,42.3270118237,2
1079,38.0784580708,42.3435578346,2
1080,38.0922820568,42.352367878,2
1081,38.1040480137,42.3649718761,2
1082,38.1162991524,42.3846077919,2
1083,38.1344480515,42.3938667774,2
1084,38.1478159428,42.4061348438,2
1085,38.1668601036,42.4278969765,2
1086,38.1785891056,42.4448750019,2
1087,38.198900938,42.4637618065,2
1088,38.2159581184,42.4744479656,2
1089,38.2275569439,42.4891979694,2
1090,38.2401030064,42.5028898716,2
1091,38.2582070827,42.5316867828,2
1092,38.2708740234,42.5321748257,2
1093,38.287883997,42.5459468365,2
1094,38.2996499538,42.5598258972,2
1095,38.3136510849,42.5728988647,2
1096,38.3252000809,42.5829508305,2
1097,38.3370649815,42.5960538387,2
1098,38.3488111496,42.6082270145,2
1099,38.3604080677,42.619383812,2
1100,38.372508049,42.6318619251,2
1101,38.3859090805,42.6552569866,2
1102,38.4005830288,42.6596097946,2
1103,38.4169361591,42.6781148911,2
1104,38.4284310341,42.686383009,2
1105,38.44363904,42.7051448822,2
1106,38.4595310688,42.7193059921,2
1107,38.471446991,42.7383029461,2
1108,38.4834091663,42.7442967892,2
1109,38.4951050282,42.7559158802,2
1110,38.5112440586,42.7708258629,0
1111,38.5243151188,42.7858378887,0
1112,38.5391459465,42.8074848652,0
1113,38.5536210537,42.8106529713,0
1114,38.5664730072,42.8318359852,0
1115,38.5800051689,42.8391568661,0
1116,38.5949649811,42.8533759117,0
1117,38.6064860821,42.8651618958,0
1118,38.6187610626,42.8799889088,0
1119,38.6325221062,42.8905329704,0
1120,38.6448540688,42.9055747986,0
1121,38.6574180126,42.9163119793,0
1122,38.6691839695,42.9294278622,0
1123,38.6830329895,42.9411389828,0
1124,38.6945829391,42.961648941,0
1125,38.706125021,42.9724857807,0
1126,38.7206380367,42.9817678928,0
1127,38.7335281372,42.9946298599,0
1128,38.7476270199,43.0059678555,0
1129,38.7590169907,43.0223770142,0
1130,38.773537159,43.033066988,0
1131,38.7868671417,43.0492908955,0
1132,38.8023240566,43.0606758595,0
1133,38.8152370453,43.0743420124,0
1134,38.8277630806,43.0871248245,0
1135,38.8393120766,43.0999588966,0
1136,38.8509380817,43.1089468002,0
1137,38.8647141457,43.1244018078,0
1138,38.8774709702,43.1351180077,0
1139,38.8899149895,43.1578798294,0
1140,38.9069781303,43.1687569618,0
1141,38.9283349514,43.1881318092,0
1142,38.94099617,43.2007927895,0
1143,38.9540910721,43.2173378468,0
1144,38.9674320221,43.226266861,0
1145,38.9791719913,43.2417888641,0
1146,38.9908511639,43.2512598038,0
1147,39.0024111271,43.2622280121,0
1148,39.0148210526,43.2782919407,0
1149,39.0265581608,43.2867369652,0
1150,39.0392050743,43.3010728359,0
1151,39.0538880825,43.3223488331,0
1152,39.0720801353,43.3363997936,0
1153,39.0837249756,43.3432228565,0
1154,39.0985021591,43.3655669689,0
1155,39.1159441471,43.3745110035,0
1156,39.1275560856,43.385904789,0
1157,39.1389970779,43.4046578407,0
1158,39.1506860256,43.4099538326,0
1159,39.1632480621,43.4242658615,0
1160,47.183904171,51.4430727959,3
1161,47.1974389553,51.4565269947,3
1162,47.209676981,51.4673759937,3
1163,47.2223801613,51.4844059944,3
1164,47.2354390621,51.4948449135,3
1165,47.2475190163,51.507835865,3
1166,47.2595369816,51.5216748714,3
1167,47.2717411518,51.5294108391,3
1168,47.2836070061,51.5423448086,3
1169,47.2954549789,51.5542500019,3
1170,47.3072640896,51.5654759407,3
1171,47.3190820217,51.5776278973,3
1172,47.3311259747,51.5907030106,3
1173,47.3433489799,51.6018209457,3
1174,47.3553631306,51.6136469841,3
1175,47.3670270443,51.6259458065,3
1176,47.3826949596,51.6427710056,3
1177,47.3958499432,51.65426898,3
1178,47.4076559544,51.6709208488,3
1179,47.4230310917,51.6813619137,3
1180,47.4377269745,51.7025289536,3
1181,47.4504420757,51.7093429565,3
1182,47.4633009434,51.723115921,3
1183,47.4766130447,51.7356438637,3
1184,47.4886300564,51.7465209961,3
1185,47.5008561611,51.7586629391,3
1186,47.513010025,51.7748138905,3
1187,47.5335569382,51.7920458317,3
1188,47.5452160835,51.8029949665,3
1189,47.5567951202,51.8197219372,3
1190,47.5684921741,51.8299388885,3
1191,47.5803060532,51.8382217884,3
1192,47.5954041481,51.8531389236,3
1193,47.6073379517,51.8651738167,3
1194,47.6198410988,51.878718853,3
1195,47.633728981,51.8920378685,3
1196,47.645483017,51.917568922,3
1197,47.6576139927,51.9184439182,3
1198,47.6699969769,51.9279859066,3
1199,47.6818389893,51.9461228848,3
1200,47.6940231323,51.9535570145,3
1201,47.7064940929,51.9649078846,3
1202,47.7181191444,51.9766578674,3
1203,47.7301211357,51.9891498089,3
1204,47.7421939373,52.0008199215,3
1205,47.7541069984,52.0129849911,3
1206,47.7659170628,52.024050951,3
1207,47.7778830528,52.0382750034,3
1208,47.7908191681,52.0494248867,3
1209,47.8039550781,52.0632658005,3
1210,47.8166770935,52.0776669979,3
1211,47.8289980888,52.090408802,3
1212,47.8442189693,52.113380909,3
1213,47.8594551086,52.118131876,3
1214,47.8709950447,52.1289598942,3
1215,47.8838810921,52.1427698135,3
1216,47.8959901333,52.1558499336,3
1217,47.909168005,52.1702950001,3
1218,47.9210579395,52.1789448261,3
1219,47.9362089634,52.1944348812,3
1220,47.948292017,52.2066338062,1
1221,47.9602510929,52.2221739292,1
1222,47.9727561474,52.2360289097,1
1223,47.9899990559,52.2499928474,1
1224,48.002022028,52.2615599632,1
1225,48.0173821449,52.2815208435,1
1226,48.029364109,52.2925798893,1
1227,48.0419311523,52.2998018265,1
1228,48.0574321747,52.3206617832,1
1229,48.0713691711,52.3307309151,1
1230,48.08396101,52.3450348377,1
1231,48.0990941525,52.3568129539,1
1232,48.110804081,52.3693418503,1
1233,48.1326439381,52.3918159008,1
1234,48.1447560787,52.4049108028,1
1235,48.1579780579,52.4159369469,1
1236,48.1696629524,52.4317879677,1
1237,48.1846680641,52.4479877949,1
1238,48.1990981102,52.4580128193,1
1239,48.2170040607,52.4794499874,1
1240,48.2288429737,52.4868519306,1
1241,48.2424471378,52.5003049374,1
1242,48.2560801506,52.5141689777,1
1243,48.2683861256,52.5283429623,1
1244,48.2805020809,52.5392639637,1
1245,48.2931051254,52.5515568256,1
1246,48.3057560921,52.5641648769,1
1247,48.3177421093,52.5759580135,1
1248,48.3297259808,52.5884819031,1
1249,48.3449680805,52.6056849957,1
1250,48.3569619656,52.6157798767,1
1251,48.3692481518,52.6271209717,1
1252,48.3827321529,52.6409947872,1
1253,48.3944840431,52.6523759365,1
1254,48.4068131447,52.6650168896,1
1255,48.4197511673,52.67816782,1
1256,48.4317641258,52.6903309822,1
1257,48.4439740181,52.7037448883,1
1258,48.4601311684,52.7180509567,1
1259,48.4741411209,52.7321929932,1
1260,48.4869470596,52.7454907894,1
1261,48.4997420311,52.7587268353,1
1262,48.5140471458,52.7723088264,1
1263,48.526072979,52.7846908569,1
1264,48.5398261547,52.7979998589,1
1265,48.5545799732,52.813439846,1
1266,48.5665409565,52.8246889114,1
1267,48.5817689896,52.8402869701,1
1268,48.5950939655,52.8545908928,1
1269,48.6077070236,52.8658399582,1
1270,48.6202890873,52.8789458275,1
1271,48.6318049431,52.8918998241,3
1272,48.6464469433,52.908246994,3
1273,48.6594309807,52.9175198078,3
1274,48.6739859581,52.9328799248,3
1275,48.6863470078,52.9450387955,3
1276,48.6982631683,52.9559299946,3
1277,48.7101020813,52.9692759514,3
1278,48.7240941525,52.9824459553,3
1279,48.7363879681,52.9952609539,3
1280,48.7498049736,53.009365797,3
1281,48.7639930248,53.0284018517,3
1282,48.7780530453,53.0402438641,3
1283,48.7946240902,53.0524048805,3
1284,48.8072299957,53.0649278164,3
1285,48.8188650608,53.0765609741,3
1286,48.8305830956,53.0884988308,3
1287,48.8453969955,53.1036479473,3
1288,48.8591711521,53.1172668934,3
1289,48.8715901375,53.1300230026,3
1290,48.8900949955,53.1485068798,3
1291,48.9021949768,53.1603169441,3
1292,48.9140660763,53.1723349094,3
1293,48.9259419441,53.1843860149,3
1294,48.9382390976,53.1970908642,3
1295,48.950248003,53.2081558704,3
1296,48.9627211094,53.2222549915,3
1297,48.9760150909,53.2342169285,3
1298,48.98954916,53.2480049133,3
1299,49.0034511089,53.2611479759,3
1300,49.0164921284,53.2813580036,3
1301,49.0282239914,53.2883868217,3
1302,49.0414910316,53.299934864,3
1303,49.0529849529,53.3121778965,3
1304,49.0646181107,53.3323259354,3
1305,49.0791330338,53.3372519016,3
1306,49.0922510624,53.3519489765,3
1307,49.1055600643,53.3639500141,3
1308,49.1177411079,53.3761408329,3
1309,49.130439043,53.3890299797,3
1310,49.142277956,53.4008939266,3
1311,49.1552491188,53.4143798351,3
1312,49.16781497,53.4254457951,3
1313,49.179461956,53.4439828396,3
1314,49.1951229572,53.4534978867,3
1315,49.2068109512,53.4650249481,3
1316,49.2184720039,53.4848217964,3
1317,49.2303919792,53.493270874,3
1318,49.2424390316,53.5013179779,3
1319,49.2542569637,53.5148818493,3
1320,49.265941143,53.5281028748,3
1321,49.2779011726,53.5384478569,3
1322,49.2907271385,53.5510118008,1
1323,49.304320097,53.5666539669,1
1324,49.3164670467,53.5746519566,1
1325,49.3285300732,53.593585968,1
1326,49.3407161236,53.6041858196,1
1327,49.3529090881,53.6191339493,1
1328,49.3651959896,53.6245648861,1
1329,49.377710104,53.6401708126,1
1330,49.3898911476,53.6484208107,1
1331,49.4019420147,53.6613459587,1
1332,49.4142141342,53.6777868271,1
1333,49.4281871319,53.6905579567,1
1334,49.442841053,53.705026865,1
1335,49.4553129673,53.7146029472,1
1336,49.4682719707,53.7277479172,1
1337,49.4819879532,53.7405757904,1
1338,49.4939131737,53.7522919178,1
1339,49.5056970119,53.7639598846,1
1340,49.5177960396,53.7784838676,1
1341,49.532348156,53.7939288616,1
1342,49.5442180634,53.8029799461,1
1343,49.5560729504,53.81407094,1
1344,49.5678510666,53.8318510056,1
1345,49.5797660351,53.8379948139,1
1346,49.5918681622,53.8516938686,1
1347,49.6059131622,53.864648819,1
1348,49.6177010536,53.8805749416,1
1349,49.6295681,53.8883118629,1
1350,49.6415269375,53.8998379707,1
1351,49.6541111469,53.9196507931,1
1352,49.6669890881,53.928123951,1
1353,49.6803171635,53.9478549957,1
1354,49.6925289631,53.9603757858,1
1355,49.706840992,53.9738838673,1
1356,49.7234799862,53.9823918343,1
1357,49.7352881432,53.9969329834,1
1358,49.7473940849,54.0096628666,1
1359,49.7606630325,54.0204548836,1
1360,49.7737879753,54.0322058201,1
1361,49.7859799862,54.0494868755,1
1362,49.7990889549,54.0568799973,1
1363,49.8111000061,54.0719180107,1
1364,49.8227930069,54.0827589035,1
1365,49.8374929428,54.096326828,1
1366,49.85070014,54.1100759506,1
1367,49.8645319939,54.1264219284,1
1368,49.8765060902,54.1401968002,1
1369,49.8888111115,54.1545829773,1
1370,49.9010410309,54.1594679356,1
1371,49.9136221409,54.1739749908,1
1372,49.9255559444,54.1882967949,1
1373,49.9405751228,54.1994738579,1
1374,57.9657270908,62.2241959572,2
1375,57.9778370857,62.2371988297,2
1376,57.9898200035,62.2478029728,2
1377,58.0016629696,62.2620840073,2
1378,58.013764143,62.2730197906,2
1379,58.0260620117,62.2856578827,2
1380,58.0383851528,62.3000049591,2
1381,58.0560879707,62.3150818348,2
1382,58.0725271702,62.3314788342,2
1383,58.084512949,62.3426339626,2
1384,58.097807169,62.3562037945,2
1385,58.116820097,62.3757498264,2
1386,58.134180069,62.39483881,2
1387,58.1476449966,62.4104349613,2
1388,58.1641819477,62.42223382,2
1389,58.1780900955,62.4468479156,2
1390,58.1898789406,62.4497199059,2
1391,58.2016570568,62.4596219063,2
1392,58.2133979797,62.4753828049,2
1393,58.2277629375,62.4858047962,2
1394,58.2395679951,62.4972088337,2
1395,58.2513179779,62.5147199631,2
1396,58.2631621361,62.5202848911,2
1397,58.276168108,62.535214901,2
1398,58.2884171009,62.5475080013,2
1399,58.3015570641,62.5604929924,2
1400,58.3141469955,62.5727639198,2
1401,58.3281209469,62.5866248608,2
1402,58.3413431644,62.6016018391,2
1403,58.3540780544,62.6134488583,2
1404,58.3670461178,62.6251699924,2
1405,58.3786430359,62.6363449097,2
1406,58.3916990757,62.649643898,2
1407,58.4043459892,62.6626849174,2
1408,58.4222259521,62.681787014,2
1409,58.4347651005,62.6942958832,2
1410,58.446805954,62.7060039043,2
1411,58.4585630894,62.7175788879,2
1412,58.4702451229,62.7283658981,2
1413,58.4820430279,62.7401709557,2
1414,58.4939701557,62.7544457912,2
1415,58.5079369545,62.7681319714,2
1416,58.5206100941,62.7785358429,2
1417,58.533326149,62.7919328213,2
1418,58.5452389717,62.8044388294,2
1419,58.5578081608,62.8161900043,2
1420,58.5713291168,62.8292989731,2
1421,58.5841469765,62.843225956,2
1422,58.5964651108,62.8544929028,2
1423,58.6084280014,62.86637187,2
1424,58.620800972,62.8862760067,2
1425,58.6386370659,62.8968479633,2
1426,58.6509110928,62.9086449146,2
1427,58.6629550457,62.9258499146,2
1428,58.678164959,62.9369089603,2
1429,58.6906290054,62.9485938549,2
1430,58.7024979591,62.960449934,2
1431,58.7144341469,62.9756698608,2
1432,58.7263641357,62.9860289097,2
1433,58.7383191586,62.9971139431,2
1434,58.7505159378,63.00857687,0
1435,58.7623651028,63.0203328133,0
1436,58.7741971016,63.0332717896,0
1437,58.7860109806,63.0503869057,0
1438,58.7980489731,63.0615417957,0
1439,58.8100380898,63.0682787895,0
1440,58.8223500252,63.0809988976,0
1441,58.8347661495,63.0942668915,0
1442,58.8467719555,63.1053898335,0
1443,58.8585190773,63.1167387962,0
1444,58.8702330589,63.1294248104,0
1445,58.8849849701,63.1445968151,0
1446,58.8973610401,63.1600348949,0
1447,58.9094741344,63.1675097942,0
1448,58.92258811,63.1811628342,0
1449,58.9344520569,63.1922128201,0
1450,58.9479551315,63.2075889111,0
1451,58.9608609676,63.221724987,0
1452,58.9746220112,63.2331588268,0
1453,58.988120079,63.2458059788,0
1454,59.0007491112,63.2586557865,0
1455,59.0127160549,63.2803177834,0
1456,59.0333399773,63.2971458435,0
1457,59.0450611115,63.3035237789,0
1458,59.0570321083,63.3157188892,0
1459,59.0685861111,63.3280107975,0
1460,59.081510067,63.339389801,0
1461,59.0942800045,63.35252285,0
1462,59.1061661243,63.365601778,0
1463,59.1179161072,63.3768827915,0
1464,59.1299049854,63.3894159794,0
1465,59.1436650753,63.4022879601,0
1466,59.1556129456,63.4203398228,0
1467,59.1712970734,63.4289219379,0
1468,59.1854960918,63.4438798428,0
1469,59.1997430325,63.4585468769,0
1470,59.2119030952,63.4708228111,0
1471,59.2239980698,63.4839727879,0
1472,59.2390060425,63.5018889904,0
1473,59.253180027,63.5116038322,0
1474,59.2654700279,63.5234107971,0
1475,59.2774889469,63.5363149643,0
1476,59.2895710468,63.5485758781,0
1477,59.3018741608,63.567707777,0
1478,59.3142740726,63.576941967,0
1479,59.3284010887,63.5866990089,0
1480,59.3403460979,63.5998799801,0
1481,59.3540971279,63.6125428677,0
1482,59.3701570034,63.6295340061,0
1483,59.3850150108,63.6440010071,0
1484,59.3981060982,63.6578769684,0
1485,59.4122490883,63.6718738079,0
1486,59.4258699417,63.6835138798,0
1487,59.4390881062,63.6966438293,0
1488,59.4522769451,63.7098879814,0
1489,67.4687831402,71.7265949249,3
1490,67.4803380966,71.7395370007,3
1491,67.4920649529,71.7505369186,3
1492,67.5037920475,71.7630968094,3
1493,67.5163090229,71.7765729427,3
1494,67.5299930573,71.7891089916,3
1495,67.5427851677,71.801845789,3
1496,67.5551030636,71.8140449524,3
1497,67.5683190823,71.8260200024,3
1498,67.5799410343,71.8401639462,3
1499,67.5922811031,71.8569560051,3
1500,67.6043679714,71.8626937866,3
1501,67.6167781353,71.8762509823,3
1502,67.6298019886,71.8894298077,3
1503,67.6419680119,71.9005289078,3
1504,67.6541640759,71.9152429104,3
1505,67.6663720608,71.9243369102,3
1506,67.6842429638,71.9457240105,3
1507,67.6990790367,71.9571838379,3
1508,67.7135670185,71.9715228081,3
1509,67.7266590595,71.9884548187,3
1510,67.7412099838,71.999778986,3
1511,67.7533979416,72.0114779472,3
1512,67.7676539421,72.026059866,3
1513,67.7801830769,72.03875494,3
1514,67.7925720215,72.0536789894,3
1515,67.8063521385,72.0710978508,3
1516,67.8210580349,72.0834848881,3
1517,67.8354070187,72.0939979553,3
1518,67.8491721153,72.1070718765,3
1519,67.8611030579,72.1203918457,3
1520,67.8727200031,72.1316759586,3
1521,67.8879561424,72.1465477943,3
1522,67.9022231102,72.1625568867,3
1523,67.9147760868,72.1722128391,3
1524,67.9284610748,72.1865718365,3
1525,67.9403631687,72.198335886,3
1526,67.9523301125,72.2114679813,3
1527,67.9655761719,72.2235739231,3
1528,67.9775810242,72.2407507896,3
1529,67.9896819592,72.2481369972,3
1530,68.0029301643,72.2670660019,3
1531,68.0169830322,72.2754108906,3
1532,68.0331130028,72.2916259766,3
1533,68.046626091,72.3049168587,3
1534,68.0587050915,72.3220210075,3
1535,68.0706970692,72.3294899464,3
1536,68.082255125,72.3411688805,3
1537,68.0996210575,72.3574719429,3
1538,68.1114430428,72.3691248894,3
1539,68.1253659725,72.3834369183,3
1540,68.1404430866,72.3995919228,3
1541,68.1551260948,72.4144318104,3
1542,68.1702950001,72.4294779301,3
1543,68.1823740005,72.4407048225,3
1544,68.1944580078,72.4527299404,3
1545,68.2068619728,72.4647037983,3
1546,68.2188739777,72.476749897,3
1547,68.2308189869,72.4890840054,3
1548,68.2460961342,72.5070300102,1
1549,68.2586109638,72.5164999962,1
1550,68.2724399567,72.5355958939,1
1551,68.2861750126,72.5452017784,1
1552,68.298623085,72.5567719936,1
1553,68.310860157,72.5705139637,1
1554,68.3226881027,72.5843977928,1
1555,68.3381400108,72.6008479595,1
1556,68.3544461727,72.6121909618,1
1557,68.3675341606,72.625264883,1
1558,68.37946105,72.6380078793,1
1559,68.3911390305,72.6488249302,1
1560,68.4040551186,72.6710968018,1
1561,68.4179971218,72.6767399311,1
1562,68.4299061298,72.6903698444,1
1563,68.4475650787,72.706597805,1
1564,68.4595551491,72.7170569897,1
1565,68.4713361263,72.7292308807,1
1566,68.4832861423,72.7411007881,1
1567,68.4961781502,72.754999876,1
1568,68.5082120895,72.7676718235,1
1569,68.5205280781,72.780176878,1
1570,68.5327761173,72.7924599648,1
1571,68.5449681282,72.8033118248,1
1572,68.5595099926,72.8182218075,1
1573,68.5718581676,72.8303718567,1
1574,68.5836570263,72.8413538933,1
1575,68.5960581303,72.8544199467,1
1576,68.6116080284,72.8694698811,1
1577,68.6236701012,72.8906018734,1
1578,68.6358640194,72.8944249153,1
1579,68.6495890617,72.9075579643,1
1580,68.6632061005,72.9235639572,1
1581,68.6759769917,72.9356529713,1
1582,68.6894450188,72.9476108551,1
1583,68.7021710873,72.960080862,1
1584,68.7160770893,72.9748558998,1
1585,68.7284719944,72.9863688946,1
1586,68.7432410717,73.0012159348,1
1587,68.7557549477,73.0163619518,1
1588,68.7720501423,73.0302248001,1
1589,68.7848081589,73.0441129208,1
1590,68.7975950241,73.0562038422,1
1591,68.8099019527,73.0679419041,1
1592,68.8220529556,73.0800428391,1
1593,68.8339300156,73.0916528702,1
1594,68.8457741737,73.1077919006,1
1595,68.8631031513,73.1232998371,1
1596,68.8755190372,73.137488842,1
1597,68.8875231743,73.1452028751,1
1598,68.8994679451,73.1575238705,1
1599,68.9126811028,73.1722028255,1
1600,76.9306781292,81.1896388531,2
1601,76.9426670074,81.2025649548,2
1602,76.9560821056,81.2149097919,2
1603,76.9697029591,81.2294929028,2
1604,76.9821090698,81.24066782,2
1605,76.9945280552,81.2527298927,2
1606,77.0070641041,81.268709898,2
1607,77.0194909573,81.2783868313,2
1608,77.0320360661,81.2902479172,2
1609,77.0445160866,81.3026750088,2
1610,77.0566980839,81.3183608055,2
1611,77.0687551498,81.3270828724,2
1612,77.0807220936,81.3390789032,2
1613,77.0923571587,81.3544027805,2
1614,77.104434967,81.3675839901,2
1615,77.116024971,81.3750529289,2
1616,77.1281399727,81.3883988857,2
1617,77.1401939392,81.3985729218,2
1618,77.1533930302,81.4130079746,2
1619,77.1656601429,81.4257249832,2
1620,77.1777529716,81.4396398067,2
1621,77.1902570724,81.4483668804,2
1622,77.2026309967,81.4605238438,2
1623,77.215075016,81.4731018543,2
1624,77.2281069756,81.4912838936,2
1625,77.2401380539,81.4979288578,2
1626,77.2520020008,81.5157518387,2
1627,77.2651691437,81.5235569477,2
1628,77.2775831223,81.5462729931,2
1629,77.2937030792,81.5522968769,2
1630,77.3066921234,81.5644547939,2
1631,77.3205821514,81.5794658661,2
1632,77.3326070309,81.59035182,2
1633,77.3451759815,81.6068918705,2
1634,77.3572831154,81.6169199944,2
1635,77.3690440655,81.6276028156,2
1636,77.3815801144,81.6470198631,2
1637,77.3936419487,81.6519668102,2
1638,77.4062850475,81.6655879021,2
1639,77.418172121,81.676571846,2
1640,77.4305641651,81.6883358955,2
1641,77.4440670013,81.7059779167,2
1642,77.4565250874,81.7148787975,2
1643,77.4691531658,81.7274949551,2
1644,77.483189106,81.7411289215,2
1645,77.4966111183,81.7546999454,2
1646,77.5085520744,81.7676408291,2
1647,77.5209560394,81.7790138721,2
1648,77.5330150127,81.7906968594,2
1649,77.5468659401,81.8073728085,2
1650,77.5591101646,81.8225679398,2
1651,77.5710711479,81.8323998451,2
1652,77.5827169418,81.8413558006,2
1653,77.594326973,81.8530199528,2
1654,77.6060979366,81.8650248051,2
1655,77.6198961735,81.87951684,2
1656,77.6338820457,81.8926279545,2
1657,77.6489140987,81.9087188244,2
1658,77.6610980034,81.9254069328,0
1659,77.6811821461,81.9399929047,0
1660,77.6935870647,81.9528288841,0
1661,77.7059440613,81.9659759998,0
1662,77.7197811604,81.9877479076,0
1663,77.731621027,81.9917128086,0
1664,77.7434461117,82.0032508373,0
1665,77.7553770542,82.0149319172,0
1666,77.767334938,82.0273249149,0
1667,77.7797710896,82.0388038158,0
1668,77.7921111584,82.051984787,0
1669,77.8049530983,82.0633029938,0
1670,77.8203289509,82.0789499283,0
1671,77.8322529793,82.0921549797,0
1672,77.8440799713,82.1040599346,0
1673,77.8557260036,82.1186327934,0
1674,77.8678851128,82.1271419525,0
1675,77.8796589375,82.1417229176,0
1676,77.8950719833,82.1539978981,0
1677,77.9069180489,82.1649057865,0
1678,77.9187250137,82.1770458221,0
1679,77.9316670895,82.1909008026,0
1680,77.9443070889,82.2045447826,0
1681,77.9562549591,82.2178139687,0
1682,77.9690711498,82.2277538776,0
1683,77.9813120365,82.2400949001,0
1684,77.9936020374,82.2521319389,0
1685,78.0065600872,82.2651319504,0
1686,78.0187580585,82.2764399052,0
1687,78.0304210186,82.29302001,0
1688,78.0445671082,82.3027448654,0
1689,78.0596489906,82.3247408867,0
1690,78.0714221001,82.3307979107,0
1691,78.0870380402,82.3452188969,0
1692,78.0991470814,82.3576929569,0
1693,78.1108810902,82.368696928,0
1694,78.1239459515,82.3879849911,0
1695,78.1358790398,82.3965787888,0
1696,78.1477849483,82.4071087837,0
1697,78.1604020596,82.4212198257,0
1698,78.1749739647,82.4374089241,0
1699,78.1893000603,82.4511978626,0
1700,78.2030820847,82.4614598751,0
1701,78.2150011063,82.4734408855,0
1702,78.2269539833,82.4848909378,0
1703,78.2386250496,82.4968788624,0
1704,78.2509829998,82.5104589462,0
1705,78.2627871037,82.5205760002,0
1706,78.2789130211,82.5375449657,0
1707,78.2903029919,82.5478429794,0
1708,78.3021891117,82.5605909824,0
1709,78.3137700558,82.5750458241,0
1710,78.3256130219,82.5840489864,0
1711,78.3375160694,82.7645378113,2
1712,78.3520829678,82.7654128075,2
1713,78.3672339916,82.7662229538,2
1714,78.3791530132,82.7670040131,2
1715,78.3920941353,82.767993927,2
1716,78.4042830467,82.7687649727,2
1717,78.417112112,82.7695379257,2
1718,78.4321479797,82.7702889442,2
1719,78.4443719387,82.7710449696,2
1720,78.4561669827,82.7717678547,2
1721,78.4717080593,82.7725389004,2
1722,78.485640049,82.7834098339,2
1723,78.4974460602,82.7849559784,2
1724,78.5116381645,82.7885529995,2
1725,78.5243239403,82.7906739712,2
1726,78.536206007,82.7952718735,2
1727,78.5504641533,82.812994957,2
1728,78.5635631084,82.8214468956,2
1729,78.575576067,82.8333158493,2
1730,78.5882329941,82.8460409641,2
1731,78.6000421047,82.8611638546,2
1732,78.6115350723,82.8717119694,2
1733,78.6231069565,82.8810758591,2
1734,78.6353881359,82.8938679695,2
1735,78.6499860287,82.9082667828,2
1736,78.6619081497,82.9263978004,2
1737,78.6742720604,82.9360330105,2
1738,78.6895000935,82.9470489025,2
1739,78.7017879486,82.9599277973,2
1740,78.7154710293,82.973115921,2
1741,78.7274610996,82.9921329021,2
1742,78.7394380569,82.9970169067,2
1743,78.7514271736,83.008756876,2
1744,78.7691161633,83.0284647942,2
1745,78.7838759422,83.0437319279,2
1746,78.7958631516,83.0605328083,2
1747,78.8093280792,83.0669598579,2
1748,78.8208751678,83.0786218643,2
1749,78.835214138,83.0928459167,2
1750,78.8474600315,83.1051537991,2
1751,78.8592300415,83.1173520088,2
1752,78.8721661568,83.1298348904,2
1753,78.8852479458,83.1430540085,2
1754,78.8969061375,83.1548359394,2
1755,78.9085769653,83.168353796,2
1756,78.9203259945,83.1790349483,2
1757,78.935434103,83.1937558651,2
1758,78.9490859509,83.2082309723,2
1759,78.9611990452,83.2199108601,2
1760,78.9746849537,83.2398428917,2
1761,78.9871590137,83.2461268902,0
1762,78.9996049404,83.2596418858,0
1763,79.0120820999,83.2716379166,0
1764,79.0248970985,83.2874388695,0
1765,79.0372891426,83.3017508984,0
1766,79.0504741669,83.3122358322,0
1767,79.0623960495,83.3294818401,0
1768,79.0759210587,83.335695982,0
1769,79.088037014,83.3474199772,0
1770,79.1000111103,83.3638138771,0
1771,79.1126260757,83.3726768494,0
1772,79.1250040531,83.3824038506,0
1773,79.137032032,83.3959097862,0
1774,79.1501860619,83.410394907,0
1775,79.1623680592,83.4219968319,0
1776,79.1754560471,83.4426229,0
1777,79.1884980202,83.4483408928,0
1778,79.2015149593,83.4621179104,0
1779,79.2136170864,83.4733338356,0
1780,79.2266700268,83.4938178062,0
1781,79.2395510674,83.4987668991,0
1782,79.2523131371,83.5194718838,0
1783,79.2695839405,83.531113863,0
1784,79.2822730541,83.5484819412,0
1785,79.2993199825,83.5580689907,0
1786,79.3112821579,83.5744729042,0
1787,79.3258280754,83.5899488926,0
1788,79.3380560875,83.5959408283,0
1789,79.3498790264,83.609484911,0
1790,79.3619000912,83.6239948273,0
1791,79.3736541271,83.6343109608,0
1792,79.3863110542,83.6471610069,0
1793,79.3985590935,83.656471014,0
1794,79.4109151363,83.6697468758,0
1795,79.4233119488,83.6813368797,0
1796,79.4352631569,83.694893837,0
1797,79.4493429661,83.7112748623,0
1798,79.4617660046,83.7208919525,0
1799,79.4741051197,83.7441968918,0
1800,79.4874060154,83.7489759922,0
1801,79.5013520718,83.7632539272,0
1802,79.5130190849,83.7779409885,0
1803,79.5253491402,83.7827939987,0
1804,79.5369541645,83.7951529026,0
1805,79.5489931107,83.8113758564,0
1806,79.5651631355,83.8280968666,0
1807,79.577324152,83.8354458809,0
1808,79.5894730091,83.8474638462,0
1809,79.6015980244,83.8654689789,0
1810,79.6137039661,83.8725788593,0
1811,79.6255500317,83.8920838833,0
1812,79.6393270493,83.8983118534,0
1813,79.6542141438,83.9145619869,2
1814,79.6665949821,83.9285919666,2
1815,79.6790881157,83.9389538765,2
1816,79.6911649704,83.9528889656,2
1817,79.7034580708,83.9627130032,2
1818,79.71591115,83.9793667793,2
1819,79.7280499935,83.9948949814,2
1820,79.7401561737,83.9996168613,2
1821,79.7523450851,84.0109488964,2
1822,79.7647199631,84.0266618729,2
1823,79.7768781185,84.0356957912,2
1824,79.7893240452,84.0503978729,2
1825,79.8028481007,84.0620667934,2
1826,79.8150560856,84.0792629719,2
1827,79.8274099827,84.0880289078,2
1828,79.8396749496,84.1075959206,2
1829,79.8518140316,84.1145048141,2
1830,79.8643169403,84.1258018017,2
1831,79.8765590191,84.1366789341,2
1832,79.8886671066,84.1489038467,2
1833,79.900673151,84.1587059498,2
1834,79.9127409458,84.1730020046,2
1835,79.9249949455,84.1853640079,2
1836,79.937759161,84.1999139786,2
1837,79.9497740269,84.2138187885,2
1838,79.9617450237,84.2204129696,2
1839,79.9737410545,84.2372457981,2
1840,79.9868600368,84.2456037998,2
1841,79.9990949631,84.2646567822,2
1842,80.0119781494,84.2702908516,2
1843,80.0238540173,84.2822659016,2
1844,80.0355370045,84.2956888676,2
1845,80.0496101379,84.309322834,2
1846,80.0649781227,84.3308279514,2
1847,80.0768239498,84.3454909325,2
1848,80.0943510532,84.3593738079,2
1849,80.1059291363,84.3674399853,2
1850,80.1175949574,84.3797547817,2
1851,80.1290950775,84.3919198513,2
1852,80.1419651508,84.402700901,2
1853,80.1539800167,84.4153578281,2
1854,80.1661820412,84.4300849438,2
1855,80.179516077,84.4461708069,2
1856,80.1913599968,84.4566328526,2
1857,80.2075541019,84.4774320126,2
1858,80.2203121185,84.4833219051,2
1859,80.2324590683,84.4919168949,2
1860,80.2445721626,84.5029809475,2
1861,80.2564570904,84.5242638588,2
1862,80.2683880329,84.530823946,2
1863,80.2847070694,84.5434529781,2
1864,80.2971279621,84.5554208755,2
1865,80.3092670441,84.5781979561,2
1866,80.3225190639,84.5809938908,2
1867,80.3348829746,84.5925347805,2
1868,80.3470339775,84.6078829765,0
1869,80.3595890999,84.6178958416,0
1870,80.3727180958,84.6310927868,0
1871,80.3845779896,84.6463758945,0
1872,80.3970711231,84.6573698521,0
1873,80.4090299606,84.6708698273,0
1874,80.4222011566,84.6810209751,0
1875,80.4373271465,84.6959679127,0
1876,80.4497201443,84.7112438679,0
1877,80.461687088,84.7203829288,0
1878,80.4764299393,84.7445018291,0
1879,80.4910299778,84.7489509583,0
1880,80.5030090809,84.7616128922,0
1881,80.5166010857,84.7775888443,0
1882,80.529736042,84.7896299362,0
1883,80.5418140888,84.8039097786,0
1884,80.5555920601,84.8152639866,0
1885,80.5677850246,84.8275029659,0
1886,80.5800120831,84.8384389877,0
1887,80.5928010941,84.8533778191,0
1888,80.6047310829,84.8643219471,0
1889,80.616245985,84.8743658066,0
1890,80.6280400753,84.8859419823,0
1891,80.6399140358,84.901088953,0
1892,80.6549990177,84.9128878117,0
1893,80.6668951511,84.9310379028,0
1894,80.6840901375,84.9478960037,0
1895,80.6956119537,84.9618878365,0
1896,80.7074429989,84.9701678753,0
1897,80.7197930813,84.9782178402,0
1898,80.7318770885,84.9968268871,0
1899,80.7437610626,85.0026059151,0
1900,80.7552289963,85.0132768154,0
1901,80.7681059837,85.0301179886,0
1902,80.7803320885,85.0401887894,0
1903,80.7921340466,85.0502789021,0
1904,80.8039250374,85.0628149509,0
1905,80.8157081604,85.0761759281,0
1906,80.8274290562,85.0911478996,0
1907,80.8396191597,85.0984699726,0
1908,80.85187006,85.1114399433,0
1909,80.8639221191,85.1218459606,0
1910,80.876404047,85.1373717785,0
1911,80.8897230625,85.1484088898,0
1912,80.901455164,85.1608588696,0
1913,80.9141039848,85.1767289639,0
1914,80.926607132,85.1923937798,0
1915,80.9406261444,85.198584795,0
1916,80.9557919502,85.2230319977,0
1917,80.9681811333,85.228042841,0
1918,80.9797270298,85.2469267845,2
1919,80.9916751385,85.2516458035,2
1920,81.0053789616,85.2633500099,2
1921,81.0175039768,85.2778749466,2
1922,81.0298399925,85.2883319855,2
1923,81.0427210331,85.3018097878,2
1924,81.0575430393,85.3160789013,2
1925,81.0692391396,85.3317918777,2
1926,81.0810921192,85.3390109539,2
1927,81.0987911224,85.3662807941,2
1928,81.1118321419,85.3701229095,2
1929,81.123789072,85.3838617802,2
1930,81.1379239559,85.3987429142,2
1931,81.1525759697,85.4119529724,2
1932,81.1642420292,85.4266309738,2
1933,81.1840190887,85.4411919117,2
1934,81.1957941055,85.4555318356,2
1935,81.2079019547,85.4660818577,2
1936,81.2211241722,85.4801149368,2
1937,81.2349100113,85.4964199066,2
1938,81.2465929985,85.5053808689,2
1939,81.260226965,85.5196628571,2
1940,81.2732551098,85.5328469276,2
1941,81.2904479504,85.5532939434,2
1942,81.3056850433,85.5651288033,2
1943,81.318762064,85.5804870129,2
1944,81.3313679695,85.5931918621,2
1945,81.3435571194,85.60201478,2
1946,81.3552320004,85.6140480042,2
1947,81.366765976,85.6275799274,2
1948,81.3784320354,85.6388199329,2
1949,81.3914561272,85.6530849934,2
1950,81.404061079,85.661593914,2
1951,81.4188449383,85.68166399,2
1952,81.4305250645,85.6879827976,2
1953,81.4420399666,85.7059350014,2
1954,81.4543540478,85.7137129307,2
1955,81.46656394,85.7269389629,2
1956,81.4792251587,85.7469987869,2
1957,81.4911720753,85.759308815,2
1958,81.5050580502,85.7632718086,2
1959,81.5194070339,85.7774298191,2
1960,81.5324990749,85.7914009094,2
1961,81.544077158,85.8022959232,2
1962,81.5570940971,85.8148260117,2
1963,81.5706679821,85.8310489655,2
1964,81.5820679665,85.8414299488,2
1965,81.59446311,85.862046957,2
1966,81.6072390079,85.867800951,2
1967,81.6186001301,85.8803608418,2
1968,81.6320610046,85.894233942,2
1969,81.6441540718,85.9032618999,2
1970,81.6565630436,85.9146049023,2
1971,81.6697759628,85.9301979542,2
1972,81.6816151142,85.9430339336,2
1973,81.6976130009,85.9564487934,2
1974,81.7101171017,85.9671649933,2
1975,81.7217130661,85.9821519852,2
1976,81.7357749939,85.9978148937,2
1977,81.747615099,86.0055968761,2
1978,81.7592890263,86.0180678368,0
1979,81.7709679604,86.0299129486,0
1980,81.7832241058,86.0418059826,0
1981,81.7962889671,86.0569458008,0
1982,81.8097190857,86.0706129074,0
1983,81.8240301609,86.0833280087,0
1984,81.8363389969,86.0960998535,0
1985,81.8480911255,86.1105749607,0
1986,81.8609671593,86.1308679581,0
1987,81.8852641582,86.1443889141,0
1988,81.8973939419,86.1629748344,0
1989,81.9113230705,86.1758749485,0
1990,81.9235711098,86.181607008,0
1991,81.9352350235,86.1959609985,0
1992,81.948166132,86.2085618973,0
1993,81.9621441364,86.2216329575,0
1994,81.9792711735,86.2372767925,0
1995,81.991366148,86.2497229576,0
1996,82.0045211315,86.2681419849,0
1997,82.0161390305,86.274217844,0
1998,82.0281529427,86.2878777981,0
1999,82.0412149429,86.3001189232,0
2000,82.0541050434,86.3124818802,0
