PacketSeqNo,GeneratingTime,ArrivalTime,MulticastIdx
1,0.0020170211792,5.96591496468,1
2,0.0175859928131,5.97390294075,1
3,0.029226064682,5.98626613617,1
4,0.0407810211182,5.99285817146,1
5,0.0524120330811,6.01572608948,1
6,0.0640280246735,6.01841902733,1
7,0.0756270885468,6.02918314934,1
8,0.0872120857239,6.03871703148,1
9,0.0990099906921,6.05758404732,1
10,0.110563993454,6.0671479702,1
11,0.129930973053,6.08738017082,1
12,0.150015115738,6.10702705383,1
13,0.169901132584,6.12736415863,1
14,0.190113067627,6.1525349617,1
15,0.206752061844,6.16807413101,1
16,0.219280004501,6.21100115776,1
17,0.267781972885,6.23240303993,1
18,0.27946305275,6.23705601692,1
19,0.296237945557,6.25848007202,1
20,0.308000087738,6.26222610474,1
21,0.319599151611,6.27410101891,1
22,0.331418991089,6.28395700455,1
23,0.343564987183,6.29974603653,1
24,0.357200145721,6.31467008591,1
25,0.36908197403,6.32028198242,1
26,0.381154060364,6.33839201927,1
27,0.393615961075,6.34670805931,1
28,0.405261039734,6.36414194107,1
29,0.417122125626,6.38049197197,1
30,0.435564994812,6.38683795929,1
31,0.447319030762,6.39796113968,1
32,0.458820104599,6.4200720787,1
33,0.476194143295,6.43850207329,1
34,0.493591070175,6.44639205933,1
35,0.505228996277,6.45677709579,1
36,0.516857147217,6.46992111206,1
37,0.528357982635,6.48356199265,1
38,0.54013299942,6.49608516693,1
39,0.557904958725,6.52035903931,1
40,0.576910972595,6.53009295464,1
41,0.597044944763,6.54895210266,1
42,0.61696100235,6.57107806206,1
43,0.636960029602,6.5912771225,1
44,0.656944990158,6.6090991497,3
45,0.669183015823,6.62047195435,3
46,0.687054157257,6.64030909538,3
47,0.707026004791,6.66451311111,3
48,0.727082967758,6.67941999435,3
49,0.7385430336,6.69839310646,3
50,0.757020950317,6.71063613892,3
51,0.772511959076,6.72419214249,3
52,0.784320116043,6.73693704605,3
53,0.796581983566,6.75438594818,3
54,0.809139966965,6.76192498207,3
55,0.823646068573,6.77415299416,3
56,0.837178945541,6.79128813744,3
57,0.849250078201,6.80479097366,3
58,0.864081144333,6.81789302826,3
59,0.8756711483,6.83197903633,3
60,0.887866020203,6.83830809593,3
61,0.899443149567,6.85568594933,3
62,0.911229133606,6.86757898331,3
63,0.923164129257,6.87722706795,3
64,0.936990976334,6.89127612114,3
65,0.957576036453,6.91280913353,3
66,0.969201087952,6.92017197609,3
67,0.981785058975,6.93460798264,3
68,0.993783950806,6.94646000862,3
69,1.00538706779,6.95682811737,3
70,1.01706600189,6.97520208359,3
71,1.02867007256,6.98409414291,3
72,1.04012298584,6.99326014519,3
73,1.05162811279,7.00263905525,3
74,1.06510996819,7.01588106155,3
75,1.07824897766,7.03697109222,3
76,1.09739398956,7.0498149395,3
77,1.11734199524,7.07229804993,3
78,1.13566398621,7.09059214592,3
79,1.14734315872,7.09915208817,3
80,1.15874314308,7.10907411575,3
81,1.17023801804,7.12168216705,3
82,1.1855840683,7.13683795929,3
83,1.19746017456,7.14842605591,3
84,1.21350717545,7.16917395592,3
85,1.22502708435,7.18184113503,3
86,1.23664617538,7.18864417076,3
87,1.24825000763,7.20125508308,3
88,1.2600979805,7.21481895447,3
89,1.27744412422,7.23429894447,3
90,1.29479694366,7.24976301193,3
91,1.30660796165,7.25752902031,3
92,1.31838798523,7.2751390934,3
93,1.33124995232,7.28665614128,3
94,1.34399104118,7.29710912704,3
95,1.35563015938,7.30842804909,3
96,1.36744809151,7.32030415535,3
97,1.37936806679,7.33195400238,3
98,1.39119815826,7.34571409225,3
99,1.40308117867,7.35560107231,3
100,1.4174580574,7.36943697929,1
101,1.43127298355,7.38441610336,1
102,1.445759058,7.40203595161,1
103,1.45749998093,7.40927004814,1
104,1.46909117699,7.42084908485,1
105,1.48078107834,7.43339014053,1
106,1.49979710579,7.46628594398,1
107,1.51526713371,7.46954417229,1
108,1.52742815018,7.47815299034,1
109,1.54786610603,7.49944806099,1
110,1.56170201302,7.5137360096,1
111,1.57386207581,7.52585911751,1
112,1.58694696426,7.54365301132,1
113,1.59863305092,7.54944205284,1
114,1.61778116226,7.57058501244,1
115,1.63141703606,7.58132505417,1
116,1.64298510551,7.6003370285,1
117,1.65457415581,7.60527896881,1
118,1.66773509979,7.61981415749,1
119,1.6859061718,7.63598799706,1
120,1.69791817665,7.64853715897,1
121,1.71788215637,7.6693789959,1
122,1.73800110817,7.69084405899,1
123,1.75789809227,7.71126198769,1
124,1.77798199654,7.72855114937,1
125,1.79805707932,7.75682401657,1
126,1.81083607674,7.76304507256,1
127,1.8223631382,7.7778570652,1
128,1.83759403229,7.78956413269,1
129,1.85193610191,7.80315208435,1
130,1.86739015579,7.82037401199,1
131,1.87889695168,7.82921099663,1
132,1.89513707161,7.849132061,1
133,1.90688800812,7.86437296867,1
134,1.92168402672,7.87820696831,1
135,1.93508911133,7.8878159523,1
136,1.9471411705,7.89730215073,1
137,1.95868802071,7.9092669487,1
138,1.97027301788,7.92404413223,1
139,1.98780298233,7.93868017197,1
140,2.004114151,7.95696306229,1
141,2.01771903038,7.9696199894,1
142,2.03652501106,7.99051594734,1
143,2.05228304863,8.00587916374,1
144,2.0637691021,8.01673102379,1
145,2.07521510124,8.02593708038,1
146,2.08696699142,8.04076004028,1
147,2.09869217873,8.04889512062,1
148,2.11050200462,8.06209611893,1
149,2.12304902077,8.07633113861,1
150,2.13517904282,8.08816599846,1
151,2.14687108994,8.10352611542,1
152,2.16746807098,8.11857700348,1
153,13.1904690266,19.1578080654,2
154,13.2133331299,19.1637101173,2
155,13.2269690037,19.1783189774,2
156,13.2387030125,19.1888790131,2
157,13.2501921654,19.1999781132,2
158,13.2619040012,19.2144520283,2
159,13.2799341679,19.2315120697,2
160,13.2926239967,19.2575321198,2
161,13.3155660629,19.2751319408,2
162,13.3300759792,19.2847671509,2
163,13.3421270847,19.2927930355,2
164,13.3562500477,19.3098740578,2
165,13.3693139553,19.3199961185,2
166,13.3809111118,19.3310260773,2
167,13.3927500248,19.3491530418,2
168,13.405066967,19.3623900414,2
169,13.4207830429,19.3781220913,2
170,13.4356000423,19.3907420635,2
171,13.4475610256,19.4150221348,2
172,13.4602241516,19.4183790684,2
173,13.4758319855,19.4263391495,2
174,13.4879469872,19.438573122,2
175,13.499669075,19.452559948,2
176,13.5119230747,19.4627270699,2
177,13.5285050869,19.481621027,2
178,13.5405650139,19.5020720959,2
179,13.554500103,19.5058879852,2
180,13.5664291382,19.519963026,2
181,13.5831511021,19.5443389416,2
182,13.6035430431,19.5661289692,2
183,13.621284008,19.5807600021,2
184,13.6362521648,19.5982849598,2
185,13.6484229565,19.62667799,2
186,13.660351038,19.6282000542,2
187,13.6723160744,19.6291480064,2
188,13.6839091778,19.6377379894,2
189,13.6956939697,19.6473481655,2
190,13.7077651024,19.6641199589,2
191,13.7207670212,19.6724221706,2
192,13.732640028,19.6836471558,2
193,13.7442109585,19.7005400658,2
194,13.7575190067,19.7076339722,2
195,13.7691171169,19.7207009792,2
196,13.7891991138,19.7415239811,2
197,13.8023560047,19.7621979713,2
198,13.8173799515,19.7676889896,2
199,13.828840971,19.7802989483,2
200,13.8402841091,19.7925729752,2
201,13.8526279926,19.8058371544,2
202,13.8663890362,19.8202750683,2
203,13.8800480366,19.831608057,2
204,13.8924510479,19.8433129787,2
205,13.9042670727,19.8625791073,2
206,13.9200150967,19.8785469532,2
207,13.9321880341,19.8845939636,0
208,13.9445250034,19.8955709934,0
209,13.9565870762,19.9081470966,0
210,13.9680409431,19.9179079533,0
211,13.9797320366,19.9294061661,0
212,13.9921550751,19.9474160671,0
213,14.0077149868,19.9637589455,0
214,14.0194790363,19.971200943,0
215,14.0376739502,19.9875991344,0
216,14.0503649712,20.0007200241,0
217,14.0622460842,20.0184919834,0
218,14.0778491497,20.0346300602,0
219,14.0922710896,20.0438671112,0
220,14.1062190533,20.0568790436,0
221,14.1207561493,20.0729870796,0
222,14.135322094,20.0881230831,0
223,14.1474089622,20.0989840031,0
224,14.1597821712,20.1124680042,0
225,14.1714839935,20.1224181652,0
226,14.1882619858,20.1417469978,0
227,14.2000761032,20.1507091522,0
228,14.2116219997,20.1665360928,0
229,14.2255260944,20.1768009663,0
230,14.2372419834,20.1876590252,0
231,14.24883008,20.2026910782,0
232,14.2612240314,20.216794014,0
233,14.2746360302,20.2282021046,0
234,14.2883250713,20.2410140038,0
235,14.2998621464,20.2505481243,0
236,14.3114700317,20.26394701,0
237,14.3232171535,20.2766809464,0
238,14.3348500729,20.285159111,0
239,14.3468530178,20.304322958,0
240,14.3620259762,20.3125531673,0
241,14.3737699986,20.3264360428,0
242,14.3853411674,20.3392131329,0
243,14.397010088,20.3601529598,0
244,14.4093260765,20.3616399765,0
245,14.421694994,20.3741159439,0
246,14.4340150356,20.3883430958,0
247,14.4455900192,20.3977820873,0
248,14.4579820633,20.4101829529,0
249,14.469465971,20.4285149574,0
250,14.4896509647,20.4497771263,0
251,14.5064959526,20.457916975,0
252,14.5203750134,20.4711360931,0
253,14.5368549824,20.4874789715,0
254,14.5499081612,20.5026340485,0
255,14.5614910126,20.5181560516,0
256,14.580160141,20.540585041,0
257,14.5937399864,20.5441119671,0
258,14.6074831486,20.5610070229,0
259,14.6238250732,20.5756621361,0
260,14.6354589462,20.5856220722,0
261,14.647395134,20.6005930901,0
262,14.6589560509,20.6138060093,0
263,14.6777629852,20.6295530796,0
264,25.6937739849,31.6454560757,3
265,25.7056651115,31.658272028,3
266,25.7173190117,31.6677019596,3
267,25.7289111614,31.6805739403,3
268,25.7409770489,31.6927609444,3
269,25.7529950142,31.7039699554,3
270,25.7646291256,31.7156550884,3
271,25.7762999535,31.7260789871,3
272,25.7882900238,31.7383129597,3
273,25.8016040325,31.7534580231,3
274,25.8153450489,31.7660419941,3
275,25.8310101032,31.7831830978,3
276,25.842854023,31.7971701622,3
277,25.8547651768,31.8133370876,3
278,25.8685801029,31.8184390068,3
279,25.881991148,31.832419157,3
280,25.8934600353,31.8475210667,3
281,25.9085271358,31.8591630459,3
282,25.9239289761,31.8740620613,3
283,25.9375290871,31.8872981071,3
284,25.9521591663,31.9039959908,3
285,25.9641749859,31.9155640602,3
286,25.9758911133,31.9298050404,3
287,25.9913699627,31.9452619553,3
288,26.0076801777,31.9604179859,3
289,26.0196790695,31.9740409851,3
290,26.0331690311,31.9860100746,3
291,26.0462939739,32.0050251484,3
292,26.0587279797,32.0093021393,3
293,26.0719120502,32.021720171,3
294,26.0840401649,32.0342299938,3
295,26.0988311768,32.0486900806,3
296,26.1103610992,32.0670490265,3
297,26.1227209568,32.0728240013,3
298,26.1355061531,32.0862519741,3
299,26.1478149891,32.0973300934,3
300,26.1609060764,32.113615036,3
301,26.173153162,32.1262960434,3
302,26.1861281395,32.1360471249,3
303,26.1993980408,32.1495070457,3
304,26.2114429474,32.1667239666,3
305,26.2278289795,32.1805570126,3
306,26.2421059608,32.1926600933,3
307,26.2539141178,32.2039880753,3
308,26.2658071518,32.2162370682,3
309,26.277559042,32.228990078,3
310,26.2914950848,32.2479660511,3
311,26.3041701317,32.2558140755,3
312,26.3158471584,32.2660770416,3
313,26.3276941776,32.2835021019,3
314,26.3445920944,32.295156002,3
315,26.3561780453,32.3155529499,3
316,26.3721561432,32.3275461197,3
317,26.3845009804,32.3408231735,3
318,26.3997621536,32.3531811237,3
319,26.4118521214,32.3656470776,3
320,26.4282791615,32.3795490265,3
321,26.4428861141,32.393255949,3
322,26.4556460381,32.4141490459,3
323,26.4704949856,32.4229519367,3
324,26.4821879864,32.4369561672,1
325,26.5008590221,32.4523730278,1
326,26.5142281055,32.4642131329,1
327,26.5262031555,32.4777281284,1
328,26.539000988,32.4903559685,1
329,26.5514061451,32.5075399876,1
330,26.5635311604,32.514991045,1
331,26.5773761272,32.5307180882,1
332,26.5920460224,32.5419299603,1
333,26.6037051678,32.555742979,1
334,26.616601944,32.5694701672,1
335,26.6283290386,32.5794830322,1
336,26.6401591301,32.5936670303,1
337,26.6560270786,32.6083390713,1
338,26.6697511673,32.621265173,1
339,26.6830551624,32.6330859661,1
340,26.6950139999,32.6499969959,1
341,26.7112951279,32.663859129,1
342,26.7281219959,32.680439949,1
343,26.7442030907,32.6968901157,1
344,26.7585940361,32.7099201679,1
345,26.7717750072,32.7221620083,1
346,26.7859520912,32.7425489426,1
347,26.7980241776,32.7501380444,1
348,26.8128430843,32.7710599899,1
349,26.8261620998,32.7786631584,1
350,26.8391251564,32.7893409729,1
351,26.8505630493,32.8050689697,1
352,26.8621439934,32.8141291142,1
353,26.8756210804,32.8279399872,1
354,26.8881499767,32.8408670425,1
355,26.9003620148,32.8520159721,1
356,26.91310215,32.8649170399,1
357,26.9255421162,32.8786449432,1
358,26.9381790161,32.8885569572,1
359,26.9505851269,32.9044370651,1
360,26.9627590179,32.914632082,1
361,26.9775180817,32.931237936,1
362,26.9899511337,32.9422161579,1
363,27.0043020248,32.9597370625,1
364,27.0164310932,32.9732339382,1
365,27.0288510323,32.9793951511,1
366,27.0414199829,32.9933431149,1
367,27.0535430908,33.0041730404,1
368,27.0649721622,33.0212790966,1
369,27.0776171684,33.0352940559,1
370,27.0980989933,33.0496711731,1
371,27.1105511189,33.0624539852,1
372,27.1228611469,33.0781829357,1
373,27.1351001263,33.088050127,1
374,27.1472451687,33.1011240482,1
375,27.1655399799,33.1174740791,1
376,27.177052021,33.1282889843,1
377,27.1887249947,33.1381590366,1
378,27.2005171776,33.1502189636,3
379,27.2129900455,33.1641559601,3
380,27.2278251648,33.1806211472,3
381,27.2407960892,33.1922950745,3
382,27.253287077,33.2092030048,3
383,27.2702190876,33.2222709656,3
384,27.2833800316,33.2339401245,3
385,27.2965970039,33.249423027,3
386,27.3098680973,33.2614660263,3
387,27.3252520561,33.2805211544,3
388,27.3394570351,33.2893810272,3
389,27.351596117,33.3073070049,3
390,27.3639559746,33.3159639835,3
391,27.375772953,33.3326621056,3
392,27.3873460293,33.3371191025,3
393,27.3991780281,33.3524451256,3
394,27.413902998,33.3673901558,3
395,27.4258821011,33.3822419643,3
396,27.438035965,33.3886799812,3
397,27.4507050514,33.4016411304,3
398,27.4681611061,33.4183449745,3
399,27.479735136,33.4295511246,3
400,27.4912970066,33.4447939396,3
401,27.5040211678,33.4540879726,3
402,27.5165669918,33.4665920734,3
403,27.5290551186,33.4790561199,3
404,27.5420150757,33.5062990189,3
405,27.5542371273,33.5113890171,3
406,27.5660531521,33.5232851505,3
407,27.578289032,33.5303061008,3
408,27.5905871391,33.5415241718,3
409,27.602656126,33.5536701679,3
410,27.6146430969,33.5654630661,3
411,27.6265771389,33.5794579983,3
412,27.6405661106,33.5908629894,3
413,27.6543540955,33.6069271564,3
414,27.6673500538,33.6174211502,3
415,27.6806919575,33.6378121376,3
416,27.6926500797,33.6475069523,3
417,27.7053210735,33.656619072,3
418,27.7197740078,33.6719441414,3
419,27.7333979607,33.6862201691,3
420,27.7456231117,33.6979789734,3
421,27.7640910149,33.7142350674,3
422,27.7783601284,33.7296321392,3
423,27.7911441326,33.7494130135,3
424,27.8028559685,33.7536301613,3
425,27.8148391247,33.7649409771,3
426,27.8275310993,33.7792651653,3
427,27.8394651413,33.8022661209,3
428,27.8536131382,33.8037321568,3
429,27.8664801121,33.8201220036,3
430,27.8806681633,33.8330860138,3
431,27.8935821056,33.8451490402,3
432,27.9053339958,33.8553609848,3
433,27.917096138,33.8714561462,3
434,27.9319190979,33.8826019764,3
435,27.943529129,33.8983230591,1
436,27.9558961391,33.906265974,1
437,27.9708650112,33.9270260334,1
438,27.9828209877,33.9345300198,1
439,27.9962010384,33.9507610798,1
440,28.0107650757,33.9645380974,1
441,28.0232000351,33.9787459373,1
442,28.0351371765,33.9853889942,1
443,28.0489909649,34.0036251545,1
444,28.0608429909,34.0114779472,1
445,28.0732729435,34.0235080719,1
446,28.0894629955,34.0471789837,1
447,28.1012861729,34.0550370216,1
448,28.1140470505,34.0664141178,1
449,28.1261200905,34.0793831348,1
450,28.1378350258,34.0891430378,1
451,28.149474144,34.1029880047,1
452,28.1619420052,34.1152369976,1
453,28.1742300987,34.1245110035,1
454,28.1859359741,34.1362030506,1
455,28.1977419853,34.1479151249,1
456,28.2093429565,34.1616699696,1
457,28.2223911285,34.1750490665,1
458,28.2341351509,34.1846950054,1
459,28.2461500168,34.1979060173,1
460,28.2591590881,34.2120580673,1
461,28.2711269855,34.2218649387,1
462,28.283039093,34.2331399918,1
463,28.2962961197,34.250120163,1
464,28.3084571362,34.2614991665,1
465,28.3199510574,34.2694959641,1
466,28.3349039555,34.2854981422,1
467,28.3479850292,34.3023371696,1
468,28.3620700836,34.3137500286,1
469,28.3738789558,34.3264789581,1
470,28.3860011101,34.3375270367,1
471,28.3983240128,34.3494651318,1
472,28.4099750519,34.3677251339,1
473,28.4246571064,34.3789789677,1
474,28.4363119602,34.3876669407,1
475,28.4478390217,34.3985431194,1
476,28.4596290588,34.414607048,1
477,28.471282959,34.4271230698,1
478,28.4829349518,34.4336149693,1
479,28.496489048,34.4487719536,1
480,28.5084090233,34.4644730091,1
481,28.523859024,34.4777760506,1
482,28.537733078,34.4899129868,1
483,28.5522389412,34.5066640377,1
484,28.56417799,34.5169489384,1
485,28.5770411491,34.5317800045,1
486,28.5911140442,34.5431289673,1
487,28.6042909622,34.5540339947,1
488,28.6162359715,34.5750889778,1
489,28.6337599754,34.5863089561,1
490,28.6464259624,34.5970170498,1
491,28.6588449478,34.6119959354,1
492,28.6742019653,34.6292879581,3
493,28.6858360767,34.6425111294,3
494,28.6979160309,34.6481940746,3
495,28.7109570503,34.6648311615,3
496,28.7254099846,34.6778700352,3
497,28.7376389503,34.6880190372,3
498,28.7505991459,34.7045450211,3
499,28.7625341415,34.7138960361,3
500,28.7740690708,34.7256331444,3
501,28.7862119675,34.7398221493,3
502,28.7990391254,34.7522301674,3
503,28.811234951,34.763931036,3
504,28.82290411,34.776309967,3
505,28.834373951,34.7854559422,3
506,28.8485560417,34.8015141487,3
507,28.8607599735,34.8113591671,3
508,28.8749361038,34.8294479847,3
509,28.8966701031,34.8462350368,3
510,28.9082009792,34.8616759777,3
511,28.9204881191,34.8730511665,3
512,28.9331011772,34.8842220306,3
513,28.9445559978,34.8983371258,3
514,28.9561691284,34.9069769382,3
515,28.9684700966,34.9194209576,3
516,28.9817020893,34.9321470261,3
517,28.9933030605,34.9455239773,3
518,29.0074520111,34.9586801529,3
519,29.0190761089,34.9734780788,3
520,29.0309700966,34.98102808,3
521,29.0431990623,34.9949860573,3
522,29.0554130077,35.0065381527,3
523,29.0673220158,35.0188031197,3
524,29.0787031651,35.0290839672,3
525,29.0922210217,35.0452671051,3
526,29.1088459492,35.0642621517,3
527,29.1235361099,35.0786180496,3
528,29.1383740902,35.0892951488,3
529,29.1520390511,35.1019201279,3
530,29.1652059555,35.1225130558,3
531,29.1782841682,35.1290960312,3
532,29.1900351048,35.1454811096,3
533,29.2023081779,35.1550381184,3
534,29.2148730755,35.1685271263,3
535,29.2264449596,35.1766381264,3
536,29.2404711246,35.1915850639,3
537,29.2549271584,35.2079379559,3
538,29.2675311565,35.2226991653,3
539,29.2833170891,35.2334370613,3
540,29.2961089611,35.2474970818,3
541,29.3100521564,35.260643959,3
542,29.321958065,35.2735769749,3
543,29.3338191509,35.2853860855,3
544,29.3457400799,35.2991600037,3
545,29.3577871323,35.3077731133,3
546,29.3695230484,35.3248491287,3
547,29.3816311359,35.333698988,3
548,29.3932230473,35.3439719677,3
549,29.4049010277,35.3557209969,3
550,29.4170780182,35.3698329926,3
551,29.4287860394,35.3793170452,3
552,29.441712141,35.3934710026,1
553,29.4546840191,35.4065179825,1
554,29.4678599834,35.4206781387,1
555,29.4797840118,35.4336130619,1
556,29.4919719696,35.4458739758,1
557,29.5047430992,35.4564950466,1
558,29.5162611008,35.4657540321,1
559,29.5283119678,35.4806690216,1
560,29.5402669907,35.4975240231,1
561,29.5537500381,35.5066790581,1
562,29.5684649944,35.5200951099,1
563,29.5889589787,35.540323019,1
564,29.6016390324,35.5531260967,1
565,29.6139910221,35.564250946,1
566,29.6295721531,35.5867831707,1
567,29.6436741352,35.5934641361,1
568,29.6555261612,35.6072061062,1
569,29.6701450348,35.6228661537,1
570,29.6826729774,35.6339659691,1
571,29.6946940422,35.646032095,1
572,29.7071859837,35.6582069397,1
573,29.7192771435,35.6723339558,1
574,29.7308671474,35.6830689907,1
575,29.7435381413,35.6951479912,1
576,29.7560789585,35.7058019638,1
577,29.7681541443,35.7246229649,1
578,29.7809419632,35.7322039604,1
579,29.7934451103,35.7478311062,1
580,29.8091270924,35.763076067,1
581,29.8213691711,35.7719061375,1
582,29.8344271183,35.7861001492,1
583,29.8468160629,35.8008301258,1
584,29.8595831394,35.8110570908,1
585,29.8719511032,35.8332850933,1
586,29.8843240738,35.8375270367,1
587,29.8995270729,35.8542490005,1
588,29.9123160839,35.8717651367,1
589,29.9318101406,35.8821520805,1
590,29.944396019,35.8962070942,1
591,29.9584491253,35.9133300781,1
592,29.9709589481,35.9235010147,1
593,29.9828431606,35.9338259697,1
594,29.9947571754,35.9512240887,1
595,30.0067250729,35.9575550556,1
596,30.0182549953,35.9699430466,1
597,30.0301260948,35.9824061394,1
598,30.042235136,35.9979121685,1
599,30.0564041138,36.0073311329,1
600,30.0701739788,36.0221271515,1
601,30.0820870399,36.0384430885,1
602,30.1038999557,36.0573899746,1
603,30.1165161133,36.0715470314,1
604,30.1292710304,36.0820500851,1
605,30.1416499615,36.0920989513,1
606,30.1535329819,36.103564024,1
607,30.1662211418,36.1172759533,1
608,30.1783709526,36.1297330856,1
609,30.1913151741,36.1486151218,1
610,41.2153460979,47.1669180393,2
611,41.2285351753,47.1825540066,2
612,41.2410480976,47.1919510365,2
613,41.2548880577,47.2065560818,2
614,41.2672679424,47.2176451683,2
615,41.2793381214,47.2295651436,2
616,41.2911880016,47.2415180206,2
617,41.3030631542,47.2535820007,2
618,41.3176960945,47.2736339569,2
619,41.3292500973,47.2813661098,2
620,41.3530471325,47.3044080734,2
621,41.3651130199,47.316491127,2
622,41.3766331673,47.3274791241,2
623,41.3914430141,47.3425149918,2
624,41.4033820629,47.3541200161,2
625,41.4152569771,47.3655099869,2
626,41.4337980747,47.3919391632,2
627,41.4535770416,47.4043321609,2
628,41.4661750793,47.4189691544,2
629,41.4787240028,47.4310331345,2
630,41.4928901196,47.4494609833,2
631,41.5102591515,47.466727972,2
632,41.5228199959,47.4748330116,2
633,41.5379750729,47.4889070988,2
634,41.5548040867,47.5062150955,2
635,41.5671479702,47.5171501637,2
636,41.5787320137,47.5292341709,2
637,41.5914809704,47.5422379971,2
638,41.6148071289,47.5666899681,2
639,41.6270871162,47.5833411217,2
640,41.6430170536,47.5978491306,2
641,41.6583220959,47.6084749699,2
642,41.6720190048,47.6234469414,2
643,41.6843111515,47.6345720291,2
644,41.7000300884,47.651129961,2
645,41.714564085,47.6660079956,2
646,41.72676301,47.6779220104,2
647,41.7417280674,47.6916351318,2
648,41.7536370754,47.7079510689,2
649,41.7672650814,47.7195560932,2
650,41.7789809704,47.7313959599,2
651,41.7906579971,47.7458779812,2
652,41.8033001423,47.753798008,2
653,41.8154110909,47.7664141655,2
654,41.8275880814,47.7792389393,2
655,41.8431529999,47.7956340313,2
656,41.8548569679,47.8063349724,2
657,41.8664791584,47.8170700073,2
658,41.8781039715,47.8295559883,2
659,41.8901970387,47.8438630104,2
660,41.9036109447,47.8555779457,2
661,41.9180209637,47.8690781593,2
662,41.9306931496,47.884773016,2
663,41.9445509911,47.8963930607,0
664,41.9568440914,47.9091761112,0
665,41.9737429619,47.925385952,0
666,41.9852621555,47.9388020039,0
667,41.9969079494,47.9485709667,0
668,42.0100960732,47.9663670063,0
669,42.0224070549,47.9735300541,0
670,42.037758112,47.9892649651,0
671,42.0510420799,48.0047621727,0
672,42.0646131039,48.0173871517,0
673,42.0780241489,48.0307619572,0
674,42.0898139477,48.0420410633,0
675,42.1036090851,48.0580570698,0
676,42.1155240536,48.0692591667,0
677,42.1279110909,48.0798130035,0
678,42.1399860382,48.0922291279,0
679,42.1518571377,48.1089010239,0
680,42.1634149551,48.1155331135,0
681,42.17552495,48.1266021729,0
682,42.1882500648,48.1390659809,0
683,42.2016010284,48.1532320976,0
684,42.2136700153,48.1707520485,0
685,42.2263100147,48.1828401089,0
686,42.238368988,48.1890909672,0
687,42.2501251698,48.2009301186,0
688,42.2617070675,48.2166290283,0
689,42.2736270428,48.2237751484,0
690,42.2859339714,48.2357990742,0
691,42.3013620377,48.2547261715,0
692,42.3150939941,48.2672271729,0
693,42.3269741535,48.2808699608,0
694,42.3388640881,48.2922070026,0
695,42.3553490639,48.3061561584,0
696,42.3698129654,48.32351017,0
697,42.3816699982,48.3360340595,0
698,42.3937661648,48.3471190929,0
699,42.4056391716,48.3601181507,0
700,42.41832304,48.376032114,0
701,42.4342081547,48.3888609409,0
702,42.4493470192,48.3998880386,0
703,42.4634001255,48.4219141006,0
704,42.4803681374,48.4326770306,0
705,42.4924380779,48.4481241703,0
706,42.5042760372,48.4594290257,0
707,42.5241479874,48.4755930901,0
708,42.5356450081,48.4900240898,0
709,42.548853159,48.4999270439,0
710,42.5614521503,48.5167701244,0
711,42.5740101337,48.5248229504,0
712,42.5860831738,48.5370161533,0
713,42.6008541584,48.5516281128,0
714,42.613530159,48.5644581318,0
715,42.6273970604,48.5826470852,0
716,42.6397111416,48.5926401615,0
717,42.6514770985,48.6131160259,0
718,42.6630871296,48.616163969,0
719,42.6759641171,48.6313080788,2
720,42.6887741089,48.6429159641,2
721,42.7007460594,48.6516571045,2
722,42.712428093,48.6622610092,2
723,42.7260990143,48.6763401031,2
724,42.7382161617,48.6891880035,2
725,42.7503180504,48.7003350258,2
726,42.7639219761,48.7165901661,2
727,42.7769060135,48.7303900719,2
728,42.7888710499,48.7406330109,2
729,42.801306963,48.7525279522,2
730,42.8136050701,48.7661991119,2
731,42.8263101578,48.777654171,2
732,42.8383631706,48.7899451256,2
733,42.8503391743,48.8017990589,2
734,42.8620090485,48.8129971027,2
735,42.873775959,48.8281641006,2
736,42.8861479759,48.8377161026,2
737,42.8985631466,48.8542740345,2
738,42.9139549732,48.8644890785,2
739,42.9256501198,48.8774449825,2
740,42.9382431507,48.8891849518,2
741,42.9557740688,48.9075751305,2
742,42.9673230648,48.9207980633,2
743,42.9795200825,48.9359800816,2
744,42.9924180508,48.9470391273,2
745,43.0042600632,48.9550690651,2
746,43.016602993,48.9676570892,2
747,43.0296339989,48.9810931683,2
748,43.0426180363,48.9958310127,2
749,43.0543820858,49.0065870285,2
750,43.0663621426,49.0253119469,2
751,43.0813839436,49.0363099575,2
752,43.0936410427,49.0465950966,2
753,43.1054501534,49.0597939491,2
754,43.1186020374,49.0714640617,2
755,43.1312129498,49.0845611095,2
756,43.1472511292,49.101883173,2
757,43.1608791351,49.1154661179,2
758,43.1739740372,49.1259961128,2
759,43.1857190132,49.1373939514,2
760,43.2013580799,49.1529591084,2
761,43.2162921429,49.1678750515,2
762,43.2283980846,49.1822290421,2
763,43.2408261299,49.1939940453,2
764,43.2526781559,49.2046580315,2
765,43.2652521133,49.2255029678,2
766,43.2778100967,49.2314281464,2
767,43.2903320789,49.2413630486,2
768,43.3024151325,49.255833149,2
769,43.3149020672,49.2660701275,2
770,43.327144146,49.2838311195,2
771,43.3390181065,49.291216135,2
772,43.3512721062,49.3047349453,2
773,43.3635730743,49.315885067,2
774,43.3755741119,49.330188036,2
775,43.3872671127,49.3371210098,2
776,43.3995230198,49.3503129482,2
777,43.4120810032,49.3631989956,0
778,43.423689127,49.3738131523,0
779,43.4362001419,49.390100956,0
780,43.4485239983,49.4000561237,0
781,43.4603440762,49.4115591049,0
782,43.4720880985,49.4237749577,0
783,43.4837701321,49.4362800121,0
784,43.4956231117,49.4542109966,0
785,43.5087120533,49.4611339569,0
786,43.5203371048,49.4717731476,0
787,43.5319030285,49.4881060123,0
788,43.5434091091,49.4977650642,0
789,43.557749033,49.516505003,0
790,43.569149971,49.5264539719,0
791,43.5822510719,49.5406250954,0
792,43.593943119,49.5481791496,0
793,43.6063959599,49.5592470169,0
794,43.6192209721,49.5691440105,0
795,43.6310911179,49.586329937,0
796,43.6427509785,49.5952010155,0
797,43.6545410156,49.6069419384,0
798,43.668694973,49.6231040955,0
799,43.6836800575,49.6367650032,0
800,43.6952831745,49.6494150162,0
801,43.706882,49.6598629951,0
802,43.7187051773,49.6714949608,0
803,43.7316970825,49.6852171421,0
804,43.7433381081,49.6964190006,0
805,43.7549490929,49.7171771526,0
806,43.7677719593,49.7237040997,0
807,43.7793500423,49.7667241096,0
808,43.7911720276,49.7676491737,0
809,43.805478096,49.768625021,0
810,43.8188049793,49.7702770233,0
811,43.8314940929,49.8263061047,0
812,43.844727993,49.8269190788,0
813,43.8564970493,49.8671810627,0
814,43.8695440292,49.871363163,0
815,43.8825671673,49.9194149971,0
816,43.896228075,49.9205961227,0
817,43.9087460041,49.9213559628,0
818,43.9207000732,49.9221560955,0
819,43.9325070381,49.9246871471,0
820,43.9442260265,49.9294340611,0
821,43.9578700066,49.9743931293,0
822,43.9692709446,49.9755289555,0
823,43.9814209938,49.9766349792,0
824,43.9929540157,49.9774091244,0
825,44.0048949718,50.0161459446,0
826,44.0203700066,50.0186679363,0
827,44.0323719978,50.02303195,0
828,44.0509879589,50.0242600441,0
829,44.0628111362,50.0260341167,0
830,44.0833411217,50.0660400391,0
831,44.0949971676,50.0665891171,0
832,44.1068501472,50.0671751499,0
833,44.1187160015,50.0704510212,0
834,44.1307451725,50.1189100742,0
835,44.1424670219,50.1706190109,0
836,44.1542971134,50.1713330746,0
837,44.1700429916,50.2189819813,2
838,44.185749054,50.2225170135,2
839,44.1977009773,50.2291760445,2
840,44.2102429867,50.2674701214,2
841,44.221914053,50.2702879906,2
842,44.2335650921,50.2736020088,2
843,44.2469301224,50.2753410339,2
844,44.2586631775,50.279471159,2
845,44.2723741531,50.2804131508,2
846,44.2839591503,50.5741071701,2
847,44.2961349487,50.576321125,2
848,44.3116090298,50.5787260532,2
849,44.3231170177,50.5803461075,2
850,44.337651968,50.9305419922,2
851,44.3508701324,50.9677910805,2
852,44.362331152,51.3310501575,2
853,44.373718977,51.5726799965,2
854,44.3850209713,51.5731949806,2
855,44.3969421387,51.5736551285,2
856,44.4089310169,51.5741081238,2
857,44.4214479923,51.5767819881,2
858,44.4341461658,51.5790350437,2
859,44.4465050697,51.6232039928,2
881,44.7236590385,51.6270091534,2
882,44.7378561497,51.6306660175,2
883,44.7496831417,51.7773251534,2
884,44.7617490292,51.8207190037,2
885,44.775001049,51.8235890865,2
886,44.789219141,51.8250341415,2
887,44.8022270203,51.8281750679,2
888,44.8143761158,51.8758201599,2
926,45.289702177,51.8765771389,2
945,45.5400531292,51.8773059845,2
946,45.5564949512,51.8784379959,2
947,45.5692110062,51.9239230156,2
948,45.5831670761,51.9265930653,2
949,45.5957131386,51.9294681549,2
950,45.6086821556,52.1260170937,2
951,45.6207201481,52.1292800903,2
971,45.8801500797,52.16685009,2
972,45.8953859806,52.1718070507,2
973,45.9076349735,52.1743810177,2
974,45.9201481342,52.1791360378,2
975,45.9346179962,52.2220330238,2
976,45.9489531517,52.2238221169,2
977,45.9608640671,52.226541996,2
978,45.9737679958,52.2677481174,2
979,45.9857001305,52.2702610493,2
980,46.0006439686,52.2730059624,2
981,46.0154759884,52.2742831707,2
982,46.0276241302,52.2773549557,2
983,46.039607048,52.279168129,2
984,46.0515120029,52.3156821728,2
985,46.0635681152,52.3169059753,2
986,46.0754930973,52.3182060719,2
994,46.1739640236,52.3195180893,2
995,46.1863000393,52.32685709,2
996,46.198225975,52.3287420273,2
997,46.2138061523,52.3310120106,2
998,46.2258551121,52.5245170593,2
999,46.2380390167,52.5262429714,2
1000,46.2494850159,52.7743821144,2
1001,46.2613420486,52.7758669853,2
1002,46.2730841637,52.7787530422,2
1003,46.2844779491,52.8158459663,2
1004,46.2963869572,52.8173670769,2
1005,46.3083431721,52.8188271523,2
1011,46.3863861561,52.8201351166,2
1012,46.3991730213,52.8214530945,2
1013,46.4121100903,52.8234090805,2
1014,46.4241330624,52.9750549793,2
1015,46.4372141361,52.9769949913,2
1016,46.449201107,52.9801080227,2
1017,46.4616410732,53.1281831264,2
1022,46.5318069458,53.1688029766,2
1023,46.5443050861,53.1705811024,2
1024,46.5560860634,53.1737990379,2
1025,46.5720720291,53.1753840446,2
1026,46.5862221718,53.3285200596,2
1027,46.5987780094,53.3308091164,2
1028,46.6107339859,53.5296390057,2
1029,46.6224529743,53.5691349506,2
1034,46.6887710094,53.5711970329,2
1035,46.700699091,53.5724639893,2
1036,46.7154450417,53.5755369663,2
1037,46.7374241352,53.5808250904,2
1038,46.7493109703,53.7766051292,2
1039,46.761687994,53.7785511017,2
1040,46.7732040882,53.7798161507,2
1056,46.9786059856,53.7810599804,2
1057,46.9905900955,54.0206639767,2
1058,47.0021541119,54.0229740143,2
1059,47.0174789429,54.0245690346,2
1060,47.0295679569,54.026941061,2
1061,47.0434350967,54.0301091671,2
1062,47.0571680069,54.0664520264,2
1063,47.0723881721,54.0674850941,2
1064,47.0850961208,54.0686020851,2
1065,47.0968191624,54.069396019,2
1066,47.1106910706,54.0702209473,2
1067,47.1232590675,54.072810173,2
1068,47.1354181767,54.0742650032,2
1069,47.1489219666,54.0785369873,2
1070,47.1632630825,54.1168680191,2
1079,47.283561945,54.1196539402,2
1080,47.2971949577,54.1201820374,2
1081,47.3104660511,54.120773077,2
1082,47.3221759796,54.1212520599,2
1083,47.3348879814,54.121696949,2
1084,47.3471360207,54.1222910881,2
1085,47.3615210056,54.1230201721,2
1092,47.4540791512,54.1236960888,2
1093,47.4659640789,54.1241340637,2
1094,47.4777100086,54.1247570515,2
1095,47.4908699989,54.1257059574,2
1096,47.5042741299,54.1685111523,2
1097,47.51664114,54.169672966,2
1098,47.5317749977,54.1705789566,2
1099,47.5445671082,54.1730720997,2
1100,47.5568039417,54.1736910343,2
1101,47.5690500736,54.1796190739,2
1102,47.5827310085,54.180505991,2
1103,47.5978350639,54.2194881439,2
1105,47.621833086,54.2206001282,2
1129,47.9311721325,54.2210700512,2
1130,47.9441411495,54.3264811039,2
1131,47.9594500065,54.3298561573,2
1132,47.9712409973,54.6215391159,2
1133,47.987662077,54.6244289875,2
1134,47.9998879433,54.6285130978,2
1135,48.0114769936,54.6301651001,2
1136,48.0230250359,54.8172280788,2
1137,48.0355730057,54.8195979595,2
1138,48.0473210812,54.8205139637,2
1139,48.0601019859,54.8226470947,2
1154,48.2609109879,54.823759079,2
1155,48.273348093,54.8245961666,2
1156,48.2853550911,54.8255391121,2
1164,48.3867750168,54.8273169994,2
1165,48.3985230923,54.8284139633,2
1166,48.4106640816,54.8700721264,2
1167,48.422150135,54.8712351322,2
1168,48.4343349934,54.8743720055,2
1169,48.4472091198,54.8785510063,2
1173,48.5016140938,54.9276170731,2
1174,48.5132269859,54.929197073,2
1175,48.5261790752,54.9696149826,2
1176,48.5378260612,54.9729449749,2
1177,48.5515601635,54.9743130207,2
1178,48.5631990433,54.9781360626,2
1189,48.729375124,55.0165929794,2
1190,48.7416260242,55.0178170204,2
1191,48.7549209595,55.0192739964,2
1192,48.7768571377,55.0205509663,2
1193,48.7894890308,55.0214040279,2
1207,48.9828400612,55.0263381004,2
1208,48.9973449707,55.0308821201,2
1209,49.0103690624,55.2213270664,2
1210,49.0230481625,55.2233581543,2
1211,49.0404450893,55.2265751362,2
1212,49.0520701408,55.2289509773,2
1213,49.0665121078,55.2721021175,2
1214,49.0784490108,55.2733161449,2
1215,49.0927641392,55.2791130543,2
1216,49.1045269966,55.2806229591,2
1225,49.2309820652,55.4744660854,2
1226,49.2434790134,55.477643013,2
1227,49.2799479961,55.5151369572,2
1228,49.3701090813,55.5191760063,2
1229,49.4238190651,55.5200581551,2
1230,49.4773590565,55.5220179558,2
1231,49.5335941315,55.9769279957,2
1232,49.9211671352,56.0162119865,2
1233,50.1797709465,56.6227180958,2
1234,50.6825921535,56.8269369602,2
1235,50.733025074,57.0229151249,2
1236,51.12261796,57.17714715,2
1237,51.1348240376,57.580299139,2
1238,51.5729730129,57.6693279743,2
1239,51.6252090931,57.6710441113,2
1240,51.8744339943,57.8695061207,2
1241,51.9222381115,57.8756020069,2
1242,52.0810241699,58.0691649914,2
1243,52.1220941544,58.0734400749,2
1244,52.1721639633,58.1240329742,2
1245,52.221930027,58.1768300533,2
1246,52.6301550865,58.6255509853,2
1247,52.8223130703,58.9158101082,2
1248,52.8710200787,58.917454958,2
1249,52.9248390198,58.9202301502,2
1250,53.1305191517,59.1268460751,2
1251,53.6806271076,59.717138052,2
1252,53.8719651699,59.8250360489,2
1253,53.8843359947,60.1235830784,2
1254,54.2233181,60.1767930984,2
1255,54.2700440884,60.3711490631,2
1256,54.4330489635,60.4202649593,2
1257,54.5777859688,60.7226669788,2
1258,54.7840120792,60.9729299545,2
1259,55.0346829891,61.0242381096,2
1260,55.3198690414,61.2762510777,2
1261,55.3345651627,61.321598053,2
1262,55.4208061695,61.3731310368,2
1263,55.4347569942,61.6717200279,2
1264,55.6696770191,61.6751971245,2
1265,55.7198469639,61.6775910854,2
1266,55.8745679855,61.8670051098,2
1267,55.9201231003,61.8718421459,2
1268,55.9692800045,61.921156168,2
1269,56.0245280266,61.9781019688,2
1270,56.0753540993,62.2253761292,2
1271,56.169713974,62.2269639969,2
1272,56.1828210354,62.2278089523,2
1273,56.2217841148,62.2292170525,2
1274,56.2703700066,62.2653689384,2
1275,56.3236739635,62.3286030293,2
1276,56.3702521324,62.4292910099,2
1277,56.3840610981,62.4704251289,2
1278,56.4814310074,62.4733691216,2
1279,56.5750820637,62.6197149754,2
1280,56.6233379841,62.6209640503,2
1281,56.6698811054,62.6223840714,2
1282,56.6826479435,62.7205340862,2
1283,56.7194340229,62.7237789631,2
1284,56.73209095,62.7246119976,2
1285,56.7716710567,62.7264611721,2
1286,56.7836911678,62.7723171711,2
1287,56.831097126,62.877051115,2
1288,56.869904995,62.8785130978,2
1289,56.9208209515,62.9158880711,2
1290,56.9334180355,62.9210650921,2
1291,56.9809200764,62.9714441299,2
1292,57.0197031498,62.9751169682,2
1293,57.0334911346,63.0262680054,2
1294,57.120000124,63.0716300011,2
1295,57.1325249672,63.1186361313,2
1296,57.1790680885,63.1685550213,2
1297,57.2195680141,63.1734530926,2
1298,57.2324991226,63.3184540272,2
1299,57.269382,63.320456028,2
1300,57.2819361687,63.3229851723,2
1301,57.3197240829,63.3235580921,2
1302,57.3325941563,63.3252670765,2
1303,57.3708031178,63.3272709846,2
1304,57.3834500313,63.3693161011,2
1305,57.4240529537,63.3770360947,2
1306,57.4699170589,63.4255070686,2
1307,57.4833180904,63.4732370377,2
1308,57.5197739601,63.477741003,2
1309,57.5321080685,63.6204969883,2
1310,57.5694351196,63.6240689754,2
1311,57.5818991661,63.6264221668,2
1312,57.6196651459,63.6298389435,2
1313,57.6332421303,63.665541172,2
1314,57.7197811604,63.6745181084,2
1315,57.7333841324,63.7713270187,2
1316,57.8304760456,63.8745679855,2
1317,57.8822181225,63.9225010872,2
1318,57.9811811447,64.0233089924,2
1319,58.019963026,64.0260570049,2
1320,58.0337381363,64.0272059441,2
1321,58.0802910328,64.0710849762,2
1322,58.1201269627,64.0718729496,2
1323,58.132338047,64.2743899822,2
1324,58.1702251434,64.3691079617,2
1325,58.1840860844,64.3710181713,2
1326,58.2739610672,64.3718550205,2
1327,58.3196361065,64.3766100407,2
1328,58.3321051598,64.3793370724,2
1329,58.369977951,64.5225069523,2
1330,58.3830449581,64.5269949436,2
1331,58.4196929932,64.5767710209,2
1332,58.4323461056,64.577671051,2
1333,58.4844250679,64.6180510521,2
1334,58.5314970016,64.6262440681,2
1335,58.5786559582,64.6305830479,2
1336,58.6205029488,64.729006052,2
1337,58.6335380077,64.8670940399,2
1338,58.6699690819,64.8686511517,2
1339,58.6825220585,64.8704431057,2
1340,58.7318899632,64.8718061447,2
1341,58.7802131176,64.8774800301,2
1342,58.8216731548,64.8790550232,2
1343,58.8710989952,64.975151062,2
1344,58.9196641445,65.015401125,2
1345,58.9324040413,65.0237181187,2
1346,58.9700551033,65.075453043,2
1347,58.9829120636,65.0763731003,2
1348,59.0198550224,65.2264180183,2
1349,59.0347089767,65.2280840874,2
1350,59.1202540398,65.2653260231,2
1351,59.1337270737,65.2713201046,2
1352,59.1812231541,65.2735950947,2
1353,59.2199621201,65.2802741528,2
1354,59.2329161167,65.3718841076,2
1355,59.2798140049,65.3741180897,2
1356,59.4235551357,65.3768081665,2
1357,59.5287461281,65.5802910328,2
1358,59.5722210407,65.618598938,2
1359,59.6216919422,65.6215260029,2
1360,59.6690599918,65.6234891415,2
1361,59.6844880581,65.677888155,2
1362,59.7696211338,65.770234108,2
1363,59.8235039711,65.8745670319,2
1364,59.929308176,65.974437952,2
1365,59.9695520401,65.9759531021,2
1366,59.9830260277,65.9780721664,2
1367,60.0198690891,65.9803540707,2
1368,60.1190049648,66.0768871307,2
1369,60.1328380108,66.175027132,2
1370,60.1709280014,66.1781020164,2
1371,60.1834850311,66.2175080776,2
1372,60.2319090366,66.2242040634,2
1373,60.2805430889,66.276170969,2
1374,60.323526144,66.3724689484,2
1375,60.4323439598,66.4209580421,2
1376,60.4697551727,66.4262311459,2
1377,60.4829089642,66.473500967,2
1378,60.5785331726,66.6239819527,2
1379,60.6841051579,66.7253329754,2
1380,60.8272459507,66.8762850761,2
1381,60.8827879429,66.8794701099,2
1382,60.930052042,66.9208159447,2
1383,60.9699640274,66.9266531467,2
1384,61.0194160938,66.973400116,2
1385,61.0320849419,67.0749261379,2
1386,61.0695979595,67.0790810585,2
1387,61.0831739902,67.3727960587,2
1388,61.4336650372,67.4792010784,2
1389,61.5701260567,67.5289289951,2
1390,61.6212589741,67.5783340931,2
1391,61.6693530083,67.6246349812,2
1392,61.6819541454,67.6347801685,2
1393,61.7198729515,67.6754660606,2
1394,61.7782320976,67.7717511654,2
1395,61.8308501244,67.8307390213,2
1396,61.9196360111,67.8714690208,2
1397,61.9328329563,67.88478899,2
1398,61.9734120369,67.9246790409,2
1399,62.0700290203,68.0223989487,2
1400,62.0824120045,68.0361120701,2
1401,62.1207580566,68.0745389462,2
1402,62.2244920731,68.1777939796,2
1403,62.2700791359,68.2231571674,2
1404,62.2825980186,68.3317570686,2
1405,62.4706320763,68.4214670658,2
1406,62.5195860863,68.4712970257,2
1407,62.532763958,68.5256099701,2
1408,62.68009305,68.7232630253,2
1409,62.9211649895,68.8731369972,2
1410,62.9344921112,68.8865990639,2
1411,62.9697380066,68.9303779602,2
1412,63.020015955,68.9711019993,2
1413,63.0708861351,69.0208730698,2
1414,63.2699360847,69.2217710018,2
1415,63.3195240498,69.2791390419,2
1416,63.4703800678,69.4208950996,2
1417,63.5192871094,69.4798400402,2
1418,63.5319800377,69.536096096,2
1419,63.622797966,69.5808370113,2
1420,63.7200751305,69.6809120178,2
1421,63.7700519562,69.7350020409,2
1422,63.7847540379,69.8260371685,2
1423,63.9216930866,69.9254231453,2
1424,63.9821779728,69.9390830994,2
1425,64.0212571621,69.9810421467,2
1426,64.0700440407,70.0577089787,2
1427,64.1215889454,70.0929300785,2
1428,64.1775510311,70.1309330463,2
1429,64.2254600525,70.1818990707,2
1430,64.2734639645,70.230255127,2
1431,64.3199779987,70.3860139847,2
1432,64.4698359966,70.4318339825,2
1433,64.4839291573,70.6011710167,2
1434,64.6702849865,70.6271531582,2
1435,64.7226750851,70.6771190166,2
1436,64.92177701,70.8729901314,2
1437,64.97519207,70.9348900318,2
1438,65.0204639435,70.9792461395,2
1439,65.0697629452,71.0270161629,2
1440,65.1208269596,71.1273970604,2
1441,65.2197160721,71.1723711491,2
1442,65.2347180843,71.2246129513,2
1443,65.3220551014,71.2838749886,2
1444,65.3763380051,71.3282849789,2
1445,65.4195950031,71.3762040138,2
1446,65.5198659897,71.47407794,2
1447,65.6203451157,71.5732400417,2
1448,65.634747982,71.6720221043,2
1449,65.820636034,71.7733509541,2
1450,65.8749239445,71.8303899765,2
1451,65.9230351448,71.9707710743,2
1452,66.0320849419,72.0293049812,2
1453,66.1222159863,72.0807991028,2
1454,66.1696510315,72.1235430241,2
1455,66.182393074,72.1383669376,2
1456,66.2210631371,72.1776390076,2
1457,66.2380490303,72.1905071735,2
1458,66.2536251545,72.2122051716,2
1459,66.2728321552,72.2231559753,2
1460,66.2854859829,72.2385361195,2
1461,66.2988650799,72.2498300076,2
1462,66.3122551441,72.263808012,2
1463,66.3259301186,72.2763969898,2
1464,66.3390820026,72.2944760323,2
1465,66.3528881073,72.3062951565,2
1466,66.3672790527,72.3234400749,2
1467,66.3810420036,72.3319461346,2
1468,66.3939809799,72.3472220898,2
1469,66.4074850082,72.3596229553,2
1470,66.4206240177,72.3771510124,2
1471,66.4391701221,72.3914949894,2
1472,66.4524250031,72.4035060406,2
1473,66.4657599926,72.4213941097,2
1474,66.4790830612,72.4306881428,2
1475,66.4929530621,72.4441640377,2
1476,66.5062539577,72.4601609707,2
1477,66.523555994,72.4793319702,2
1478,66.54027915,72.490707159,2
1479,66.5556790829,72.509070158,2
1480,66.568873167,72.5215389729,2
1481,66.5822989941,72.5371041298,2
1482,66.5989341736,72.5544121265,2
1483,66.6116781235,72.5694279671,2
1484,66.6238689423,72.5742051601,2
1485,66.6362910271,72.5943341255,2
1486,66.6481389999,72.6013641357,2
1487,66.6601481438,72.61541605,2
1488,66.6722540855,72.62281394,2
1489,66.6843090057,72.6355581284,2
1490,66.6961159706,72.6468501091,2
1491,66.708728075,72.669118166,2
1492,66.7204070091,72.6721949577,2
1493,66.7321181297,72.6908690929,2
1494,66.750202179,72.7035140991,2
1495,66.7625710964,72.7144150734,2
1496,66.7756021023,72.726596117,2
1497,66.7884809971,72.7420661449,2
1498,66.8007700443,72.754609108,2
1499,66.8139200211,72.7650461197,2
1500,66.8263850212,72.77633214,2
1501,66.8380441666,72.7895450592,2
1502,66.8496551514,72.8000409603,2
1503,66.8611149788,72.8183400631,2
1504,66.8727469444,72.8258261681,2
1505,66.8858599663,72.8353841305,2
1506,66.8973920345,72.847725153,2
1507,66.9091031551,72.8606081009,2
1508,66.9207079411,72.871778965,2
1509,66.9321100712,72.8840019703,2
1510,66.9455111027,72.8962390423,2
1511,66.9571630955,72.9080030918,2
1512,66.9690721035,72.9203071594,2
1513,66.9807701111,72.9324979782,2
1514,66.9922699928,72.9441230297,2
1515,67.0043511391,72.955919981,2
1516,67.0161809921,72.9676380157,2
1517,67.0288190842,72.9798460007,2
1518,67.0408630371,72.993639946,2
1519,67.0526089668,73.0061299801,2
1520,67.0654060841,73.01613307,2
1521,67.0772111416,73.026927948,2
1522,67.0890960693,73.044077158,2
1523,67.1041929722,73.0597980022,2
1524,67.1156270504,73.071570158,2
1525,67.1286520958,73.0807430744,2
1526,67.1403560638,73.0942389965,2
1527,67.1521129608,73.109454155,2
1528,67.1638791561,73.1191630363,2
1529,67.1763441563,73.1265599728,2
1530,67.1891300678,73.1407179832,2
1531,67.2005650997,73.1503181458,2
1532,67.212157011,73.1720731258,2
1533,67.2245600224,73.1744041443,2
1534,67.2364339828,73.1888279915,2
1535,67.2482261658,73.1986839771,2
1536,67.2597081661,73.2100350857,2
1537,67.2712640762,73.2242000103,2
1538,67.2858541012,73.237803936,2
1539,67.2974181175,73.250549078,2
1540,67.3090939522,73.2606880665,2
1541,67.3211870193,73.2727429867,2
1542,67.332668066,73.2856900692,2
1543,67.3446750641,73.2985739708,2
1544,67.3569440842,73.3084051609,2
1545,67.3690040112,73.3210351467,2
1546,67.3807730675,73.3315169811,2
1547,67.3985381126,73.3493659496,2
1548,67.4100861549,73.3643939495,2
1549,67.4218001366,73.3726129532,2
1550,67.433355093,73.3837611675,2
1551,67.4463529587,73.3978271484,2
1552,67.458053112,73.410036087,2
1553,67.469848156,73.4199390411,2
1554,67.4815571308,73.4328739643,2
1555,67.4932830334,73.4441699982,2
1556,67.5047621727,73.4558870792,2
1557,67.517070055,73.4680981636,2
1558,67.5287511349,73.4814960957,2
1559,67.5409281254,73.492650032,2
1560,67.5524790287,73.5027329922,2
1561,67.564234972,73.515650034,2
1562,67.5800850391,73.5318601131,2
1563,67.5935871601,73.544631958,2
1564,67.6070179939,73.5633151531,2
1565,67.6186730862,73.5696101189,2
1566,67.630202055,73.5865650177,2
1567,67.6441650391,73.594974041,2
1568,67.6561610699,73.6118969917,2
1569,67.667951107,73.6198990345,2
1570,67.6798210144,73.6304271221,2
1571,67.6921720505,73.6456029415,2
1572,67.7037479877,73.6561019421,2
1573,67.7156219482,73.6676149368,2
1574,67.7274131775,73.6785840988,2
1575,67.7391140461,73.6893560886,2
1576,67.7508020401,73.7049901485,2
1577,67.7632880211,73.7148001194,2
1578,67.7782621384,73.7287840843,2
1579,67.7988080978,73.7522990704,2
1580,67.8107001781,73.7629101276,2
1581,67.8223659992,73.7746779919,2
1582,67.8343160152,73.789522171,2
1583,67.8467290401,73.800702095,2
1584,67.8584971428,73.8083901405,2
1585,67.8699929714,73.8199169636,2
1586,67.8815920353,73.8329441547,2
1587,67.8933839798,73.8503301144,2
1588,67.9051520824,73.8606319427,2
1589,67.9209740162,73.8723430634,2
1590,67.9328091145,73.8835940361,2
1591,67.9448039532,73.8954639435,2
1592,67.9562799931,73.9066519737,2
1593,67.9679911137,73.9215171337,2
1594,67.9797770977,73.9329140186,2
1595,67.9948940277,73.9472191334,2
1596,68.0072760582,73.9582741261,2
1597,68.0188281536,73.9698150158,2
1598,68.0304450989,73.9809920788,2
1599,68.0422780514,73.9941461086,2
1600,68.0538921356,74.0069379807,2
1601,68.0656721592,74.0167040825,2
1602,68.0773429871,74.027837038,2
1603,68.0890419483,74.0477149487,2
1604,68.1076860428,74.0589351654,2
1605,68.1195380688,74.0730221272,2
1606,68.1311011314,74.0864260197,2
1607,68.143337965,74.0942430496,2
1608,68.1554610729,74.106374979,2
1609,68.1686680317,74.1215209961,2
1610,68.1807601452,74.1328620911,2
1611,68.192276001,74.1464591026,2
1612,68.2049851418,74.1583991051,2
1613,68.2167780399,74.1720700264,2
1614,68.2285740376,74.1790270805,2
1615,68.2404439449,74.1917281151,2
1616,68.2522950172,74.2105231285,2
1617,68.2641341686,74.2161221504,2
1618,68.2780280113,74.2287011147,2
1619,68.2929730415,74.2435951233,2
1620,68.3052480221,74.2554600239,2
1621,68.3175189495,74.2686669827,2
1622,68.3292660713,74.281703949,2
1623,68.3442189693,74.2964811325,2
1624,68.3568890095,74.3078780174,2
1625,68.3690271378,74.3184561729,2
1626,68.3804740906,74.3309650421,2
1627,68.3922791481,74.3496301174,2
1628,68.404335022,74.3631911278,2
1629,68.4161469936,74.3677799702,2
1630,68.4280431271,74.3794569969,2
1631,68.4444789886,74.3945159912,2
1632,68.4562990665,74.4077560902,2
1633,68.4680140018,74.4181921482,2
1634,68.479817152,74.4296879768,2
1635,68.4937870502,74.4441120625,2
1636,68.5053451061,74.4580190182,2
1637,68.5174181461,74.4686000347,2
1638,68.529104948,74.4816989899,2
1639,68.5425109863,74.4940071106,2
1640,68.5544900894,74.5086679459,2
1641,68.5660140514,74.5167281628,2
1642,68.5774781704,74.5290579796,2
1643,68.5897769928,74.5405631065,2
1644,68.6014101505,74.5516109467,2
1645,68.6128790379,74.5630891323,2
1646,68.6243629456,74.5756211281,2
1647,68.6362240314,74.5865080357,2
1648,68.6479580402,74.5985751152,2
1649,68.6602151394,74.6105790138,2
1650,68.6718649864,74.6239850521,2
1651,68.6836190224,74.6344821453,2
1652,68.6954400539,74.6463201046,2
1653,68.7081050873,74.6614639759,2
1654,68.7199270725,74.6744880676,2
1655,68.7322311401,74.6828899384,2
1656,68.7443261147,74.6959171295,2
1657,68.7567150593,74.7069489956,2
1658,68.7689630985,74.7192220688,2
1659,68.7810349464,74.7316479683,2
1660,68.7932901382,74.7436499596,2
1661,68.8052501678,74.75563097,2
1662,68.818156004,74.7687170506,2
1663,68.8304610252,74.7853560448,2
1664,68.8432011604,74.7940649986,2
1665,68.8553740978,74.8054490089,2
1666,68.8667740822,74.8180611134,2
1667,68.8786790371,74.831140995,2
1668,68.8901240826,74.8400771618,2
1669,68.9016971588,74.8585050106,2
1670,68.9132330418,74.8642001152,2
1671,68.924913168,74.8753559589,2
1672,68.9373121262,74.8878509998,2
1673,68.9502520561,74.9040901661,2
1674,68.9625070095,74.91248703,2
1675,68.9756121635,74.9260351658,2
1676,68.9933080673,74.9429571629,2
1677,69.0050301552,74.9554409981,2
1678,69.0274140835,74.992401123,2
1679,69.0602781773,75.0231380463,2
1680,69.0827331543,75.0608270168,2
1681,69.1232359409,75.1057391167,2
1682,69.1665921211,75.1262910366,2
1683,69.1831121445,75.1361470222,2
1684,69.1955060959,75.1472401619,2
1685,69.208343029,75.1599161625,2
1686,69.2231161594,75.1948521137,2
1687,69.2565071583,75.2158551216,2
1688,69.2845320702,75.2394969463,2
1689,69.2975270748,75.2512760162,2
1690,69.3111071587,75.263833046,2
1691,69.3259711266,75.2775650024,2
1692,69.3385350704,75.2905919552,2
1693,69.3513929844,75.3036489487,2
1694,69.3645951748,75.3222539425,2
1695,69.3813991547,75.3329620361,2
1696,69.3972151279,75.3482160568,2
1697,69.4113960266,75.3640890121,2
1698,69.4254779816,75.3824329376,2
1699,69.4437770844,75.3944380283,2
1700,69.4574410915,75.4096651077,2
1701,69.4706571102,75.4306180477,2
1702,69.4949491024,75.4541561604,2
1703,69.5139210224,75.4662361145,2
1704,69.5270011425,75.4807980061,2
1705,69.5416779518,75.4973649979,2
1706,69.5608100891,75.5151090622,2
1707,69.5736210346,75.5270850658,2
1708,69.606564045,75.5635280609,2
1709,69.6265261173,75.6059250832,2
1710,69.6688511372,75.625672102,2
1711,69.6817991734,75.637540102,2
1712,69.6975181103,75.6540951729,2
1713,69.7125160694,75.6742770672,2
1714,69.730214119,75.6863491535,2
1715,69.7483849525,75.7030501366,2
1716,69.7613101006,75.7191269398,2
1717,69.7782671452,75.7383291721,2
1718,69.7915790081,75.7461700439,2
1719,69.8071579933,75.7578160763,2
1720,69.8195950985,75.771239996,2
1721,69.8323040009,75.7905230522,2
1722,69.8453400135,75.7963011265,2
1723,69.8571081161,75.8089740276,2
1724,69.8689031601,75.8222670555,2
1725,69.8808319569,75.8345191479,2
1726,69.8933410645,75.8463070393,2
1727,69.906468153,75.8570780754,2
1728,69.9189801216,75.873073101,2
1729,69.9318540096,76.0953540802,2
1730,69.9434859753,76.0961019993,2
1731,69.9564721584,76.0968129635,2
1732,69.9688229561,76.0975351334,2
1733,69.9839301109,76.101432085,2
1734,69.9956321716,76.1026620865,2
1735,70.0075769424,76.1120991707,2
1736,70.0202219486,76.1149730682,2
1737,70.0317661762,76.118917942,2
1738,70.043336153,76.1198611259,2
1739,70.0551660061,76.124671936,2
1740,70.0668439865,76.1255111694,2
1741,70.0817730427,76.1266951561,2
1742,70.0950059891,76.1287400723,2
1743,70.1077189445,76.1294901371,2
1744,70.1203200817,76.1325559616,2
1745,70.1328890324,76.1369919777,2
1746,70.1445741653,76.1378610134,2
1747,70.1560311317,76.138862133,2
1748,70.1707530022,76.1414000988,2
1749,70.1853091717,76.1423270702,2
1750,70.1969561577,76.1524250507,2
1751,70.2086069584,76.1631851196,2
1752,70.2203290462,76.1713941097,2
1753,70.2317631245,76.185888052,2
1754,70.2438399792,76.1949491501,2
1755,70.2561969757,76.2076470852,2
1756,70.2690420151,76.2218251228,2
1757,70.281003952,76.2398650646,2
1758,70.2927999496,76.2447631359,2
1759,70.304926157,76.2581300735,2
1760,70.3165841103,76.2700080872,2
1761,70.3283970356,76.27937603,2
1762,70.3403451443,76.2926189899,2
1763,70.3522181511,76.3058381081,2
1764,70.3641331196,76.3173530102,2
1765,70.3765439987,76.3284039497,2
1766,70.3882541656,76.3407859802,2
1767,70.3999259472,76.3519871235,2
1768,70.4118151665,76.3622570038,2
1769,70.4239740372,76.3759551048,2
1770,70.4355089664,76.3880829811,2
1771,70.4474050999,76.3973231316,2
1772,70.4592700005,76.410184145,2
1773,70.471173048,76.4214920998,2
1774,70.482845068,76.4360470772,2
1775,70.4945931435,76.4448280334,2
1776,70.5071129799,76.4592480659,2
1777,70.5187540054,76.4697339535,2
1778,70.5313110352,76.4826140404,2
1779,70.543058157,76.4938671589,2
1780,70.5548510551,76.5065841675,2
1781,70.5665531158,76.5181460381,2
1782,70.5782749653,76.529433012,2
1783,70.5899870396,76.5470409393,2
1784,70.6015441418,76.5526940823,2
1785,70.6138851643,76.5650010109,2
1786,70.6264669895,76.5814709663,2
1787,70.6385400295,76.5896201134,2
1788,70.6502230167,76.6020200253,2
1789,70.6619689465,76.6116940975,2
1790,70.6736290455,76.623347044,2
1791,70.6854081154,76.6349761486,2
1792,70.6975581646,76.648360014,2
1793,70.7097210884,76.6656119823,2
1794,70.7216041088,76.6735651493,2
1795,70.733232975,76.6898980141,2
1796,70.7456650734,76.6977140903,2
1797,70.7574510574,76.7090790272,2
1798,70.7693171501,76.721807003,2
1799,70.7814619541,76.736964941,2
1800,70.7957401276,76.7482221127,2
1801,70.8074259758,76.7581350803,2
1802,70.8200361729,76.7700350285,2
1803,70.8315341473,76.7859020233,2
1804,70.8432500362,76.7942931652,2
1805,70.8552410603,76.8076519966,2
1806,70.8668949604,76.8231630325,2
1807,70.8794481754,76.8299081326,2
1808,70.8910839558,76.8405711651,2
1809,70.9027280807,76.8543300629,2
1810,70.9144101143,76.8647689819,2
1811,70.926169157,76.8757760525,2
1812,70.9380710125,76.8883070946,2
1813,70.9498169422,76.9018759727,2
1814,70.9641940594,76.9214119911,2
1815,70.9760081768,76.9261889458,2
1816,70.9886920452,76.9446079731,2
1817,71.0007441044,76.9542119503,2
1818,71.0135810375,76.9645700455,2
1819,71.0252680779,76.9766349792,2
1820,71.0370380878,76.9926600456,2
1821,71.0551011562,77.0129010677,2
1822,71.0667109489,77.0186200142,2
1823,71.0788941383,77.0380101204,2
1824,71.0907640457,77.0505020618,2
1825,71.1027090549,77.0532901287,2
1826,71.1143269539,77.0651531219,2
1827,71.1261100769,77.0899791718,2
1828,71.1436960697,77.0974991322,2
1829,71.1554610729,77.1087460518,2
1830,71.1671950817,77.1185910702,2
1831,71.1790070534,77.1342229843,2
1832,71.1907031536,77.1425440311,2
1833,71.2025680542,77.1586241722,2
1834,71.2157530785,77.1676471233,2
1835,71.2321071625,77.1824431419,2
1836,71.2444701195,77.2002220154,2
1837,71.2564311028,77.2070860863,2
1838,71.2683291435,77.2244701385,2
1839,71.279966116,77.2311460972,2
1840,71.2920761108,77.2432329655,2
1841,71.3041110039,77.2545249462,2
1842,71.3179249763,77.2685980797,2
1843,71.3306560516,77.2877149582,2
1844,71.3470821381,77.3017239571,2
1845,71.3620231152,77.3138270378,2
1846,71.373442173,77.3274860382,2
1847,71.3863799572,77.3365859985,2
1848,71.4038310051,77.3622801304,2
1849,71.417206049,77.3723740578,2
1850,71.4309191704,77.3833949566,2
1851,71.4443690777,77.3952629566,2
1852,71.4576900005,77.4122769833,2
1853,71.471419096,77.4216091633,2
1854,71.4848001003,77.4381620884,2
1855,71.4975280762,77.4510149956,2
1856,71.5092101097,77.461728096,2
1857,71.5212769508,77.4743170738,2
1858,71.5405111313,77.4902620316,2
1859,71.5557630062,77.5073640347,2
1860,71.567882061,77.5182781219,2
1861,71.5803799629,77.5371191502,2
1862,71.5922501087,77.5434689522,2
1863,71.6090221405,77.5617980957,2
1864,71.620757103,77.5716340542,2
1865,71.6327860355,77.5876209736,2
1866,71.6443350315,77.6006090641,2
1867,71.6561069489,77.6121599674,2
1868,71.6678740978,77.620139122,2
1869,71.6800200939,77.635130167,2
1870,71.6949961185,77.650537014,2
1871,71.7133390903,77.664837122,2
1872,71.7261180878,77.6764221191,2
1873,71.7379820347,77.6946260929,2
1874,71.7496459484,77.7046370506,2
1875,71.7621650696,77.7134120464,2
1876,71.7815210819,77.7334461212,2
1877,71.7959251404,77.7463490963,2
1878,71.8082959652,77.7642810345,2
1879,71.8202791214,77.770113945,2
1880,71.834017992,77.7884719372,2
1881,71.8466069698,77.7965950966,2
1882,71.8581981659,77.8096740246,2
1883,71.8722541332,77.8279471397,2
1884,71.8842141628,77.8349370956,2
1885,71.8959531784,77.8477900028,2
1886,71.9076120853,77.8611979485,2
1887,71.9198069572,77.8767621517,2
1888,71.9375760555,77.8909139633,2
1889,71.9503650665,77.9014840126,2
1890,71.9621529579,77.913077116,2
1891,71.9738550186,77.9257700443,2
1892,71.9863920212,77.9433989525,2
1893,71.9993841648,77.9503059387,2
1894,72.0113840103,77.9640359879,2
1895,72.0237841606,77.9779479504,2
1896,72.0353560448,77.9890160561,2
1897,72.0472049713,77.9976170063,2
1898,72.0598061085,78.0120151043,2
1899,72.0712170601,78.0222871304,2
1900,72.0830600262,78.0346310139,2
1901,72.0968511105,78.0468771458,2
1902,72.1089701653,78.059360981,2
1903,72.1208200455,78.0744049549,2
1904,72.1342220306,78.0850861073,2
1905,72.1470229626,78.0985059738,2
1906,72.1591761112,78.1155109406,2
1907,72.1731960773,78.1243829727,2
1908,72.1862220764,78.1445851326,2
1909,72.1988520622,78.1506500244,2
1910,72.2171139717,78.168544054,2
1911,72.2303700447,78.1811339855,2
1912,72.2428059578,78.1972639561,2
1913,72.2548091412,78.2065110207,2
1914,72.2664179802,78.2165930271,2
1915,72.2781841755,78.2282850742,2
1916,72.2915799618,78.2420580387,2
1917,72.3036360741,78.2537310123,2
1918,72.3151741028,78.2699110508,2
1919,72.3268909454,78.2784831524,2
1920,72.3384721279,78.2959270477,2
1921,72.3500471115,78.3009490967,2
1922,72.3623590469,78.3135070801,2
1923,72.3744280338,78.3247880936,2
1924,72.3863830566,78.3435599804,2
1925,72.3988180161,78.3546111584,2
1926,72.4162771702,78.367565155,2
1927,72.4279561043,78.3816800117,2
1928,72.4395129681,78.3917560577,2
1929,72.4523780346,78.4031381607,2
1930,72.4638941288,78.4157221317,2
1931,72.4756851196,78.4248650074,2
1932,72.4871921539,78.4461460114,2
1933,72.4988930225,78.4515140057,2
1934,72.5110800266,78.4622731209,2
1935,72.5225219727,78.474241972,2
1936,72.5379731655,78.4915180206,2
1937,72.5511801243,78.5056669712,2
1938,72.5629141331,78.5137579441,2
1939,72.5772240162,78.5292510986,2
1940,72.5886731148,78.5406811237,2
1941,72.6001861095,78.5522699356,2
1942,72.6120481491,78.5641751289,2
1943,72.6242251396,78.5760331154,2
1944,72.6373360157,78.5908610821,2
1945,72.6489429474,78.5984060764,2
1946,72.6617181301,78.6146559715,2
1947,72.6743149757,78.6257820129,2
1948,72.6859760284,78.6375901699,2
1949,72.6982901096,78.6483740807,2
1950,72.7099280357,78.6602361202,2
1951,72.7243909836,78.6765310764,2
1952,72.7375240326,78.687762022,2
1953,72.7498290539,78.7049059868,2
1954,72.7615940571,78.7148840427,2
1955,72.7733769417,78.7268099785,2
1956,72.7851190567,78.7353520393,2
1957,72.7966110706,78.7476191521,2
1958,72.8083050251,78.7614519596,2
1959,72.8200540543,78.7701351643,2
1960,72.8315410614,78.7829260826,2
1961,72.843829155,78.7965490818,2
1962,72.8563649654,78.8057060242,2
1963,72.8679349422,78.8186061382,2
1964,72.8799200058,78.8293430805,2
1965,72.8914730549,78.8438370228,2
1966,72.9040551186,78.8565120697,2
1967,72.9163620472,78.8683121204,2
1968,72.928342104,78.8783810139,2
1969,72.9400570393,78.8894531727,2
1970,72.9522621632,78.9025990963,2
1971,72.9644300938,78.917288065,2
1972,72.9828619957,78.9328160286,2
1973,72.9946651459,78.9547669888,2
1974,73.0071699619,78.9636731148,2
1975,73.0237700939,78.9759340286,2
1976,73.0360059738,78.9871730804,2
1977,73.0479300022,78.9994850159,2
1978,73.0600521564,79.0125010014,2
1979,73.0719101429,79.0230760574,2
1980,73.0833520889,79.034222126,2
1981,73.0952329636,79.0517921448,2
1982,73.1113610268,79.0621650219,2
1983,73.1241130829,79.0757181644,2
1984,73.1387760639,79.0903041363,2
1985,73.1528270245,79.1071829796,2
1986,73.1645710468,79.1171121597,2
1987,73.1777131557,79.1286430359,2
1988,73.1959080696,79.1466679573,2
1989,73.2113089561,79.1624031067,2
1990,73.2229919434,79.1792809963,2
1991,73.2349619865,79.1850171089,2
1992,73.2466800213,79.1986780167,2
1993,73.2611379623,79.2115769386,2
1994,73.2765419483,79.2336170673,2
1995,73.2882671356,79.2389941216,2
1996,73.2999000549,79.2571971416,2
1997,73.3151710033,79.2692861557,2
1998,73.3269159794,79.2781839371,2
1999,73.3403890133,79.2941200733,2
2000,73.3521420956,79.3046810627,2
