PacketSeqNo,GeneratingTime,ArrivalTime,MulticastIdx
1,0.00199103355408,3.25459003448,1
2,0.0139791965485,3.26560902596,1
3,0.0262100696564,3.27796506882,1
4,0.0387401580811,3.29197716713,1
5,0.0510921478271,3.306194067,1
6,0.0632951259613,3.31523919106,1
7,0.0754280090332,3.32649898529,1
8,0.0876581668854,3.34402918816,1
9,0.100139141083,3.35192203522,1
10,0.112409114838,3.36998701096,1
11,0.127169132233,3.38134598732,1
12,0.13968706131,3.39113616943,1
13,0.1519510746,3.40600705147,1
14,0.164277076721,3.41623806953,1
15,0.176565170288,3.4343111515,1
16,0.189012050629,3.46663808823,1
17,0.21869301796,3.47102212906,1
18,0.232637166977,3.48680019379,1
19,0.244365215302,3.49652409554,1
20,0.25586605072,3.50778007507,1
21,0.267465114594,3.51977300644,1
22,0.279367208481,3.53186511993,1
23,0.291241168976,3.54356098175,1
24,0.303200006485,3.56387710571,1
25,0.315411090851,3.57150316238,1
26,0.327652215958,3.5898630619,1
27,0.340124130249,3.60820102692,1
28,0.352620124817,3.61126303673,1
29,0.364807128906,3.62309813499,1
30,0.376987218857,3.63799309731,1
31,0.389461994171,3.6451292038,1
32,0.401633024216,3.65771818161,1
33,0.414135217667,3.66724419594,1
34,0.426770210266,3.6793282032,1
35,0.439088106155,3.69102215767,1
36,0.451467037201,3.70410203934,1
37,0.463698148727,3.71581697464,1
38,0.475978136063,3.72804307938,1
39,0.488241195679,3.74077415466,1
40,0.501028060913,3.75679898262,1
41,0.513243198395,3.77281117439,1
42,0.525451183319,3.77832698822,1
43,0.537808179855,3.78998613358,1
44,0.550144195557,3.80671811104,1
45,0.562455177307,3.81916809082,1
46,0.574951171875,3.82730913162,1
47,0.587215185165,3.83965206146,1
48,0.599404096603,3.85481119156,1
49,0.611552000046,3.86620497704,3
50,0.623807191849,3.87504911423,3
51,0.636011123657,3.88856816292,3
52,0.648699998856,3.90271115303,3
53,0.661118030548,3.91350603104,3
54,0.673341035843,3.92610120773,3
55,0.685623168945,3.93826913834,3
56,0.698168039322,3.95017910004,3
57,0.710522174835,3.96264004707,3
58,0.723055124283,3.98266720772,3
59,0.735285043716,3.98814105988,3
60,0.747623205185,3.99993109703,3
61,0.760053157806,4.01495099068,3
62,0.772358179092,4.02440500259,3
63,0.784627199173,4.04413318634,3
64,0.797222137451,4.05263018608,3
65,0.810194015503,4.06190919876,3
66,0.822506189346,4.07598519325,3
67,0.835130214691,4.08845210075,3
68,0.846986055374,4.10018420219,3
69,0.858699083328,4.11146020889,3
70,0.870546102524,4.12136816978,3
71,0.882456064224,4.13400506973,3
72,0.894861221313,4.14669299126,3
73,0.907137155533,4.15921902657,3
74,0.919498205185,4.17136597633,3
75,0.931807994843,4.18421912193,3
76,0.944462060928,4.19913220406,3
77,0.957127094269,4.2087521553,3
78,0.969455003738,4.22045302391,3
79,0.981657028198,4.23882317543,3
80,0.994027137756,4.24566912651,3
81,1.00636410713,4.25826716423,3
82,1.01903510094,4.27480220795,3
83,1.03148508072,4.28260111809,3
84,1.0440530777,4.29556918144,3
85,1.05626320839,4.31151103973,3
86,1.06861519814,4.32207107544,3
87,1.08106803894,4.33714699745,3
88,1.0939450264,4.34738898277,3
89,1.10614013672,4.36510419846,3
90,1.11874604225,4.37412500381,3
91,1.13084506989,4.38548207283,3
92,1.14305114746,4.39605808258,3
93,1.15545105934,4.41011309624,3
94,1.16788506508,4.42537617683,3
95,1.18017721176,4.43739819527,3
96,1.19226908684,4.44872903824,3
97,1.2045481205,4.45672297478,3
98,1.21690917015,4.46969509125,3
99,1.2291431427,4.48153114319,3
100,1.24166917801,4.49371099472,3
101,1.25384616852,4.50928020477,3
102,1.26606917381,4.52163505554,3
103,1.28013110161,4.53303718567,3
104,1.29231119156,4.54352617264,1
105,1.30451202393,4.5850071907,1
106,1.31709003448,4.58981108665,1
107,1.3293030262,4.60663318634,1
108,1.34151101112,4.61517715454,1
109,1.35371613503,4.62257099152,1
110,1.36587309837,4.63739514351,1
111,1.37818598747,4.64249515533,1
112,1.39064908028,4.647108078,1
113,1.40301609039,4.66913604736,1
114,1.41568303108,4.66955804825,1
115,1.42803907394,4.68226408958,1
116,1.44006705284,4.69133901596,1
117,1.45159816742,4.71268510818,1
118,1.46338510513,4.7161231041,1
119,1.47519612312,4.72641015053,1
120,1.48696208,4.74068117142,1
121,1.49898719788,4.7505941391,1
122,1.51172709465,4.76410508156,1
123,1.52392601967,4.77727913857,1
124,1.53645205498,4.79479002953,1
125,1.54876112938,4.80313515663,1
126,1.56114315987,4.82336807251,1
127,1.57348012924,4.82643914223,1
128,1.58566617966,4.83826518059,1
129,1.59820818901,4.85437607765,1
130,1.61083221436,4.86848807335,1
131,1.62285900116,4.87488102913,1
132,1.6352391243,4.88875818253,1
133,1.64778709412,4.90303206444,1
134,1.66010904312,4.91312217712,1
135,1.67235207558,4.92459201813,1
136,1.68498802185,4.9396250248,1
137,1.69774413109,4.94917607307,1
138,1.71022319794,4.96650910378,1
139,1.72242116928,4.97474312782,1
140,1.73480200768,4.99210715294,1
141,1.74703121185,4.99883317947,1
142,1.75966310501,5.02136111259,1
143,1.77185106277,5.02697920799,1
144,1.78406906128,5.03624916077,1
145,1.79651999474,5.05392813683,1
146,1.80905604362,5.06193518639,1
147,1.82167410851,5.07435107231,1
148,1.83440303802,5.09363603592,1
149,1.84674501419,5.09736609459,1
150,1.86253619194,5.11863207817,1
151,1.8741440773,5.12518715858,1
152,1.88618516922,5.13892602921,1
153,1.899518013,5.15248298645,1
154,1.91209220886,5.16923618317,1
155,1.92435717583,5.17856216431,3
156,1.93665909767,5.18912100792,3
157,1.949406147,5.20257401466,3
158,1.96157813072,5.21656513214,3
159,1.97364020348,5.22679114342,3
160,1.98620414734,5.24421310425,3
161,1.99866509438,5.25072813034,3
162,2.01069617271,5.26247620583,3
163,2.02259016037,5.27598404884,3
164,2.03726601601,5.29012298584,3
165,2.048828125,5.30109119415,3
166,2.06129598618,5.31350898743,3
167,2.07288408279,5.32501506805,3
168,2.08436512947,5.3366060257,3
169,2.09604406357,5.35589313507,3
170,2.10800600052,5.36106419563,3
171,2.12125015259,5.37329411507,3
172,2.1334400177,5.38949513435,3
173,2.14520907402,5.39856600761,3
174,2.15899801254,5.41216111183,3
175,2.17087507248,5.42301797867,3
176,2.182543993,5.43376302719,3
177,2.19443011284,5.45114517212,3
178,2.20691108704,5.46323013306,3
179,2.22500014305,5.47651314735,3
180,2.23909807205,5.49147105217,3
181,2.25103616714,5.5072851181,3
182,2.26300811768,5.51797318459,3
183,2.2749080658,5.52662205696,3
184,2.28700113297,5.54301118851,3
185,2.29889416695,5.55309510231,3
186,2.31085014343,5.56979513168,3
187,2.32260608673,5.57752513885,3
188,2.33454298973,5.5900490284,3
189,2.34641909599,5.59764409065,3
190,2.3584420681,5.61013507843,3
191,2.37040519714,5.62258505821,3
192,2.38227319717,5.63553500175,3
193,2.39717507362,5.65007305145,3
194,2.40908908844,5.66172814369,3
195,2.42107009888,5.67524409294,3
196,2.43311309814,5.68653607368,3
197,2.44476914406,5.6980240345,3
198,2.45750713348,5.71562719345,3
199,2.47024703026,5.72232413292,3
200,2.48225307465,5.73629117012,3
201,2.49501109123,5.74658298492,3
202,2.50706601143,5.75933218002,3
203,2.51953721046,5.77185511589,3
204,2.53208708763,5.78350114822,3
205,2.54386210442,5.79923510551,3
206,2.55646514893,5.8092110157,3
207,2.56911420822,5.82457709312,3
208,2.58144617081,5.84037709236,3
209,2.59860420227,5.8572010994,3
210,2.61044502258,5.8634121418,3
211,2.62211108208,5.87479400635,3
212,2.63414907455,5.88997817039,3
213,2.64653420448,5.89847707748,3
214,2.65896010399,5.91160702705,3
215,2.67097020149,5.92442703247,1
216,2.68313217163,5.93556404114,1
217,2.69531416893,5.9491109848,1
218,2.70759916306,5.96426510811,1
219,2.71990513802,5.97176408768,1
220,2.7323820591,5.98533415794,1
221,2.7445909977,5.99732804298,1
222,2.75687503815,6.00925898552,1
223,2.76921820641,6.02531099319,1
224,2.78135704994,6.03240203857,1
225,2.79359221458,6.04681301117,1
226,2.80596899986,6.0591840744,1
227,2.8180000782,6.07031416893,1
228,2.83012604713,6.082062006,1
229,2.84232115746,6.09745311737,1
230,2.85481309891,6.10981011391,1
231,2.86651515961,6.12153220177,1
232,2.87861514091,6.12979316711,1
233,2.89033317566,6.14348816872,1
234,2.90259313583,6.15543603897,1
235,2.91477417946,6.17520999908,1
236,2.92677521706,6.17966198921,1
237,2.93866610527,6.19150018692,1
238,2.9517660141,6.20537519455,1
239,2.96372914314,6.21949505806,1
240,2.97550201416,6.22894906998,1
241,2.9880130291,6.24246716499,1
242,2.99999499321,6.25244402885,1
243,3.01204419136,6.26754498482,1
244,3.02990818024,6.28638410568,1
245,3.04374313354,6.29481220245,1
246,3.05543518066,6.31023907661,1
247,3.0669131279,6.32181406021,1
248,3.08635115623,6.33779001236,1
249,3.10154414177,6.36122202873,1
250,3.11515712738,6.3674530983,1
251,3.12960600853,6.39164614677,1
252,3.14131116867,6.39972114563,1
253,3.15306901932,6.40381908417,1
254,3.16593003273,6.4233751297,1
255,3.17830109596,6.43085503578,1
256,3.19141316414,6.44295620918,1
257,3.20311403275,6.45532202721,1
258,3.21830916405,6.47117209435,1
259,3.23818707466,6.49457812309,1
260,3.25092220306,6.50350213051,1
261,3.26245999336,6.52104210854,1
262,3.27434301376,6.52602720261,1
263,3.28692817688,6.54360604286,1
264,3.30208706856,6.55600905418,1
265,3.31488013268,6.56709599495,1
266,3.32657599449,6.57933020592,1
267,3.33896017075,6.59542417526,1
268,3.35409712791,6.60663199425,1
269,3.36684799194,6.62185001373,1
270,3.38139605522,6.63658905029,1
271,3.39609313011,6.64879798889,1
272,3.40870904922,6.66072106361,1
273,3.42123508453,6.67533111572,1
274,3.43551707268,6.68689417839,1
275,3.44712710381,6.70354604721,3
276,3.45925116539,6.71010613441,3
277,3.47107505798,6.72228312492,3
278,3.48264813423,6.73878717422,3
279,3.49473714828,6.74638915062,3
280,3.50810217857,6.7597219944,3
281,3.5245141983,6.77546811104,3
282,3.54237413406,6.79669904709,3
283,3.55841302872,6.81051111221,3
284,3.57106018066,6.82278513908,3
285,3.58262610435,6.83548808098,3
286,3.59650301933,6.86048603058,3
287,3.6102540493,6.86762404442,3
288,3.62207317352,6.87529611588,3
289,3.63478422165,6.89062213898,3
290,3.65224409103,6.90270614624,3
291,3.66497015953,6.91758918762,3
292,3.67776417732,6.93472719193,3
293,3.69271922112,6.9453291893,3
294,3.70571804047,6.96045899391,3
295,3.71731114388,6.97201609612,3
296,3.73440814018,6.98655509949,3
297,3.74594521523,7.00275421143,3
298,3.75870299339,7.01556420326,3
299,3.7705950737,7.02285814285,3
300,3.78208708763,7.03775405884,3
301,3.79541802406,7.05046606064,3
302,3.80725622177,7.05900216103,3
303,3.81920719147,7.07188010216,3
304,3.83900403976,7.09196901321,3
305,3.85156202316,7.11474204063,3
306,3.86310315132,7.11561512947,3
307,3.87857103348,7.13107419014,3
308,3.89218020439,7.14493703842,3
309,3.90450310707,7.1568980217,3
310,3.91721320152,7.17257905006,3
311,3.9293680191,7.1819050312,3
312,3.94174218178,7.19356107712,3
313,3.95524406433,7.20747113228,3
314,3.96833705902,7.22120404243,3
315,3.98121809959,7.23956298828,3
316,3.99520611763,7.246707201,3
317,4.00680208206,7.25915503502,3
318,4.01840400696,7.27133107185,3
319,4.02997207642,7.28137207031,3
320,4.04208612442,7.29625320435,3
321,4.05444502831,7.30813908577,3
322,4.06737804413,7.31931710243,3
323,4.07950115204,7.33362007141,3
324,4.09212017059,7.3445110321,3
325,4.10763406754,7.3624920845,3
326,4.11978006363,7.3714799881,3
327,4.13154816628,7.38587999344,3
328,4.14374303818,7.39649605751,1
329,4.15541601181,7.40738320351,1
330,4.16813921928,7.42268800735,1
331,4.17987704277,7.43085002899,1
332,4.19188714027,7.44307398796,1
333,4.2082760334,7.46295118332,1
334,4.22087407112,7.47451615334,1
335,4.23261117935,7.49105715752,1
336,4.24433898926,7.49456501007,1
337,4.25733017921,7.51362419128,1
338,4.26936602592,7.52232003212,1
339,4.28090810776,7.5369181633,1
340,4.29259419441,7.54477715492,1
341,4.30442500114,7.55606412888,1
342,4.31637215614,7.56818604469,1
343,4.3284740448,7.58273506165,1
344,4.3415222168,7.60211110115,1
345,4.35834002495,7.61557507515,1
346,4.37658905983,7.63510012627,1
347,4.38812398911,7.64005708694,1
348,4.40264320374,7.65599513054,1
349,4.42084217072,7.67555308342,1
350,4.43372511864,7.68775010109,1
351,4.44951415062,7.70627999306,1
352,4.46435713768,7.72525715828,1
353,4.47649002075,7.7335960865,1
354,4.49220919609,7.74412918091,1
355,4.50478315353,7.76643705368,1
356,4.51628613472,7.76989912987,1
357,4.52886199951,7.7802901268,1
358,4.5414891243,7.79657316208,1
359,4.55489015579,7.80562710762,1
360,4.56650519371,7.81859612465,1
361,4.5781211853,7.83549618721,1
362,4.58964300156,7.84195399284,1
363,4.60546708107,7.86349105835,1
364,4.62889814377,7.88916015625,1
365,4.64341211319,7.89512705803,1
366,4.65489506721,7.90670013428,1
367,4.6669549942,7.91984820366,1
368,4.68174219131,7.93994808197,1
369,4.69381213188,7.94644904137,1
370,4.70551919937,7.95714712143,1
371,4.71842312813,7.9715681076,1
372,4.73002719879,7.98428010941,1
373,4.74377322197,7.99497509003,1
374,4.75522303581,8.00664901733,1
375,4.77893018723,8.0321161747,1
376,4.79201602936,8.04394316673,1
377,4.80564403534,8.0585000515,1
378,4.81729102135,8.07834720612,1
379,4.82916116714,8.08614420891,1
380,4.84153699875,8.09602618217,1
381,4.85323214531,8.10720014572,1
382,4.87040519714,8.12364315987,1
383,4.8833091259,8.14237999916,1
384,4.89814805984,8.15554618835,1
385,4.9101190567,8.16804814339,1
386,4.92610907555,8.17778801918,1
387,10.9459140301,14.1988370419,2
388,10.9580321312,14.2087881565,2
389,10.9701030254,14.2211041451,2
390,10.9820091724,14.2362890244,2
391,10.9942572117,14.2475299835,2
392,11.0062930584,14.2581071854,2
393,11.0182490349,14.2695419788,2
394,11.0303001404,14.2833430767,2
395,11.042440176,14.2999460697,2
396,11.0613319874,14.3127861023,2
397,11.0733931065,14.3261580467,2
398,11.0859451294,14.338460207,2
399,11.0992350578,14.3499209881,2
400,11.112237215,14.3718771935,2
401,11.1286950111,14.3797831535,2
402,11.1409080029,14.3919150829,2
403,11.1552431583,14.406471014,2
404,11.1670432091,14.4221041203,2
405,11.1816000938,14.4323871136,2
406,11.1936340332,14.4468851089,2
407,11.2056930065,14.4566390514,2
408,11.2175571918,14.4686410427,2
409,11.2297019958,14.4806540012,2
410,11.2414040565,14.492151022,2
411,11.2565960884,14.5066921711,2
412,11.2683250904,14.5222439766,2
413,11.2837162018,14.5348680019,2
414,11.2959780693,14.5498681068,2
415,11.3078172207,14.558604002,2
416,11.3241941929,14.5756471157,2
417,11.3363890648,14.5878620148,2
418,11.3547120094,14.6080100536,2
419,11.3671200275,14.6173191071,2
420,11.3814871311,14.634704113,2
421,11.393638134,14.6445031166,2
422,11.4059681892,14.6668691635,2
423,11.417828083,14.6716060638,2
424,11.4312171936,14.681746006,2
425,11.4460260868,14.700289011,2
426,11.4611880779,14.7127621174,2
427,11.473044157,14.7234120369,2
428,11.4848091602,14.741792202,2
429,11.5005121231,14.7507550716,2
430,11.512540102,14.7672760487,2
431,11.5243830681,14.7752890587,2
432,11.5366270542,14.7878510952,2
433,11.5489749908,14.7998042107,2
434,11.5607731342,14.8115561008,2
435,11.5726091862,14.8250131607,2
436,11.5851562023,14.8371961117,2
437,11.597299099,14.8505191803,2
438,11.6108150482,14.8632981777,2
439,11.6228752136,14.8757331371,2
440,11.6367740631,14.8881101608,2
441,11.6492390633,14.9015841484,2
442,11.661575079,14.9210731983,2
443,11.6736950874,14.9255840778,0
444,11.6854040623,14.9360461235,0
445,11.6975719929,14.9488120079,0
446,11.7103450298,14.9630401134,0
447,11.7222061157,14.9770901203,0
448,11.7347521782,14.9909291267,0
449,11.7513291836,15.0025789738,0
450,11.7633290291,15.016685009,0
451,11.7756111622,15.0266540051,0
452,11.7875831127,15.044699192,0
453,11.8000030518,15.0516901016,0
454,11.8124361038,15.0646941662,0
455,11.8284580708,15.0838820934,0
456,11.8438980579,15.095842123,0
457,11.8561902046,15.1070690155,0
458,11.8696401119,15.1198530197,0
459,11.8816452026,15.1328032017,0
460,11.8939270973,15.1444170475,0
461,11.9058480263,15.1563410759,0
462,11.9176151752,15.1761109829,0
463,11.9324741364,15.1839911938,0
464,11.9446480274,15.1955661774,0
465,11.9566011429,15.2097461224,0
466,11.9703710079,15.221791029,0
467,11.9822850227,15.242139101,0
468,11.994710207,15.2497460842,0
469,12.007240057,15.258589983,0
470,12.0189621449,15.2729210854,0
471,12.0313580036,15.2866950035,0
472,12.0486621857,15.3028771877,0
473,12.0603280067,15.3111841679,0
474,12.0722470284,15.3239891529,0
475,12.084911108,15.3383572102,0
476,12.0969882011,15.3518381119,0
477,12.109691143,15.3610811234,0
478,12.121762991,15.3766601086,0
479,12.1340231895,15.3841891289,0
480,12.1458411217,15.3969311714,0
481,12.1595749855,15.4110441208,0
482,12.1712009907,15.4268929958,0
483,12.1846461296,15.4352600574,0
484,12.1965401173,15.4470419884,0
485,12.208794117,15.4614830017,0
486,12.2209010124,15.4767520428,0
487,12.232956171,15.4904620647,0
488,12.2493941784,15.5004160404,0
489,12.2612621784,15.5128571987,0
490,12.2730541229,15.5246531963,0
491,12.2849361897,15.5363581181,0
492,12.2980501652,15.5564510822,0
493,12.3103730679,15.5628890991,0
494,12.3222620487,15.5751841068,0
495,12.3341200352,15.5930981636,2
496,12.3460900784,15.5964581966,2
497,12.3579080105,15.6145851612,2
498,12.3701901436,15.6211299896,2
499,12.3842220306,15.6368460655,2
500,12.3963670731,15.6495320797,2
501,12.4085240364,15.6599090099,2
502,12.4204230309,15.6764731407,2
503,12.4333791733,15.6842250824,2
504,12.4451770782,15.6960480213,2
505,12.4571831226,15.7103819847,2
506,12.4718170166,15.7223701477,2
507,12.4836361408,15.7344090939,2
508,12.4955501556,15.7466061115,2
509,12.5075170994,15.7605550289,2
510,12.5193161964,15.7745552063,2
511,12.5319402218,15.7827680111,2
512,12.5440981388,15.8017342091,2
513,12.5605421066,15.8115520477,2
514,12.5743172169,15.8263151646,2
515,12.5865662098,15.8374240398,2
516,12.599419117,15.8503119946,2
517,12.6140961647,15.8666770458,2
518,12.6259992123,15.8809990883,2
519,12.6376240253,15.8880841732,2
520,12.6515171528,15.9016602039,2
521,12.6642310619,15.9302511215,2
522,12.6770920753,15.9311110973,2
523,12.6892762184,15.945497036,2
524,12.7071130276,15.9590079784,2
525,12.7195520401,15.976334095,2
526,12.7321550846,15.9845499992,2
527,12.744426012,15.9952220917,2
528,12.75685215,16.0093979836,2
529,12.7690770626,16.0225071907,2
530,12.7811820507,16.0316951275,2
531,12.7931990623,16.0469591618,2
532,12.8086462021,16.0589821339,2
533,12.8206460476,16.0752081871,2
534,12.8323872089,16.0861861706,2
535,12.8444840908,16.0947501659,2
536,12.85663414,16.1070761681,2
537,12.8733680248,16.1274302006,2
538,12.8851799965,16.1403059959,2
539,12.8990151882,16.1516141891,2
540,12.9115641117,16.1632041931,2
541,12.923566103,16.1783180237,2
542,12.936150074,16.1942331791,2
543,12.9535310268,16.2058401108,2
544,12.9666221142,16.2224690914,2
545,12.9810910225,16.2370619774,0
546,12.9941921234,16.2456040382,0
547,13.011631012,16.2663111687,0
548,13.0238080025,16.2768671513,0
549,13.0360400677,16.2887551785,0
550,13.0486161709,16.3049440384,0
551,13.0681340694,16.3245751858,0
552,13.0800480843,16.3315119743,0
553,13.0921051502,16.3427531719,0
554,13.1052370071,16.3595440388,0
555,13.1174190044,16.3767809868,0
556,13.1295721531,16.3833811283,0
557,13.1460161209,16.3981800079,0
558,13.1602351665,16.4129781723,0
559,13.1723589897,16.428771019,0
560,13.1876101494,16.4394671917,0
561,13.1999640465,16.4514729977,0
562,13.2118601799,16.4697780609,0
563,13.2237010002,16.4785270691,0
564,13.2354462147,16.4864170551,0
565,13.2498600483,16.499776125,0
566,13.2612931728,16.513105154,0
567,13.2730510235,16.5235161781,0
568,13.2846121788,16.5348601341,0
569,13.3007500172,16.551181078,0
570,13.3123850822,16.5715341568,0
571,13.3245391846,16.5749640465,0
572,13.3419821262,16.5964260101,0
573,13.3541660309,16.6048371792,0
574,13.3662281036,16.6262710094,0
575,13.3782010078,16.6308760643,0
576,13.390515089,16.6438491344,0
577,13.4030280113,16.6596870422,0
578,13.4171130657,16.6813340187,0
579,13.4360001087,16.6877779961,0
580,13.4481601715,16.7022550106,0
581,13.4602780342,16.712072134,0
582,13.4724040031,16.7240171432,0
583,13.4846990108,16.7365660667,0
584,13.4964501858,16.7508261204,0
585,13.5084080696,16.7595620155,0
586,13.5201890469,16.7765471935,0
587,13.5318701267,16.7817192078,0
588,13.5433959961,16.7954549789,0
589,13.5554940701,16.80834198,0
590,13.5676670074,16.8238930702,0
591,13.5798912048,16.8314971924,0
592,13.592097044,16.8429710865,0
593,13.6042771339,16.8568770885,0
594,13.6171431541,16.8721439838,0
595,13.6295251846,16.8833341599,0
596,13.6420111656,16.8954482079,0
597,13.65539217,16.9071950912,0
598,13.667178154,16.9246029854,0
599,13.6795790195,16.9371922016,0
600,13.6914541721,16.9447820187,0
601,13.7034142017,16.9538249969,0
602,13.7150630951,16.9676930904,0
603,13.7274670601,16.9795320034,0
604,19.7464129925,22.9974081516,3
605,19.7584280968,23.0104341507,3
606,19.7705471516,23.0207049847,3
607,19.7828791142,23.0328631401,3
608,19.7976841927,23.0478420258,3
609,19.8126850128,23.0632450581,3
610,19.8243451118,23.0767672062,3
611,19.8360450268,23.0911149979,3
612,19.8486530781,23.0996999741,3
613,19.8611001968,23.1149990559,3
614,19.8730239868,23.134968996,3
615,19.8848650455,23.1395771503,3
616,19.8969399929,23.1490521431,3
617,19.9092512131,23.1643459797,3
618,19.9217031002,23.1722002029,3
619,19.9336102009,23.1846940517,3
620,19.9452800751,23.197510004,3
621,19.9611661434,23.2131750584,3
622,19.9730579853,23.229197979,3
623,19.9927930832,23.2448630333,3
624,20.0059862137,23.2570960522,3
625,20.0175900459,23.2686851025,3
626,20.029309988,23.2806611061,3
627,20.0408861637,23.294178009,3
628,20.0526971817,23.3117191792,3
629,20.0645160675,23.3209481239,3
630,20.0765202045,23.328772068,3
631,20.08852911,23.3444039822,3
632,20.1005761623,23.353511095,3
633,20.1124601364,23.3633081913,3
634,20.1243350506,23.3764100075,3
635,20.1371541023,23.3882131577,3
636,20.1492321491,23.4003250599,3
637,20.1610682011,23.4144251347,3
638,20.1734499931,23.4235692024,3
639,20.1853210926,23.4359970093,3
640,20.1973800659,23.4482660294,3
641,20.2092101574,23.4602241516,3
642,20.22133708,23.4735770226,3
643,20.2332282066,23.4840180874,3
644,20.2450690269,23.4968731403,3
645,20.2570660114,23.5078141689,3
646,20.2696080208,23.5241219997,3
647,20.2822160721,23.537238121,3
648,20.2944531441,23.5452160835,3
649,20.3074691296,23.5580639839,3
650,20.321449995,23.5726311207,3
651,20.3344390392,23.5890760422,3
652,20.3491342068,23.6020140648,3
653,20.3609762192,23.6150610447,3
654,20.374587059,23.6286761761,3
655,20.3892600536,23.6464111805,3
656,20.4034421444,23.6546370983,3
657,20.4153540134,23.6653351784,3
658,20.4268620014,23.6781251431,3
659,20.4399900436,23.6935441494,3
660,20.4531321526,23.7060329914,1
661,20.4654040337,23.7155890465,1
662,20.4772500992,23.7273931503,1
663,20.4891240597,23.7400431633,1
664,20.5010890961,23.7544250488,1
665,20.512843132,23.7681391239,1
666,20.5250110626,23.7769470215,1
667,20.5384252071,23.7887320518,1
668,20.5504071712,23.8032021523,1
669,20.5648210049,23.8161511421,1
670,20.5771000385,23.8283171654,1
671,20.5923731327,23.8450779915,1
672,20.6040520668,23.856757164,1
673,20.6156010628,23.8660831451,1
674,20.6271409988,23.8804080486,1
675,20.6387190819,23.8899190426,1
676,20.650960207,23.9075331688,1
677,20.6628880501,23.9144661427,1
678,20.6752471924,23.9299800396,1
679,20.6884720325,23.9401111603,1
680,20.7024149895,23.9536340237,1
681,20.7141141891,23.9648151398,1
682,20.7257671356,23.97955513,1
683,20.7380931377,23.9888310432,1
684,20.7505910397,24.0007550716,1
685,20.7636301517,24.0231630802,1
686,20.7754871845,24.0274090767,1
687,20.790790081,24.0483469963,1
688,20.8067071438,24.0586030483,1
689,20.8185791969,24.0693640709,1
690,20.8305490017,24.0819749832,1
691,20.8430922031,24.0980231762,1
692,20.8554661274,24.1162080765,1
693,20.8675560951,24.1184911728,1
694,20.8796820641,24.1342480183,1
695,20.8973391056,24.1520521641,1
696,20.9092872143,24.1660830975,1
697,20.9210960865,24.1755340099,1
698,20.9334461689,24.1873221397,1
699,20.9478859901,24.1991569996,1
700,20.9616091251,24.2153170109,1
701,20.9734320641,24.2311081886,1
702,20.9874491692,24.2451310158,1
703,21.0004382133,24.254338026,1
704,21.0132191181,24.2644681931,1
705,21.0254352093,24.2772660255,1
706,21.0374360085,24.2959730625,1
707,21.0493340492,24.3015241623,1
708,21.0614891052,24.3158390522,1
709,21.073415041,24.3269970417,1
710,21.0852169991,24.3384699821,1
711,21.097233057,24.3476831913,1
712,21.1092572212,24.3622729778,1
713,21.1214551926,24.3753120899,1
714,27.1427221298,30.3954670429,2
715,27.1548540592,30.4051680565,2
716,27.1672790051,30.4184350967,2
717,27.1800031662,30.4335031509,2
718,27.191519022,30.4457931519,2
719,27.2072281837,30.4676041603,2
720,27.2192900181,30.4795200825,2
721,27.2316021919,30.4824101925,2
722,27.2436602116,30.4962329865,2
723,27.2569131851,30.5113329887,2
724,27.2687551975,30.526143074,2
725,27.2804560661,30.531181097,2
726,27.2925510406,30.5457720757,2
727,27.3058240414,30.5607180595,2
728,27.3183231354,30.5725851059,2
729,27.3312821388,30.584017992,2
730,27.343154192,30.5947360992,2
731,27.3574941158,30.6081562042,2
732,27.3693342209,30.6216821671,2
733,27.3814761639,30.6327171326,2
734,27.3954091072,30.6502850056,2
735,27.4086501598,30.6587281227,2
736,27.4233531952,30.6750781536,2
737,27.4357252121,30.6871650219,2
738,27.4495511055,30.7010211945,2
739,27.4617550373,30.7145211697,2
740,27.4735481739,30.7259690762,2
741,27.4853479862,30.7436301708,2
742,27.4983301163,30.7507581711,2
743,27.5104629993,30.7612040043,2
744,27.5239450932,30.7786710262,2
745,27.5362911224,30.7871010303,2
746,27.551374197,30.8066940308,2
747,27.5632860661,30.8167920113,2
748,27.575122118,30.8253011703,2
749,27.5868160725,30.838135004,2
750,27.5985791683,30.8502130508,2
751,27.6112210751,30.8618240356,2
752,27.6247260571,30.8772661686,2
753,27.6365411282,30.8876540661,2
754,27.6509671211,30.9101011753,2
755,27.6627850533,30.914276123,2
756,27.6744291782,30.925134182,2
757,27.6887080669,30.9416370392,2
758,27.7023770809,30.9534590244,2
759,27.7174751759,30.9749782085,2
760,27.7337770462,30.9855480194,2
761,27.7459690571,30.9985051155,2
762,27.7576570511,31.0087280273,2
763,27.7701342106,31.0268640518,2
764,27.7841200829,31.0350902081,2
765,27.7959971428,31.0471601486,2
766,27.8083970547,31.0589342117,2
767,27.8223991394,31.0750691891,0
768,27.8346571922,31.0874941349,0
769,27.8474981785,31.1007020473,0
770,27.8600749969,31.1135730743,0
771,27.872467041,31.1271910667,0
772,27.8842191696,31.1366682053,0
773,27.8961222172,31.1474750042,0
774,27.9081950188,31.1591391563,0
775,27.9208362103,31.1718690395,0
776,27.93309021,31.1838901043,0
777,27.945430994,31.1967401505,0
778,27.9576010704,31.2096261978,0
779,27.969230175,31.2202730179,0
780,27.9807240963,31.2316122055,0
781,27.9931781292,31.2443990707,0
782,28.0067250729,31.258035183,0
783,28.0214221478,31.2720780373,0
784,28.0338330269,31.2846970558,0
785,28.0458509922,31.2977039814,0
786,28.059442997,31.3129789829,0
787,28.072273016,31.3242020607,0
788,28.0845310688,31.3384180069,0
789,28.0966751575,31.352643013,0
790,28.1089010239,31.3627281189,0
791,28.1209201813,31.3722231388,0
792,28.1328721046,31.3847382069,0
793,28.1449580193,31.3968241215,0
794,28.1590001583,31.4103372097,0
795,28.1706550121,31.4218142033,0
796,28.1827950478,31.4370481968,0
797,28.1943449974,31.4491372108,0
798,28.2101550102,31.4707860947,0
799,28.2225661278,31.4819071293,0
800,28.23447299,31.4846870899,0
801,28.2464251518,31.5000500679,0
802,28.2588131428,31.5131521225,0
803,28.271337986,31.5324780941,0
804,28.2831799984,31.5340001583,0
805,28.2953271866,31.5477001667,0
806,28.309431076,31.5627880096,0
807,28.3214662075,31.5745050907,0
808,28.3338561058,31.5863101482,0
809,28.3457651138,31.5971231461,0
810,28.3575642109,31.6098780632,0
811,28.371243,31.6235411167,0
812,28.3851451874,31.6362919807,0
813,28.3982400894,31.6490881443,0
814,28.4110560417,31.6670060158,0
815,28.4265191555,31.6804051399,0
816,28.4387760162,31.6899411678,0
817,28.4508221149,31.7042150497,0
818,28.4674031734,31.7202801704,0
819,34.4836211205,37.7343771458,3
820,34.4952549934,37.747303009,3
821,34.509054184,37.7596740723,3
822,34.5211160183,37.7721610069,3
823,34.5362071991,37.790389061,3
824,34.5480861664,37.799890995,3
825,34.5597541332,37.8105361462,3
826,34.5722250938,37.8236169815,3
827,34.5841760635,37.8347260952,3
828,34.5959231853,37.8482880592,3
829,34.6079761982,37.8608880043,3
830,34.6202890873,37.8736901283,3
831,34.6322660446,37.8835961819,3
832,34.6451911926,37.8971400261,3
833,34.6584470272,37.9097731113,3
834,34.6715700626,37.9249470234,3
835,34.6834571362,37.9348630905,3
836,34.6975240707,37.9542000294,3
837,34.7094240189,37.9612472057,3
838,34.7210040092,37.9725310802,3
839,34.7327580452,37.9877271652,3
840,34.7449481487,37.9970390797,3
841,34.7590091228,38.0120999813,3
842,34.7718110085,38.0232150555,3
843,34.7871701717,38.0372111797,3
844,34.8006432056,38.0509431362,3
845,34.8144822121,38.0656411648,3
846,34.8281362057,38.0796720982,3
847,34.8430562019,38.0936510563,3
848,34.8575282097,38.1090261936,3
849,34.8693861961,38.1208331585,3
850,34.8809571266,38.1322410107,3
851,34.8925890923,38.1451489925,3
852,34.9045441151,38.1561331749,3
853,34.9171080589,38.1758220196,3
854,34.9288990498,38.1805591583,3
855,34.94246912,38.1993570328,3
856,34.9544360638,38.2094051838,3
857,34.9662849903,38.2225821018,3
858,34.9830970764,38.2379841805,3
859,34.9992082119,38.2568941116,3
860,35.0165212154,38.2693371773,3
861,35.0297369957,38.2810180187,3
862,35.0426301956,38.2941219807,3
863,35.0543880463,38.3053121567,3
864,35.0687031746,38.320702076,3
865,35.0812242031,38.3377571106,3
866,35.0937421322,38.3483381271,3
867,35.1060101986,38.3614480495,3
868,35.1214540005,38.3725891113,3
869,35.1332411766,38.3859009743,3
870,35.1452791691,38.3972671032,3
871,35.1579120159,38.4097959995,3
872,35.1700839996,38.4209711552,3
873,35.1833090782,38.4349951744,3
874,35.1966171265,38.4509050846,3
875,35.208933115,38.4592571259,3
876,35.2206690311,38.4720430374,3
877,35.2345631123,38.487896204,3
878,35.2467391491,38.4977831841,3
879,35.2587502003,38.512234211,1
880,35.2707080841,38.5222320557,1
881,35.2833662033,38.5354821682,1
882,35.295238018,38.5459301472,1
883,35.3098640442,38.562926054,1
884,35.324393034,38.583381176,1
885,35.3375360966,38.5898900032,1
886,35.3495709896,38.6000521183,1
887,35.3620312214,38.6150751114,1
888,35.3754460812,38.6265151501,1
889,35.3874530792,38.6411590576,1
890,35.39935112,38.6497240067,1
891,35.4153120518,38.6680841446,1
892,35.4272561073,38.6778211594,1
893,35.4404041767,38.6942679882,1
894,35.4528470039,38.7039461136,1
895,35.4654099941,38.7161672115,1
896,35.4775471687,38.7343990803,1
897,35.4942400455,38.7454650402,1
898,35.5072281361,38.7592201233,1
899,35.5200390816,38.7721300125,1
900,35.5329310894,38.7875230312,1
901,35.5454530716,38.8015310764,1
902,35.5594711304,38.8115069866,1
903,35.572573185,38.8315601349,1
904,35.5871200562,38.8383350372,1
905,35.5987801552,38.8507761955,1
906,35.6103451252,38.8644251823,1
907,35.6221780777,38.8851480484,1
908,35.6338660717,38.8858010769,1
909,35.6462302208,38.8982670307,1
910,35.6598629951,38.9138801098,1
911,35.6742560863,38.925588131,1
912,35.6860961914,38.9402840137,1
913,35.6985111237,38.9605801105,1
914,35.7130250931,38.9672460556,1
915,35.7251431942,38.9754362106,1
916,35.7368760109,38.9925971031,1
917,35.7486920357,39.0020411015,1
918,35.760890007,39.0146460533,1
919,35.7727711201,39.023348093,1
920,35.7843329906,39.0346500874,1
921,35.7967000008,39.0491600037,1
922,35.8084220886,39.0595061779,1
923,35.823333025,39.0794551373,1
924,35.8356540203,39.0874211788,1
925,35.8474841118,39.0980319977,1
926,35.8617269993,39.1219592094,1
927,35.8740060329,39.1258440018,1
928,35.8858780861,39.1371409893,1
929,35.8976831436,39.1483781338,1
930,35.9094851017,39.1629500389,3
931,35.921651125,39.1785130501,3
932,35.9335830212,39.1864571571,3
933,35.9464960098,39.2029511929,3
934,35.9583981037,39.211700201,3
935,35.9700920582,39.2230792046,3
936,35.9839601517,39.2366621494,3
937,35.9960620403,39.2459471226,3
938,36.0092711449,39.2658200264,3
939,36.02140522,39.2729320526,3
940,36.0340771675,39.2859940529,3
941,36.0459651947,39.2965960503,3
942,36.0577201843,39.3085231781,3
943,36.0700311661,39.3238379955,3
944,36.0818111897,39.3429150581,3
945,36.093708992,39.3480579853,3
946,36.1113471985,39.3626251221,3
947,36.1232180595,39.3753330708,3
948,36.1347360611,39.3900971413,3
949,36.1469671726,39.399543047,3
950,36.1596422195,39.4098961353,3
951,36.1727030277,39.4254031181,3
952,36.1879432201,39.4417359829,3
953,36.2010571957,39.4539000988,3
954,36.2144501209,39.4663691521,3
955,36.2274930477,39.480779171,3
956,36.2411720753,39.4925830364,3
957,36.2535881996,39.5047709942,3
958,36.2652020454,39.5167469978,3
959,36.2769711018,39.5283031464,3
960,36.2888200283,39.5458171368,3
961,36.3005611897,39.552478075,3
962,36.3132410049,39.5713281631,3
963,36.3279471397,39.5862290859,3
964,36.3425450325,39.5947561264,3
965,36.3561770916,39.6067490578,3
966,36.3695440292,39.6204471588,3
967,36.3819420338,39.6372020245,3
968,36.3990311623,39.6546020508,3
969,36.4109261036,39.6664481163,3
970,36.4231960773,39.687087059,3
971,36.4356231689,39.6929821968,3
972,36.4539570808,39.7055370808,3
973,36.4658851624,39.7166600227,3
974,36.4778962135,39.7298049927,3
975,36.4899220467,39.7404301167,3
976,36.5019412041,39.7522101402,3
977,36.514108181,39.7732901573,3
978,36.5260560513,39.7762479782,3
979,36.5381271839,39.7928681374,3
980,36.5541381836,39.8056511879,3
981,36.5667920113,39.8192131519,1
982,36.5800330639,39.8346002102,1
983,36.592249155,39.8428502083,1
984,36.6041982174,39.855779171,1
985,36.6169710159,39.8693630695,1
986,36.6293101311,39.8882191181,1
987,36.6415240765,39.895539999,1
988,36.6538071632,39.9044320583,1
989,36.6660091877,39.9226381779,1
990,36.6784451008,39.9314191341,1
991,36.6908450127,39.9435091019,1
992,36.70302701,39.9625110626,1
993,36.7149510384,39.9685740471,1
994,36.7270162106,39.978703022,1
995,36.7389171124,39.9936020374,1
996,36.7511520386,40.0054371357,1
997,36.7642440796,40.0224230289,1
998,36.7774021626,40.0351731777,1
999,36.7917990685,40.0437011719,1
1000,36.8048560619,40.0560910702,1
1001,36.8190350533,40.0693640709,1
1002,36.8325850964,40.0881440639,1
1003,36.8471651077,40.0998001099,1
1004,36.8626241684,40.1157400608,1
1005,36.8744330406,40.1249730587,1
1006,36.8862731457,40.1500911713,1
1007,36.897903204,40.1505141258,1
1008,36.9104471207,40.1657230854,1
1009,36.9233160019,40.1741950512,1
1010,36.9352231026,40.1886711121,1
1011,36.9474492073,40.1973822117,1
1012,36.9604539871,40.2188100815,1
1013,36.9724721909,40.2229800224,1
1014,36.9845540524,40.238669157,1
1015,37.0011751652,40.2588281631,1
1016,37.0132431984,40.268445015,1
1017,37.0255331993,40.2770421505,1
1018,37.0377001762,40.288973093,1
1019,37.0499811172,40.3030080795,1
1020,37.0619192123,40.3166429996,1
1021,37.0740261078,40.3277320862,1
1022,37.087157011,40.338545084,1
1023,37.10009408,40.350990057,1
1024,37.1152071953,40.3679201603,1
1025,37.1277980804,40.3787410259,1
1026,37.1399741173,40.3928570747,1
1027,37.1521570683,40.4127070904,1
1028,37.1639761925,40.4183940887,1
1029,37.176071167,40.4278380871,1
1030,37.1892352104,40.4437251091,1
1031,37.2025461197,40.4538559914,1
1032,37.2144579887,40.4668021202,1
1033,37.2269341946,40.4779281616,1
1034,37.2391021252,40.4905982018,1
1035,37.2529270649,40.5057940483,1
1036,37.264947176,40.5223500729,1
1037,43.2863430977,46.5388422012,2
1038,43.2978451252,46.5485370159,2
1039,43.3104870319,46.5612411499,2
1040,43.3221020699,46.5729680061,2
1041,43.3338940144,46.5847651958,2
1042,43.3468561172,46.5977780819,2
1043,43.3621029854,46.6178600788,2
1044,43.3744289875,46.6262860298,2
1045,43.3873281479,46.6388511658,2
1046,43.3994572163,46.651017189,2
1047,43.4158670902,46.6672852039,2
1048,43.4287490845,46.6830031872,2
1049,43.4407260418,46.6918201447,2
1050,43.452434063,46.7040710449,2
1051,43.4649221897,46.7171001434,2
1052,43.4781391621,46.7321929932,2
1053,43.4902801514,46.7441971302,2
1054,43.5021750927,46.7530810833,2
1055,43.5142300129,46.7677030563,2
1056,43.5265481472,46.7781841755,2
1057,43.5390250683,46.790241003,2
1058,43.5508220196,46.8039860725,2
1059,43.5634231567,46.8144791126,2
1060,43.5753881931,46.8325130939,2
1061,43.5884511471,46.8395822048,2
1062,43.6007771492,46.8527841568,2
1063,43.6132030487,46.864221096,2
1064,43.6251831055,46.8762509823,2
1065,43.6369991302,46.8888220787,2
1066,43.6486821175,46.8992390633,2
1067,43.6619610786,46.9164040089,2
1068,43.6756310463,46.9297630787,2
1069,43.6895279884,46.9405632019,2
1070,43.702406168,46.9534790516,2
1071,43.7144210339,46.9652490616,2
1072,43.7263000011,46.978164196,2
1073,43.7385821342,46.9908940792,2
1074,43.7502100468,47.0011661053,2
1075,43.7649102211,47.0169119835,2
1076,43.7779181004,47.0290331841,2
1077,43.7926151752,47.0442070961,2
1078,43.8045392036,47.0556380749,2
1079,43.8164920807,47.0670640469,2
1080,43.8289721012,47.0803661346,2
1081,43.8410930634,47.0919489861,2
1082,43.8528821468,47.1047661304,2
1083,43.865967989,47.1173021793,2
1084,43.8794951439,47.1305670738,2
1085,43.8919692039,47.1428961754,2
1086,43.9039130211,47.1544129848,2
1087,43.9206671715,47.1716110706,2
1088,43.9324691296,47.1831431389,2
1089,43.9443891048,47.1969311237,2
1090,43.9561359882,47.2080030441,2
1091,43.96875,47.2204589844,2
1092,43.9816870689,47.2359631062,2
1093,43.9935781956,47.2442800999,2
1094,44.0074951649,47.2600781918,2
1095,44.0212140083,47.2725989819,2
1096,44.035654068,47.2881391048,0
1097,44.0476920605,47.2989480495,0
1098,44.0601360798,47.3112750053,0
1099,44.0727519989,47.3233890533,0
1100,44.0848510265,47.3372921944,0
1101,44.0971581936,47.357104063,0
1102,44.1113350391,47.3654520512,0
1103,44.1235880852,47.3757221699,0
1104,44.1355981827,47.388988018,0
1105,44.1479580402,47.4002330303,0
1106,44.1598939896,47.413184166,0
1107,44.1718080044,47.4222941399,0
1108,44.1871101856,47.4391181469,0
1109,44.1998291016,47.4512290955,0
1110,44.2125790119,47.4649960995,0
1111,44.2260642052,47.4822530746,0
1112,44.2385900021,47.4930930138,0
1113,44.2511510849,47.5023431778,0
1114,44.2641050816,47.5197331905,0
1115,44.2799730301,47.5309591293,0
1116,44.2917640209,47.5427160263,0
1117,44.3037440777,47.5554981232,0
1118,44.3164792061,47.568128109,0
1119,44.3284962177,47.5804049969,0
1120,44.3404071331,47.5917789936,0
1121,44.3520040512,47.6032621861,0
1122,44.364574194,47.6213622093,0
1123,44.376445055,47.6263160706,0
1124,44.3883302212,47.6394760609,0
1125,44.4002780914,47.6520900726,0
1126,44.4120621681,47.665222168,0
1127,44.424339056,47.6781880856,0
1128,44.4358041286,47.6866390705,0
1129,44.4488379955,47.706058979,0
1130,44.4623670578,47.7155091763,0
1131,44.4741179943,47.7272779942,0
1132,44.487896204,47.7405121326,0
1133,44.5025770664,47.7537000179,0
1134,44.5148830414,47.769518137,0
1135,44.5269560814,47.7781801224,0
1136,44.5399081707,47.7914061546,0
1137,44.5517520905,47.8038291931,0
1138,44.5640661716,47.8172440529,0
1139,44.5757541656,47.8258581161,0
1140,44.5876021385,47.8392620087,0
1141,44.6008710861,47.8553180695,0
1142,44.6131579876,47.8643910885,0
1143,44.626540184,47.8779380322,0
1144,44.6385090351,47.8888301849,0
1145,44.6521990299,47.9022979736,0
1146,44.6650831699,47.9216771126,0
1147,50.689907074,53.9414100647,3
1148,50.7028791904,53.954636097,3
1149,50.7158629894,53.9664111137,3
1150,50.7283840179,53.9793920517,3
1151,50.7410240173,53.993324995,3
1152,50.7533872128,54.006300211,3
1153,50.7653641701,54.0208280087,3
1154,50.7775042057,54.0286509991,3
1155,50.7896010876,54.0414721966,3
1156,50.8018071651,54.0545251369,3
1157,50.8141272068,54.0720200539,3
1158,50.8267800808,54.078453064,3
1159,50.8385841846,54.0901961327,3
1160,50.8505179882,54.1030950546,3
1161,50.8623631001,54.1128501892,3
1162,50.8741281033,54.124625206,3
1163,50.8859291077,54.1408751011,3
1164,50.8984780312,54.1490030289,3
1165,50.9110190868,54.1626451015,3
1166,50.9231359959,54.1732041836,3
1167,50.9348151684,54.1856520176,3
1168,50.9477570057,54.2011551857,3
1169,50.9611420631,54.213078022,3
1170,50.9745631218,54.2254741192,3
1171,50.9867460728,54.2391130924,3
1172,50.9989831448,54.2513980865,3
1173,51.0109791756,54.2678251266,3
1174,51.0236392021,54.2746901512,3
1175,51.0358521938,54.287774086,3
1176,51.0484662056,54.3074061871,3
1177,51.061604023,54.3185260296,3
1178,51.0738182068,54.3269920349,3
1179,51.0862371922,54.3387610912,3
1180,51.0982611179,54.3490459919,3
1181,51.110227108,54.3638210297,3
1182,51.1220312119,54.3744180202,3
1183,51.1343290806,54.3897931576,3
1184,51.146337986,54.3975610733,3
1185,51.1583151817,54.4087409973,3
1186,51.1711540222,54.4215371609,3
1187,51.1831610203,54.435021162,3
1188,51.1950051785,54.4459741116,3
1189,51.2068901062,54.4579021931,3
1190,51.2191610336,54.470662117,3
1191,51.2324821949,54.486344099,3
1192,51.2456171513,54.4997990131,3
1193,51.2585141659,54.511026144,3
1194,51.2707140446,54.5217561722,3
1195,51.283673048,54.5359940529,3
1196,51.2984540462,54.5502641201,3
1197,51.3108241558,54.567538023,3
1198,51.3249311447,54.5768301487,3
1199,51.3367152214,54.5925841331,1
1200,51.3487370014,54.5996789932,1
1201,51.3605980873,54.6109340191,1
1202,51.3725221157,54.6259820461,1
1203,51.3844621181,54.6360340118,1
1204,51.3976070881,54.6478090286,1
1205,51.4092311859,54.6617970467,1
1206,51.4242401123,54.675399065,1
1207,51.4363291264,54.6871051788,1
1208,51.4484272003,54.7014319897,1
1209,51.4614431858,54.7163631916,1
1210,51.4748051167,54.7255020142,1
1211,51.4866092205,54.7368731499,1
1212,51.5002660751,54.7528162003,1
1213,51.5121719837,54.7661921978,1
1214,51.5266430378,54.7881100178,1
1215,51.5387270451,54.7915041447,1
1216,51.5506060123,54.8012859821,1
1217,51.5640971661,54.8144540787,1
1218,51.5787742138,54.8308432102,1
1219,51.5939130783,54.8467400074,1
1220,51.6076271534,54.8591849804,1
1221,51.6197140217,54.8717341423,1
1222,51.6317150593,54.8821451664,1
1223,51.6448600292,54.8972342014,1
1224,51.6700479984,54.9212009907,1
1225,51.6821770668,54.9329841137,1
1226,51.6940751076,54.950191021,1
1227,51.710283041,54.9679579735,1
1228,51.7222981453,54.98280406,1
1229,51.7356321812,54.9890100956,1
1230,51.7476739883,54.9984350204,1
1231,51.7598102093,55.0109891891,1
1232,51.7723610401,55.0237360001,1
1233,51.784017086,55.0430090427,1
1234,51.7966160774,55.0484302044,1
1235,51.8151240349,55.0751399994,1
1236,51.8273911476,55.0806341171,1
1237,51.8392500877,55.0913879871,1
1238,51.8522632122,55.1045441628,1
1239,51.867372036,55.1307241917,1
1240,51.8801391125,55.1315200329,1
1241,51.8921191692,55.1454720497,1
1242,51.9049510956,55.1598520279,1
1243,51.9173960686,55.1696591377,1
1244,51.9302890301,55.1847941875,1
1245,51.942617178,55.1962471008,1
1246,51.9548251629,55.206330061,1
1247,51.9670701027,55.2247190475,1
1248,51.9846811295,55.2359631062,1
1249,51.9970560074,55.2482481003,1
1250,52.0106561184,55.2618811131,1
1251,52.0237710476,55.2748169899,1
1252,52.0371069908,55.2918009758,1
1253,52.048992157,55.3084321022,1
1254,52.0612649918,55.3209860325,1
1255,52.0733420849,55.3274140358,1
1256,52.0853440762,55.3359789848,1
1257,52.097205162,55.3481340408,1
1258,58.1176521778,61.3707029819,2
1259,58.1297411919,61.3802261353,2
1260,58.1416552067,61.3930640221,2
1261,58.1551849842,61.4103560448,2
1262,58.1673250198,61.4201860428,2
1263,58.1800501347,61.4379551411,2
1264,58.1921331882,61.4440441132,2
1265,58.2037250996,61.4556200504,2
1266,58.2157280445,61.4681019783,2
1267,58.229375124,61.4816889763,2
1268,58.2414300442,61.4923861027,2
1269,58.2533102036,61.5058951378,2
1270,58.2656841278,61.517565012,2
1271,58.2782490253,61.5349969864,2
1272,58.2900102139,61.5433092117,2
1273,58.3018250465,61.5531351566,2
1274,58.3200111389,61.5739541054,2
1275,58.3326041698,61.5848860741,2
1276,58.3456130028,61.5969820023,2
1277,58.3599450588,61.6123611927,2
1278,58.3721880913,61.62667799,2
1279,58.3838160038,61.6368751526,2
1280,58.3956620693,61.6459650993,2
1281,58.4079921246,61.6597201824,2
1282,58.4202091694,61.6716461182,2
1283,58.431882143,61.6828210354,2
1284,58.4451351166,61.6961231232,2
1285,58.4574911594,61.7090930939,2
1286,58.4693520069,61.7211689949,2
1287,58.4820981026,61.7361249924,2
1288,58.4953072071,61.7462790012,2
1289,58.5076341629,61.7599110603,2
1290,58.5195190907,61.7710430622,2
1291,58.5314650536,61.7841551304,2
1292,58.5436480045,61.7942349911,2
1293,58.5555541515,61.8093709946,2
1294,58.5681400299,61.8236050606,2
1295,58.5812001228,61.8313560486,2
1296,58.5936760902,61.8443989754,2
1297,58.6062672138,61.8568091393,2
1298,58.6179831028,61.8723649979,2
1299,58.6303629875,61.8854219913,2
1300,58.642786026,61.8950731754,2
1301,58.6550581455,61.9064731598,2
1302,58.667361021,61.9183180332,2
1303,58.6791040897,61.930352211,2
1304,58.6909790039,61.9425611496,2
1305,58.7035570145,61.9559340477,2
1306,58.7156860828,61.9698441029,2
1307,58.7292561531,61.9812281132,2
1308,58.7410941124,61.9935619831,2
1309,58.7573680878,62.0128500462,2
1310,58.7706320286,62.0239651203,2
1311,58.7836232185,62.0362291336,2
1312,58.7966220379,62.0474071503,2
1313,58.8090071678,62.0604720116,2
1314,58.8211581707,62.0737450123,2
1315,58.832955122,62.0856490135,2
1316,58.8454260826,62.0988681316,0
1317,58.8593740463,62.1110680103,0
1318,58.8723042011,62.1244661808,0
1319,58.8843121529,62.1364350319,0
1320,58.8961520195,62.1473591328,0
1321,58.9104812145,62.1634750366,0
1322,58.9231061935,62.1740651131,0
1323,58.9353401661,62.1876251698,0
1324,58.9508972168,62.2019469738,0
1325,58.9626262188,62.2128469944,0
1326,58.9759881496,62.2283070087,0
1327,58.9878401756,62.2433991432,0
1328,59.0039820671,62.2574391365,0
1329,59.0179140568,62.2688369751,0
1330,59.0311050415,62.2821860313,0
1331,59.045342207,62.2966091633,0
1332,59.0586020947,62.3148491383,0
1333,59.0704741478,62.3223462105,0
1334,59.083725214,62.3339250088,0
1335,59.0959141254,62.3485660553,0
1336,59.1084811687,62.3588399887,0
1337,59.1202950478,62.3792932034,0
1338,59.1320149899,62.3858950138,0
1339,59.1438450813,62.3946831226,0
1340,59.155591011,62.4141280651,0
1341,59.1676421165,62.4252581596,0
1342,59.1805691719,62.4314591885,0
1343,59.1927111149,62.4462912083,0
1344,59.2050411701,62.4573571682,0
1345,59.2173550129,62.4748179913,0
1346,59.2298700809,62.4840400219,0
1347,59.2418110371,62.4922552109,0
1348,59.2539761066,62.5115790367,0
1349,59.2674322128,62.5181632042,0
1350,59.2814800739,62.5378680229,0
1351,59.2936241627,62.5452880859,0
1352,59.3093960285,62.5626630783,0
1353,59.3223700523,62.5755200386,0
1354,59.3350880146,62.5849850178,0
1355,59.3468151093,62.5999732018,0
1356,59.3613510132,62.6126000881,0
1357,59.3752610683,62.6296269894,0
1358,59.3867502213,62.6397240162,0
1359,59.4003820419,62.6583490372,0
1360,59.412623167,62.6655740738,0
1361,59.4243311882,62.6764161587,0
1362,59.4362030029,62.6888442039,0
1363,59.4482381344,62.6991109848,0
1364,59.4602200985,62.7108051777,0
1365,59.4729611874,62.7288219929,0
1366,59.4856200218,62.7360742092,0
1367,59.4998030663,62.7518541813,0
1368,59.5116701126,62.7648870945,0
1369,59.523389101,62.7771561146,0
1370,59.536645174,62.7958261967,0
1371,59.5489411354,62.8007781506,2
1372,59.5612900257,62.8127191067,2
1373,59.5781230927,62.8298192024,2
1374,59.5909891129,62.8479521275,2
1375,59.6033391953,62.8573520184,2
1376,59.6151170731,62.8680291176,2
1377,59.6335082054,62.8881890774,2
1378,59.6533532143,62.9147830009,2
1379,59.6723051071,62.9253320694,2
1380,59.6841630936,62.9366919994,2
1381,59.6976311207,62.9541251659,2
1382,59.7101430893,62.9625501633,2
1383,59.7245440483,62.9795210361,2
1384,59.7363600731,62.9877099991,2
1385,59.7487180233,62.9994170666,2
1386,59.7606220245,63.0147600174,2
1387,59.7728362083,63.027187109,2
1388,59.7851731777,63.0396671295,2
1389,59.7974100113,63.0517280102,2
1390,59.8096930981,63.0637850761,2
1391,59.8227610588,63.0743970871,2
1392,59.835734129,63.0873219967,2
1393,59.8483870029,63.1027090549,2
1394,59.8630821705,63.1144981384,2
1395,59.8778710365,63.1306660175,2
1396,59.8897650242,63.1418290138,2
1397,59.9014651775,63.1568961143,2
1398,59.9143149853,63.1669201851,2
1399,59.9275240898,63.1798920631,2
1400,59.9416880608,63.1973311901,2
1401,59.9554080963,63.2120261192,2
1402,59.9694750309,63.2210299969,2
1403,59.9815070629,63.2322981358,2
1404,59.9932529926,63.2432160378,2
1405,60.0048601627,63.2607522011,2
1406,60.0180840492,63.2684791088,2
1407,60.0308201313,63.2819581032,2
1408,60.0484271049,63.3003051281,2
1409,60.0626430511,63.3224241734,2
1410,60.074393034,63.3266119957,2
1411,60.0859501362,63.3414301872,2
1412,60.0978941917,63.3552050591,2
1413,60.1148650646,63.3658452034,2
1414,60.1268811226,63.3844230175,2
1415,60.1387820244,63.3903419971,2
1416,60.1514132023,63.4040150642,2
1417,60.1635780334,63.4165351391,2
1418,60.1761372089,63.4345970154,2
1419,60.188005209,63.4392290115,2
1420,60.2003040314,63.4514172077,2
1421,60.2124991417,63.4659731388,2
1422,60.2245070934,63.4780809879,2
1423,60.236397028,63.4869570732,2
1424,60.2482662201,63.498759985,2
1425,60.2603521347,63.5139122009,2
1426,60.2729680538,63.5260910988,2
1427,60.2852141857,63.5411660671,0
1428,60.2974350452,63.5477201939,0
1429,60.3097121716,63.5640761852,0
1430,60.3219110966,63.5788271427,0
1431,60.3375329971,63.59151721,0
1432,60.3502931595,63.6032011509,0
1433,60.3650410175,63.616091013,0
1434,60.3779220581,63.6346480846,0
1435,60.3900411129,63.6419041157,0
1436,60.4020211697,63.6525430679,0
1437,60.4143481255,63.6687400341,0
1438,60.4264411926,63.6779851913,0
1439,60.4383990765,63.6889231205,0
1440,60.4513640404,63.7020549774,0
1441,60.4636301994,63.720801115,0
1442,60.4756491184,63.7308151722,0
1443,60.4897119999,63.7408931255,0
1444,60.5020461082,63.7550489902,0
1445,60.5140480995,63.764783144,0
1446,60.5261762142,63.7795350552,0
1447,60.5378541946,63.7912061214,0
1448,60.5497159958,63.8022830486,0
1449,60.5614161491,63.8148109913,0
1450,60.5733370781,63.8311550617,0
1451,60.5854802132,63.8363361359,0
1452,60.5978012085,63.8495659828,0
1453,60.6108500957,63.8616549969,0
1454,60.6225759983,63.8762340546,0
1455,60.6351101398,63.8869671822,0
1456,60.6500070095,63.9108200073,0
1457,60.662322998,63.9146151543,0
1458,60.6741840839,63.9272301197,0
1459,60.6860489845,63.9383699894,0
1460,60.6979529858,63.949958086,0
1461,60.7106051445,63.9645931721,0
1462,60.7243971825,63.9766230583,0
1463,60.7366490364,63.9890630245,0
1464,60.7495369911,64.0045390129,0
1465,60.7635390759,64.0141291618,0
1466,60.7771940231,64.0306181908,0
1467,60.7899432182,64.0421991348,0
1468,60.801913023,64.0586020947,0
1469,60.8137121201,64.0661962032,0
1470,60.8263640404,64.0789701939,0
1471,60.8381640911,64.0899260044,0
1472,60.8519370556,64.1050100327,0
1473,60.865899086,64.118347168,0
1474,60.8780181408,64.1285591125,0
1475,60.8901760578,64.1402390003,0
1476,60.903012991,64.1586370468,0
1477,60.9167602062,64.1686410904,0
1478,60.9292850494,64.1798081398,0
1479,60.9411931038,64.1989340782,0
1480,60.9571251869,64.2079751492,0
1481,60.9692401886,64.2254731655,0
1482,66.9916641712,70.2423419952,3
1483,67.0032629967,70.2553701401,3
1484,67.0152261257,70.2652311325,3
1485,67.0269939899,70.2778251171,3
1486,67.0403430462,70.2919840813,3
1487,67.0564491749,70.3076250553,3
1488,67.0688610077,70.3228530884,3
1489,67.0807981491,70.3325309753,3
1490,67.0929570198,70.3545742035,3
1491,67.1111590862,70.3632991314,3
1492,67.1246430874,70.3767161369,3
1493,67.1374440193,70.3888092041,3
1494,67.1535902023,70.4123241901,3
1495,67.1650781631,70.4155900478,3
1496,67.1766591072,70.4280359745,3
1497,67.1882460117,70.4410531521,3
1498,67.1999061108,70.4506661892,3
1499,67.2116990089,70.4646251202,3
1500,67.2238371372,70.475041151,3
1501,67.2356190681,70.4875621796,3
1502,67.2470331192,70.4993000031,3
1503,67.2598891258,70.5103890896,3
1504,67.2729251385,70.5259561539,3
1505,67.2857561111,70.5372891426,3
1506,67.2999341488,70.5507330894,3
1507,67.3129980564,70.563901186,3
1508,67.3262460232,70.5790920258,3
1509,67.3383560181,70.5906071663,3
1510,67.350148201,70.6010260582,3
1511,67.3621292114,70.6138641834,3
1512,67.3741791248,70.628287077,3
1513,67.3858830929,70.637237072,3
1514,67.3980281353,70.6488621235,3
1515,67.4097950459,70.6631610394,3
1516,67.4214601517,70.678301096,3
1517,67.4332032204,70.6911220551,3
1518,67.4458351135,70.6967871189,3
1519,67.4642391205,70.7197620869,3
1520,67.4763631821,70.7280051708,3
1521,67.4882721901,70.7407271862,3
1522,67.4999601841,70.7523701191,3
1523,67.511562109,70.7632210255,3
1524,67.5236420631,70.7744531631,3
1525,67.5355210304,70.7859661579,3
1526,67.5484721661,70.7995731831,3
1527,67.5643091202,70.8146021366,3
1528,67.5758461952,70.8267030716,3
1529,67.5914092064,70.8429419994,3
1530,67.6037340164,70.8546969891,3
1531,67.6158211231,70.867716074,3
1532,67.6301980019,70.881111145,3
1533,67.6427340508,70.8931510448,3
1534,67.6573140621,70.9096271992,3
1535,67.6717350483,70.9245631695,3
1536,67.6838991642,70.9363820553,3
1537,67.6970419884,70.9491281509,3
1538,67.7095751762,70.960766077,3
1539,67.7218999863,70.9727730751,3
1540,67.7356801033,70.9866201878,3
1541,67.7475721836,70.9994621277,1
1542,67.7593970299,71.0137209892,1
1543,67.7716140747,71.0222260952,1
1544,67.783629179,71.0342280865,1
1545,67.7957952023,71.0467700958,1
1546,67.8082740307,71.0608451366,1
1547,67.8223872185,71.0765740871,1
1548,67.8365540504,71.0929269791,1
1549,67.8485081196,71.1045730114,1
1550,67.8603620529,71.1120650768,1
1551,67.8758471012,71.1262459755,1
1552,67.8895339966,71.141272068,1
1553,67.902777195,71.1568341255,1
1554,67.9146010876,71.1693041325,1
1555,67.9289081097,71.1797511578,1
1556,67.9408349991,71.1924371719,1
1557,67.9527201653,71.2037270069,1
1558,67.9646070004,71.2158432007,1
1559,67.9763901234,71.2274169922,1
1560,67.9885210991,71.2403140068,1
1561,68.0005421638,71.252338171,1
1562,68.012430191,71.2640841007,1
1563,68.02435112,71.2819440365,1
1564,68.0370590687,71.291629076,1
1565,68.0488770008,71.2990341187,1
1566,68.0608730316,71.3152720928,1
1567,68.0728421211,71.3334770203,1
1568,68.0848801136,71.3416640759,1
1569,68.0981621742,71.3486402035,1
1570,68.1101570129,71.3637881279,1
1571,68.1220781803,71.3767631054,1
1572,68.1368300915,71.3931031227,1
1573,68.1489841938,71.3995330334,1
1574,68.1630730629,71.4148330688,1
1575,68.1749870777,71.4263920784,1
1576,68.1868901253,71.4394931793,1
1577,68.1989130974,71.4514641762,1
1578,68.2109451294,71.4628021717,1
1579,68.2230939865,71.4760591984,1
1580,68.2371749878,71.4878602028,1
1581,68.2490460873,71.5020740032,1
1582,68.2624680996,71.5140621662,1
1583,68.2756772041,71.5308611393,1
1584,68.2877321243,71.5395171642,1
1585,68.3005940914,71.5549981594,1
1586,68.3165512085,71.5695271492,1
1587,68.3284339905,71.5788600445,1
1588,68.3404121399,71.5991489887,1
1589,68.3602042198,71.6118760109,1
1590,68.3719379902,71.6321840286,1
1591,68.3849000931,71.6361510754,1
1592,68.3976950645,71.6488771439,1
1593,68.412787199,71.6680750847,1
1594,68.4278390408,71.6811921597,1
1595,74.4458591938,77.6994650364,2
1596,74.4574761391,77.7085380554,2
1597,74.4717080593,77.7225840092,2
1598,74.4845511913,77.7365810871,2
1599,74.496650219,77.7494750023,2
1600,74.5090010166,77.7615611553,2
1601,74.5208671093,77.7783081532,2
1602,74.532572031,77.7834410667,2
1603,74.5464160442,77.7985520363,2
1604,74.5591762066,77.8115570545,2
1605,74.5717329979,77.8241271973,2
1606,74.5843780041,77.8365671635,2
1607,74.5963640213,77.8472671509,2
1608,74.6104490757,77.8625450134,2
1609,74.622262001,77.8754332066,2
1610,74.6358571053,77.8877100945,2
1611,74.6478750706,77.8990061283,2
1612,74.6616430283,77.9159910679,2
1613,74.6756370068,77.9273030758,2
1614,74.6874911785,77.9388530254,2
1615,74.7009420395,77.9516501427,2
1616,74.7139101028,77.9657421112,2
1617,74.7273910046,77.9801270962,2
1618,74.7394051552,77.9912171364,2
1619,74.7515561581,78.0018420219,2
1620,74.7636930943,78.0166490078,2
1621,74.7774960995,78.0287361145,2
1622,74.7904682159,78.0482912064,2
1623,74.8071470261,78.0586671829,2
1624,74.8224060535,78.0767111778,2
1625,74.8348031044,78.0876371861,2
1626,74.8474349976,78.0990350246,2
1627,74.8595571518,78.1120760441,2
1628,74.8724410534,78.1234390736,2
1629,74.8847770691,78.137691021,2
1630,74.8964371681,78.1512160301,2
1631,74.9087331295,78.1677219868,2
1632,74.9230620861,78.1774849892,2
1633,74.9368910789,78.1887509823,2
1634,74.9489440918,78.2004821301,2
1635,74.9608981609,78.2111151218,2
1636,74.9728860855,78.2239460945,2
1637,74.9880261421,78.2423980236,2
1638,75.0000460148,78.250838995,2
1639,75.0123400688,78.2655501366,2
1640,75.0238571167,78.2783241272,2
1641,75.0357511044,78.2940471172,2
1642,75.0483210087,78.2996320724,2
1643,75.0627031326,78.3167920113,2
1644,75.074349165,78.3247160912,2
1645,75.0862700939,78.338258028,2
1646,75.1000239849,78.3524291515,2
1647,75.1121749878,78.3633611202,2
1648,75.1242930889,78.3752071857,0
1649,75.1398961544,78.3912210464,0
1650,75.1543850899,78.4061691761,0
1651,75.1662530899,78.4249761105,0
1652,75.1843500137,78.4371030331,0
1653,75.1991090775,78.4506721497,0
1654,75.2112061977,78.4656610489,0
1655,75.2273390293,78.4796710014,0
1656,75.2401192188,78.4919250011,0
1657,75.2526791096,78.5092771053,0
1658,75.2647161484,78.5155081749,0
1659,75.277312994,78.533591032,0
1660,75.2940940857,78.5455451012,0
1661,75.308453083,78.5604641438,0
1662,75.3229432106,78.5801920891,0
1663,75.3350670338,78.5860140324,0
1664,75.3487892151,78.6020610332,0
1665,75.3615171909,78.6138319969,0
1666,75.373842001,78.6248180866,0
1667,75.38560009,78.6364650726,0
1668,75.3978672028,78.6480801105,0
1669,75.4095141888,78.6602020264,0
1670,75.42258811,78.674986124,0
1671,75.4349021912,78.6915919781,0
1672,75.4471921921,78.7026519775,0
1673,75.4592571259,78.7105541229,0
1674,75.4717340469,78.7256071568,0
1675,75.4863231182,78.7382900715,0
1676,75.4991660118,78.7526230812,0
1677,75.5110981464,78.7628011703,0
1678,75.5233750343,78.7825620174,0
1679,75.5357551575,78.796459198,0
1680,75.5490210056,78.8020291328,0
1681,75.5610051155,78.8137950897,0
1682,75.5738921165,78.8269450665,0
1683,75.5861420631,78.8478350639,0
1684,75.5994260311,78.8499920368,0
1685,75.6127860546,78.8647260666,0
1686,75.6246380806,78.8785820007,0
1687,75.6384220123,78.8902890682,0
1688,75.6514592171,78.9039111137,0
1689,75.665099144,78.919039011,0
1690,75.6789550781,78.9347281456,0
1691,75.6908791065,78.9423451424,0
1692,75.7063610554,78.9585762024,0
1693,75.7182381153,78.9708590508,0
1694,75.7308981419,78.9835050106,0
1695,75.7449669838,78.9989831448,0
1696,75.7583391666,79.0128111839,0
1697,75.7735340595,79.0300371647,0
1698,75.7865071297,79.049156189,0
1699,75.7984900475,79.0560081005,0
1700,75.8102231026,79.0629620552,0
1701,75.8225491047,79.0794510841,0
1702,75.834856987,79.091201067,0
1703,75.8474900723,79.0987091064,2
1704,75.861328125,79.1142530441,2
1705,75.8738610744,79.1235451698,2
1706,75.8867909908,79.1399521828,2
1707,75.8990030289,79.1550450325,2
1708,75.9114210606,79.1703441143,2
1709,75.9254109859,79.1820850372,2
1710,75.938724041,79.1927380562,2
1711,75.9505140781,79.2020120621,2
1712,75.9640920162,79.2208280563,2
1713,75.9760460854,79.2290360928,2
1714,75.9888670444,79.2484149933,2
1715,76.0012412071,79.2514340878,2
1716,76.0147461891,79.2691371441,2
1717,76.0264930725,79.2829430103,2
1718,76.0396552086,79.2966961861,2
1719,76.0515861511,79.3076550961,2
1720,76.0657391548,79.3193280697,2
1721,76.0787651539,79.3308889866,2
1722,76.0907151699,79.3430731297,2
1723,76.1025030613,79.3556411266,2
1724,76.1154711246,79.370552063,2
1725,76.1275680065,79.3777639866,2
1726,76.139288187,79.3909540176,2
1727,76.1513822079,79.4025871754,2
1728,76.1631760597,79.41386199,2
1729,76.1788041592,79.4302361012,2
1730,76.1905791759,79.4422910213,2
1731,76.2024199963,79.4623219967,2
1732,76.2159180641,79.4684140682,2
1733,76.2284932137,79.4798941612,2
1734,76.2421340942,79.4960989952,2
1735,76.254240036,79.5126550198,2
1736,76.2673051357,79.5225989819,2
1737,76.2794640064,79.5377361774,2
1738,76.2914161682,79.5465061665,2
1739,76.3040990829,79.55469203,2
1740,76.3162350655,79.5699791908,2
1741,76.3282971382,79.5829651356,2
1742,76.3402490616,79.5950319767,2
1743,76.3522641659,79.6038811207,2
1744,76.3643400669,79.6155080795,2
1745,76.377737999,79.6348311901,2
1746,76.3899490833,79.6479561329,2
1747,76.4014902115,79.6517300606,2
1748,76.4152030945,79.6685760021,2
1749,76.4273531437,79.6798491478,2
1750,76.4391481876,79.6959340572,2
1751,76.4516592026,79.7048680782,2
1752,76.4632902145,79.7130410671,2
1753,76.4777421951,79.7333180904,2
1754,76.4897251129,79.7452809811,2
1755,76.5027351379,79.7565469742,2
1756,76.5146450996,79.7673242092,2
1757,76.5266480446,79.7829020023,0
1758,76.5384261608,79.7990272045,0
1759,76.5515151024,79.8019859791,0
1760,76.5638999939,79.8170781136,0
1761,76.5763840675,79.8268501759,0
1762,76.5888111591,79.850050211,0
1763,76.6022322178,79.8541359901,0
1764,76.6155240536,79.8673341274,0
1765,76.6280181408,79.8795361519,0
1766,76.6404681206,79.8933291435,0
1767,76.6532461643,79.9057700634,0
1768,76.6674749851,79.9190270901,0
1769,76.6808650494,79.9368050098,0
1770,76.6928501129,79.944133997,0
1771,76.7063570023,79.9598619938,0
1772,76.7197589874,79.9732670784,0
1773,76.7329390049,79.9842031002,0
1774,76.7450721264,80.0010910034,0
1775,76.7577290535,80.0145289898,0
1776,76.769824028,80.0203340054,0
1777,76.7831680775,80.0340499878,0
1778,76.7951681614,80.0505712032,0
1779,76.8126380444,80.0649750233,0
1780,76.826914072,80.0797550678,0
1781,76.8400981426,80.0914371014,0
1782,76.8518710136,80.1024720669,0
1783,76.8643131256,80.1166729927,0
1784,76.8771920204,80.1334850788,0
1785,76.8904440403,80.1434299946,0
1786,76.902878046,80.1533460617,0
1787,76.9148352146,80.1738550663,0
1788,76.9280920029,80.1805140972,0
1789,76.9428761005,80.1951320171,0
1790,76.9549160004,80.2067821026,0
1791,76.9668681622,80.2205212116,0
1792,76.9790811539,80.2327640057,0
1793,76.9933969975,80.2524261475,0
1794,77.0052890778,80.2591300011,0
1795,77.0171170235,80.2727360725,0
1796,77.0287210941,80.2849090099,0
1797,77.0407781601,80.2918410301,0
1798,77.0535731316,80.3160719872,0
1799,77.0678720474,80.3187441826,0
1800,77.0798301697,80.3311071396,0
1801,77.0924150944,80.3461391926,0
1802,77.1058862209,80.3594310284,0
1803,77.1185641289,80.3721652031,0
1804,77.130865097,80.3822271824,0
1805,77.1448001862,80.401941061,0
1806,77.158755064,80.4109961987,0
1807,77.1718201637,80.4257581234,0
1808,77.1839671135,80.436686039,0
1809,77.1963760853,80.4470260143,0
1810,77.2081120014,80.4602351189,0
1811,77.2202250957,80.4711630344,0
1812,77.2334492207,80.4851901531,0
1813,77.2457311153,80.499808073,0
1814,77.2575070858,80.5135350227,0
1815,77.2696220875,80.5292019844,0
1816,83.2942152023,86.5449941158,3
1817,83.3060262203,86.5575630665,3
1818,83.3180370331,86.5691590309,3
1819,83.3301889896,86.5821270943,3
1820,83.3454680443,86.5961601734,3
1821,83.3571891785,86.6088531017,3
1822,83.3720400333,86.6294081211,3
1823,83.3840610981,86.6372680664,3
1824,83.3978540897,86.6501090527,3
1825,83.4107940197,86.6621651649,3
1826,83.4227771759,86.6787931919,3
1827,83.4384150505,86.693128109,3
1828,83.4503610134,86.7013370991,3
1829,83.4621341228,86.7174069881,3
1830,83.4745950699,86.7301371098,3
1831,83.4864530563,86.737044096,3
1832,83.4986460209,86.7514770031,3
1833,83.5123491287,86.7649130821,3
1834,83.5237841606,86.7754361629,3
1835,83.5375740528,86.7929930687,3
1836,83.5526640415,86.8087100983,3
1837,83.5644600391,86.8155760765,3
1838,83.5764291286,86.8296430111,3
1839,83.5902130604,86.8438441753,3
1840,83.6021850109,86.8590700626,3
1841,83.6142010689,86.8644521236,3
1842,83.6261491776,86.8765912056,3
1843,83.6391961575,86.8943400383,3
1844,83.6516180038,86.9021270275,3
1845,83.6650340557,86.9171559811,3
1846,83.6771681309,86.9328041077,3
1847,83.6935830116,86.9442541599,3
1848,83.7073521614,86.9635820389,3
1849,83.7192749977,86.9706962109,3
1850,83.7314040661,86.9840490818,3
1851,83.74319911,86.9965360165,3
1852,83.7579259872,87.0161340237,3
1853,83.7697219849,87.0223500729,3
1854,83.7838790417,87.0377030373,3
1855,83.7982041836,87.0535461903,3
1856,83.810311079,87.0607030392,3
1857,83.8242001534,87.0756440163,3
1858,83.8362100124,87.0879051685,3
1859,83.8482260704,87.1010601521,3
1860,83.8607170582,87.1127769947,3
1861,83.8762919903,87.1285750866,3
1862,83.8883011341,87.1459841728,3
1863,83.9000751972,87.1506240368,3
1864,83.9119811058,87.1623351574,3
1865,83.9237291813,87.174418211,3
1866,83.9355390072,87.1860849857,3
1867,83.9492681026,87.2020170689,3
1868,83.9638421535,87.2149569988,3
1869,83.9759731293,87.2272319794,3
1870,83.9878981113,87.2393372059,1
1871,84.0002200603,87.2511570454,1
1872,84.0132172108,87.2701830864,1
1873,84.0251171589,87.2760870457,1
1874,84.0372810364,87.2912101746,1
1875,84.0539140701,87.3068351746,1
1876,84.0664541721,87.3194000721,1
1877,84.0840229988,87.3364050388,1
1878,84.0955350399,87.3516361713,1
1879,84.1070041656,87.3595311642,1
1880,84.1187751293,87.3706350327,1
1881,84.1303582191,87.388449192,1
1882,84.1420321465,87.3963661194,1
1883,84.1539120674,87.404968977,1
1884,84.1656491756,87.4174451828,1
1885,84.1790421009,87.4310700893,1
1886,84.1923291683,87.4446392059,1
1887,84.2041730881,87.4564640522,1
1888,84.2158470154,87.4660730362,1
1889,84.2282660007,87.4831080437,1
1890,84.2404260635,87.4919559956,1
1891,84.2531700134,87.5044260025,1
1892,84.2653532028,87.5204460621,1
1893,84.2774620056,87.5278470516,1
1894,84.2902882099,87.5438790321,1
1895,84.3066980839,87.5587420464,1
1896,84.3185081482,87.5690970421,1
1897,84.3311941624,87.5832681656,1
1898,84.3463711739,87.5993151665,1
1899,84.3606500626,87.6149201393,1
1900,84.3744721413,87.6286280155,1
1901,84.3863430023,87.637845993,1
1902,84.3999700546,87.652244091,1
1903,84.4117200375,87.6645560265,1
1904,84.4236490726,87.6745669842,1
1905,84.4373290539,87.6912300587,1
1906,84.4505140781,87.7037069798,1
1907,84.4628851414,87.7210550308,1
1908,84.4747900963,87.7249372005,1
1909,84.4887700081,87.7436602116,1
1910,84.5015912056,87.7540130615,1
1911,84.5145430565,87.7662751675,1
1912,84.5270280838,87.7786521912,1
1913,84.539992094,87.7971119881,1
1914,84.5525121689,87.8032770157,1
1915,84.5645990372,87.8188860416,1
1916,84.5765981674,87.8322939873,1
1917,84.5933539867,87.8440241814,1
1918,84.6052730083,87.8629601002,1
1919,84.6177270412,87.8710830212,1
1920,84.6299510002,87.8805661201,1
1921,84.6420271397,87.8965461254,1
1922,84.655411005,87.9069252014,1
1923,84.6676909924,87.9210121632,1
1924,84.6869029999,87.9384140968,1
1925,84.6982991695,87.9541070461,1
1926,84.7101290226,87.9682061672,3
1927,84.7217280865,87.9737381935,3
1928,84.7334661484,87.9874231815,3
1929,84.7457652092,88.0001289845,3
1930,84.7604250908,88.0180261135,3
1931,84.7745800018,88.0272932053,3
1932,84.787758112,88.0414400101,3
1933,84.8017961979,88.0564031601,3
1934,84.8140151501,88.0657281876,3
1935,84.8259060383,88.0788500309,3
1936,84.8378231525,88.0900671482,3
1937,84.849558115,88.1033930779,3
1938,84.8624300957,88.1145420074,3
1939,84.877644062,88.1286420822,3
1940,84.8903880119,88.1483449936,3
1941,84.9026370049,88.1550440788,3
1942,84.9144802094,88.1710181236,3
1943,84.9264121056,88.1775820255,3
1944,84.9386150837,88.1893751621,3
1945,84.9520280361,88.2038900852,3
1946,84.9644021988,88.2147831917,3
1947,84.9763970375,88.2268362045,3
1948,84.9928340912,88.2472741604,3
1949,85.0047872066,88.2569630146,3
1950,85.016628027,88.2725741863,3
1951,85.0284759998,88.2788281441,3
1952,85.0405640602,88.2933020592,3
1953,85.0563511848,88.3072311878,3
1954,85.0686631203,88.3199431896,3
1955,85.0811522007,88.3349640369,3
1956,85.0941610336,88.344889164,3
1957,85.1058521271,88.3618381023,3
1958,85.1204111576,88.3718240261,3
1959,85.1345021725,88.3909502029,3
1960,85.1463282108,88.3993489742,3
1961,85.1609270573,88.4187669754,3
1962,85.1757810116,88.4278070927,3
1963,85.1893060207,88.4500300884,3
1964,85.2019190788,88.456138134,3
1965,85.2151122093,88.4707210064,3
1966,85.2392261028,88.489716053,3
1967,85.2522361279,88.5052030087,3
1968,85.2645270824,88.5223920345,3
1969,85.2764232159,88.5313000679,3
1970,85.2895450592,88.5433261395,3
1971,85.3010151386,88.5561561584,3
1972,85.3128089905,88.5628759861,3
1973,85.3243861198,88.575067997,3
1974,85.3359210491,88.5863111019,3
1975,85.3571200371,88.6080601215,3
1976,85.3698689938,88.6210122108,3
1977,85.381332159,88.6321191788,3
1978,85.3946340084,88.6495261192,3
1979,85.4063620567,88.6570811272,3
1980,85.4198260307,88.6711471081,3
1981,85.437702179,88.6888251305,3
1982,85.4495820999,88.7061572075,3
1983,85.4653141499,88.7163670063,1
1984,85.4793841839,88.7322080135,1
1985,85.4915020466,88.7508010864,1
1986,85.5033211708,88.7572481632,1
1987,85.5180120468,88.7697610855,1
1988,85.5305571556,88.7825300694,1
1989,85.5425231457,88.7988491058,1
1990,85.5545401573,88.806317091,1
1991,85.5700571537,88.8220319748,1
1992,85.5822172165,88.8341021538,1
1993,85.5962882042,88.8509831429,1
1994,85.6084301472,88.8594460487,1
1995,85.6204102039,88.8714129925,1
1996,85.6322450638,88.8837180138,1
1997,85.6453959942,88.8967380524,1
1998,85.6573061943,88.9127821922,1
1999,85.6704211235,88.921200037,1
2000,85.6824371815,88.9415090084,1
