PacketSeqNo,GeneratingTime,ArrivalTime,MulticastIdx
1,0.00191307067871,2.75691604614,1
2,0.0148499011993,2.76979088783,1
3,0.0276670455933,2.77969002724,1
4,0.0393900871277,2.79315400124,1
5,0.051285982132,2.80578494072,1
6,0.0632560253143,2.81937503815,1
7,0.0754001140594,2.82836294174,1
8,0.0875589847565,2.84151697159,1
9,0.0995709896088,2.85525107384,1
10,0.111306905746,2.8710770607,1
11,0.125097990036,2.87713599205,1
12,0.136514902115,2.8892660141,1
13,0.147934913635,2.90071392059,1
14,0.159399032593,2.91278600693,1
15,0.170907020569,2.92423701286,1
16,0.182560920715,2.95476007462,1
17,0.213634967804,2.96692204475,1
18,0.225196123123,2.97783088684,1
19,0.236937999725,2.99092388153,1
20,0.248718976974,3.00072908401,1
21,0.260432004929,3.01354908943,1
22,0.272638082504,3.03006505966,1
23,0.284611940384,3.03818106651,1
24,0.296158075333,3.04892206192,1
25,0.307996988297,3.06300091743,1
26,0.320145130157,3.07833409309,1
27,0.331738948822,3.08471798897,1
28,0.343606948853,3.09525203705,1
29,0.355458974838,3.10766100883,1
30,0.367305994034,3.121062994,1
31,5.38826990128,8.14170408249,2
32,5.39997005463,8.15362906456,2
33,5.41183495522,8.16370606422,2
34,5.42328500748,8.17672395706,2
35,5.43615794182,8.18859291077,2
36,5.44872808456,8.20266699791,2
37,5.46342301369,8.21478891373,2
38,5.47514104843,8.22743010521,2
39,5.48674607277,8.24681806564,2
40,5.50014901161,8.25501489639,2
41,5.51208996773,8.26379394531,2
42,5.52406811714,8.28251290321,2
43,5.53679013252,8.29204392433,2
44,5.55137205124,8.30265688896,2
45,5.56351709366,8.31744909286,2
46,5.5766210556,8.32901000977,2
47,5.58919000626,8.34442591667,2
48,5.60086798668,8.35669207573,2
49,5.61284208298,8.37076091766,2
50,5.62445998192,8.37899494171,2
51,5.63609099388,8.39105391502,2
52,5.64798402786,8.40385603905,2
53,5.65962600708,8.41158699989,2
54,5.6719930172,8.42639708519,2
55,5.68487596512,8.43782901764,2
56,5.69704413414,8.44923090935,2
57,5.70976090431,8.4642059803,2
58,5.72187304497,8.47405910492,2
59,5.73327803612,8.48968791962,2
60,5.74493598938,8.49976801872,2
61,5.75824904442,8.51331591606,2
62,5.77032995224,8.52511906624,2
63,5.7823331356,8.53658390045,2
64,5.79787611961,8.55077910423,2
65,5.81069493294,8.56435990334,2
66,5.82709312439,8.58005189896,2
67,5.83967995644,8.59177589417,2
68,5.85184597969,8.61114001274,2
69,5.86506295204,8.62384390831,2
70,5.87682199478,8.63067889214,2
71,5.88901901245,8.64163398743,2
72,5.90136909485,8.65857601166,2
73,5.91412711143,8.66621088982,2
74,5.92653298378,8.6791779995,2
75,5.93864107132,8.69102191925,2
76,5.95092391968,8.70274400711,2
77,5.96292495728,8.71502494812,2
78,5.97639298439,8.73348498344,2
79,5.98945307732,8.7494699955,2
80,6.00110793114,8.75562906265,2
81,6.01283407211,8.76423597336,0
82,6.02518296242,8.78487610817,0
83,6.03771996498,8.79126310349,0
84,6.04932498932,8.80140399933,0
85,6.06181192398,8.8140900135,0
86,6.07434391975,8.82870793343,0
87,6.08762001991,8.84435892105,0
88,6.09949707985,8.85083889961,0
89,6.11188602448,8.86651992798,0
90,6.12354803085,8.87923908234,0
91,6.13772296906,8.89375209808,0
92,6.15192103386,8.90627908707,0
93,6.16408896446,8.9168009758,0
94,6.17600798607,8.9306910038,0
95,6.18863892555,8.94115495682,0
96,6.20080304146,8.95376300812,0
97,6.21350312233,8.96840500832,0
98,6.22571492195,8.97914791107,0
99,6.23773312569,8.9935760498,0
100,6.24949002266,9.00248908997,0
101,6.26192092896,9.0177719593,0
102,6.27366304398,9.03845500946,0
103,6.29940199852,9.05422306061,0
104,6.3168129921,9.07080101967,0
105,6.32856798172,9.08510088921,0
106,6.34075498581,9.09362006187,0
107,6.35288691521,9.10972690582,0
108,6.36556100845,9.12083697319,0
109,6.37803602219,9.13142895699,0
110,6.39026093483,9.14438891411,0
111,6.40207505226,9.15613889694,0
112,6.41394591331,9.16746807098,0
113,6.42736506462,9.17916703224,0
114,6.43948197365,9.19232988358,0
115,6.45119309425,9.20410299301,0
116,6.46314811707,9.21563887596,0
117,6.47580194473,9.22874307632,0
118,6.48937106133,9.24581098557,0
119,6.50078701973,9.25326299667,0
120,6.51247000694,9.26641893387,0
121,6.52521705627,9.27652096748,0
122,6.5389380455,9.29361104965,0
123,6.55409312248,9.30963492393,0
124,6.56615805626,9.31797790527,0
125,6.57804703712,9.33206105232,0
126,6.59085392952,9.34552693367,0
127,6.60520911217,9.35850000381,0
128,6.61816596985,9.37059307098,0
129,6.63665604591,9.39111804962,0
130,6.64850497246,9.3997399807,0
131,6.65998291969,9.41325592995,0
132,6.67272305489,9.43256592751,0
133,6.6842610836,9.43534302711,0
134,6.69678401947,9.44806909561,0
135,6.7093091011,9.46723890305,2
136,6.72074794769,9.47344994545,2
137,6.73959898949,9.49751710892,2
138,6.75119900703,9.50369405746,2
139,6.76337599754,9.52066206932,2
140,6.77884101868,9.53234291077,2
141,6.7906191349,9.54586195946,2
142,6.80218195915,9.55427408218,2
143,6.81390595436,9.56552100182,2
144,6.82648611069,9.57860898972,2
145,6.83939909935,9.59443902969,2
146,6.85111808777,9.61265802383,2
147,6.86855196953,9.62298202515,2
148,6.88020992279,9.63215088844,2
149,6.89247894287,9.64440608025,2
150,6.90409803391,9.65652990341,2
151,6.91667509079,9.67043805122,2
152,6.92998194695,9.68229389191,2
153,6.94361209869,9.69669604301,2
154,6.95647501945,9.71574807167,2
155,6.96885895729,9.72160196304,2
156,6.9814760685,9.73360896111,2
157,6.99441599846,9.74946594238,2
158,7.00716805458,9.76054406166,2
159,7.01859402657,9.77203798294,2
160,7.03012490273,9.78495597839,2
161,7.04217791557,9.7936630249,2
162,7.05687713623,9.81293392181,2
163,7.06904101372,9.82195591927,2
164,7.08100509644,9.83539104462,2
165,7.09260702133,9.84722805023,2
166,7.10411906242,9.85648488998,2
167,7.11664700508,9.87377691269,2
168,7.12975096703,9.88194608688,2
169,7.14173793793,9.89968800545,2
170,7.15395307541,9.9132399559,2
171,7.16633105278,9.91865706444,2
172,7.17800712585,9.92918610573,2
173,7.18965601921,9.94217896461,2
174,7.20123004913,9.95750594139,2
175,7.21344590187,9.9690721035,2
176,7.22514295578,9.97809910774,2
177,7.23830509186,9.99233698845,2
178,7.25078892708,10.0035350323,2
179,7.26341795921,10.0186769962,2
180,7.27502799034,10.0316040516,2
181,7.29432702065,10.0464470387,2
182,7.30821204185,10.0628039837,2
183,7.32035493851,10.0749049187,2
184,7.33247995377,10.0902929306,2
185,7.34969091415,10.10257411,2
186,7.36134004593,10.1199960709,2
187,7.37340092659,10.1273050308,2
188,7.38577508926,10.1392900944,0
189,7.39795994759,10.1507940292,0
190,7.40981507301,10.1662530899,0
191,7.42132592201,10.1773509979,0
192,7.43291091919,10.1854240894,0
193,7.4446439743,10.2000360489,0
194,7.45640993118,10.2086260319,0
195,7.46792197227,10.2246649265,0
196,7.48199510574,10.2425720692,0
197,7.49414110184,10.2520260811,0
198,7.50564312935,10.2601850033,0
199,7.51873993874,10.2718000412,0
200,7.53035497665,10.2836930752,0
201,7.54398798943,10.2983939648,0
202,7.55732297897,10.3089869022,0
203,7.56924796104,10.321283102,0
204,7.58184599876,10.3332788944,0
205,7.59367394447,10.3469779491,0
206,7.60540294647,10.3566520214,0
207,7.61721396446,10.3703620434,0
208,7.62941813469,10.3827700615,0
209,7.64175891876,10.3937680721,0
210,7.65324997902,10.405009985,0
211,7.66484808922,10.416893959,0
212,7.67779302597,10.4292850494,0
213,7.69129109383,10.4440879822,0
214,7.70310497284,10.4559938908,0
215,7.71528911591,10.4690239429,0
216,7.727216959,10.4848270416,0
217,7.75380992889,10.506319046,0
218,7.76734304428,10.5210239887,0
219,7.78295612335,10.544656992,0
220,7.80387496948,10.5595049858,0
221,7.81734395027,10.5719978809,0
222,7.83420395851,10.5884070396,0
223,7.84867691994,10.6034328938,0
224,7.86415410042,10.621929884,0
225,7.87764906883,10.6323349476,0
226,7.89520096779,10.6484429836,0
227,7.91336393356,10.6710898876,0
228,7.92483592033,10.6775379181,0
229,7.93675112724,10.690226078,0
230,7.94846391678,10.7039449215,0
231,7.96130800247,10.7130088806,0
232,7.97288298607,10.7249820232,0
233,7.98804497719,10.7428469658,0
234,8.00367903709,10.7555029392,0
235,8.01716899872,10.7689709663,0
236,8.03242301941,10.7915599346,0
237,8.04487395287,10.8006770611,0
238,8.06262612343,10.8170950413,0
239,8.077450037,10.8324999809,0
240,8.09288096428,10.8508639336,0
241,8.10480499268,10.85658288,0
242,8.1195909977,10.8781049252,0
243,8.13392901421,10.8871059418,0
244,8.14590811729,10.8992118835,0
245,8.15850400925,10.9099049568,2
246,8.17584609985,10.927503109,2
247,8.18790912628,10.9391920567,2
248,8.19967293739,10.952051878,2
249,8.21172308922,10.9651041031,2
250,8.22367501259,10.9803869724,2
251,8.23615407944,10.9903399944,2
252,8.24816894531,11.0023210049,2
253,8.26063799858,11.013739109,2
254,8.27315402031,11.0254850388,2
255,8.28550195694,11.0383520126,2
256,8.2974190712,11.0522060394,2
257,8.30914402008,11.0642089844,2
258,8.32311010361,11.0759000778,2
259,8.33520698547,11.0870220661,2
260,8.34968209267,11.1034710407,2
261,8.36135292053,11.114331007,2
262,8.37331104279,11.125854969,2
263,8.38530492783,11.1376519203,2
264,8.39688396454,11.1487550735,2
265,8.40899896622,11.1655519009,2
266,8.42224311829,11.1751520634,2
267,8.43397712708,11.1875019073,2
268,8.44577598572,11.1995649338,2
269,8.45728802681,11.2148110867,2
270,8.46898293495,11.2219510078,2
271,8.48127698898,11.2328059673,2
272,8.49445009232,11.2466070652,2
273,8.50590991974,11.2633850574,2
274,8.52267003059,11.274848938,2
275,8.534471035,11.2908840179,2
276,8.54970002174,11.3038210869,2
277,8.56165409088,11.314455986,2
278,8.57347106934,11.3279399872,2
279,8.58573007584,11.339812994,2
280,8.59837794304,11.3539218903,2
281,8.61087703705,11.3659000397,2
282,8.62301206589,11.3800830841,2
283,8.63506102562,11.3872790337,2
284,8.6486530304,11.4037690163,2
285,8.66392493248,11.4179320335,2
286,8.68116307259,11.4349339008,2
287,8.69549703598,11.4472839832,2
288,8.71372890472,11.4650330544,2
289,8.7278110981,11.4857530594,2
290,8.74866199493,11.5021779537,2
291,8.76242399216,11.5154459476,2
292,8.77906894684,11.5301010609,2
293,8.7944290638,11.5584979057,2
294,8.80738592148,11.559732914,2
295,8.81940293312,11.5740060806,2
296,8.83254003525,11.5862579346,2
297,8.84444308281,11.5990900993,2
298,8.86019206047,11.6113400459,2
299,8.87535095215,11.6275980473,2
300,8.88715004921,11.6398758888,2
301,8.89926791191,11.6536109447,2
302,8.91198205948,11.6653239727,2
303,8.92356610298,11.6753399372,2
304,8.93552112579,11.6873970032,2
305,8.94819712639,11.7077488899,0
306,8.96406412125,11.725933075,0
307,8.97581195831,11.7301089764,0
308,8.98752713203,11.7416350842,0
309,9.00092792511,11.7578909397,0
310,9.01435899734,11.7657608986,0
311,9.02604198456,11.7795910835,0
312,9.037981987,11.7900989056,0
313,9.0502820015,11.8029499054,0
314,9.06495094299,11.8202629089,0
315,9.0766890049,11.8326730728,0
316,9.08834409714,11.8421099186,0
317,9.10103011131,11.8608529568,0
318,9.11384010315,11.8799159527,0
319,9.12656593323,11.8808739185,0
320,9.14175701141,11.8956289291,0
321,9.15367507935,11.9119429588,0
322,9.16629505157,11.925041914,0
323,9.17787790298,11.9307770729,0
324,9.18955111504,11.9408318996,0
325,9.20602107048,11.9597139359,0
326,9.22092795372,11.9746720791,0
327,9.23281502724,11.9895288944,0
328,9.2444870472,11.996076107,0
329,9.25778913498,12.0120820999,0
330,9.26986813545,12.0219640732,0
331,9.28385090828,12.0369529724,0
332,9.29876995087,12.0517630577,0
333,9.31241512299,12.0639050007,0
334,9.32631206512,12.0787470341,0
335,9.33857798576,12.0946080685,0
336,9.3556060791,12.1090130806,0
337,9.3679330349,12.1206901073,0
338,9.38295793533,12.1408829689,0
339,9.3974981308,12.1517169476,0
340,9.40931606293,12.1713609695,0
341,9.42104792595,12.1755239964,0
342,9.43267607689,12.1857159138,0
343,9.45004796982,12.2108769417,0
344,9.46195602417,12.2163860798,0
345,9.47578310966,12.23416996,0
346,9.48781299591,12.2449700832,0
347,9.504144907,12.2588288784,0
348,9.51603293419,12.2698459625,0
349,9.52961993217,12.2847800255,0
350,9.54142093658,12.2947108746,0
351,9.55721902847,12.3123590946,0
352,9.56907606125,12.3239879608,0
353,9.5809340477,12.3352940083,0
354,9.59281992912,12.3449230194,0
355,9.60507011414,12.3640918732,0
356,9.6212990284,12.3804709911,0
357,9.63611197472,12.3923070431,0
358,9.64791107178,12.399846077,0
359,9.66049695015,12.4157500267,0
360,9.67271709442,12.4306769371,0
361,9.68457913399,12.4371230602,0
362,9.6966919899,12.4477219582,0
363,9.70850205421,12.4597570896,0
364,9.72220993042,12.4762449265,0
365,9.73673892021,12.4896469116,2
366,9.74840807915,12.5019879341,2
367,9.76003503799,12.514220953,2
368,9.77849912643,12.5316939354,2
369,9.79324412346,12.5498650074,2
370,9.80489301682,12.5618910789,2
371,9.81774902344,12.5787110329,2
372,9.82929396629,12.5820169449,2
373,9.84112691879,12.5965189934,2
374,9.85560512543,12.6107950211,2
375,9.8698580265,12.6228129864,2
376,9.8817179203,12.6371080875,2
377,9.89710211754,12.6576099396,2
378,9.90881609917,12.6615960598,2
379,9.92243599892,12.678869009,2
380,9.93407893181,12.6872570515,2
381,9.94609808922,12.6988039017,2
382,9.95776796341,12.7105720043,2
383,9.96964406967,12.7229709625,2
384,9.98165893555,12.7365748882,2
385,9.99545502663,12.7488389015,2
386,10.0078251362,12.7614638805,2
387,10.0222959518,12.7801001072,2
388,10.0376670361,12.7906138897,2
389,10.052519083,12.809098959,2
390,10.0642530918,12.8180310726,2
391,10.0760080814,12.8287200928,2
392,10.0876131058,12.8401620388,2
393,10.1001570225,12.8529279232,2
394,10.1117610931,12.8650510311,2
395,10.1233639717,12.8774859905,2
396,10.1383099556,12.8949539661,2
397,10.1522009373,12.9095919132,2
398,10.1640429497,12.915612936,2
399,10.1757600307,12.9293060303,2
400,10.1875009537,12.9409210682,2
401,10.1995959282,12.9525029659,2
402,10.2127070427,12.9669530392,2
403,10.2276749611,12.9830479622,2
404,10.241959095,12.9950339794,2
405,10.2536110878,13.0108120441,2
406,10.2654659748,13.0234570503,2
407,10.2774131298,13.0340750217,2
408,10.289593935,13.0417499542,2
409,10.3025970459,13.0606369972,2
410,10.3148131371,13.0687050819,2
411,10.3278179169,13.0804080963,2
412,10.3392670155,13.0934050083,2
413,10.3531069756,13.1105480194,2
414,10.3676459789,13.1211800575,2
415,10.379691124,13.1314940453,2
416,10.3911371231,13.1440200806,0
417,10.4028990269,13.1562619209,0
418,10.4154760838,13.1698288918,0
419,10.4272139072,13.1808600426,0
420,10.4393470287,13.1932768822,0
421,10.4525709152,13.2058041096,0
422,10.465996027,13.217758894,0
423,10.4777929783,13.2297489643,0
424,10.4899590015,13.2448890209,0
425,10.5017781258,13.2536308765,0
426,10.5142168999,13.2698390484,0
427,10.5265209675,13.2822680473,0
428,10.5424931049,13.2955799103,0
429,10.5548930168,13.3062601089,0
430,10.5663790703,13.3233270645,0
431,10.5778040886,13.3309710026,0
432,10.5911989212,13.3510038853,0
433,10.605889082,13.3581678867,0
434,10.6174969673,13.369453907,0
435,10.6322059631,13.414493084,0
436,10.6465220451,13.417732954,0
437,10.6580989361,13.4253978729,0
438,10.6700680256,13.4264400005,0
439,10.6827130318,13.4347341061,0
440,10.6951041222,13.4483969212,0
441,10.7084300518,13.4671339989,0
442,10.7211039066,13.4729750156,0
443,10.736577034,13.4938359261,0
444,10.7485060692,13.5014569759,0
445,10.7606289387,13.5152320862,0
446,10.7760491371,13.5364310741,0
447,10.789331913,13.5417048931,0
448,10.8021900654,13.570333004,0
449,10.817882061,13.5755069256,0
450,10.8346579075,13.5907189846,0
451,10.8463430405,13.6043670177,0
452,10.8603799343,13.6143059731,0
453,10.8746659756,13.6312279701,0
454,10.8874800205,13.6441800594,0
455,10.9042649269,13.6584379673,0
456,10.9177849293,13.6706850529,0
457,10.9297659397,13.6894040108,0
458,10.9417979717,13.695417881,0
459,10.9534909725,13.707406044,0
460,10.9692311287,13.7264010906,0
461,10.9818329811,13.7346460819,0
462,10.9938869476,13.7477619648,0
463,11.0092561245,13.7615299225,0
464,11.0228049755,13.7786769867,0
465,11.0349850655,13.7881128788,0
466,11.0467729568,13.8023509979,0
467,11.0639429092,13.8209900856,0
468,11.0826780796,13.8361299038,0
469,11.0947039127,13.8558330536,0
470,11.1081390381,13.8617129326,0
471,11.1213030815,13.8748919964,0
472,11.1373550892,13.9012289047,0
473,11.1541481018,13.9154250622,0
474,11.1726279259,13.9254229069,0
475,11.1846051216,13.9386270046,0
476,11.1971530914,13.9510118961,2
477,11.2100141048,13.963586092,2
478,11.2221579552,13.9942979813,2
479,11.2398679256,14.0003449917,2
480,11.2515599728,14.0075860023,2
481,11.2657051086,14.0193560123,2
482,11.2786409855,14.030921936,2
483,11.2932391167,14.0464789867,2
484,11.3055679798,14.0593669415,2
485,11.318212986,14.0754060745,2
486,11.3326539993,14.0937530994,2
487,11.3450369835,14.0996780396,2
488,11.3574030399,14.1155850887,2
489,11.3728559017,14.1312530041,2
490,11.3845169544,14.1374270916,2
491,11.3960289955,14.1500370502,2
492,11.4076299667,14.1616539955,2
493,11.4194159508,14.1749379635,2
494,11.4329669476,14.1876659393,2
495,11.4444749355,14.1992220879,2
496,11.4850080013,14.2428369522,2
497,11.4986200333,14.264220953,2
498,11.5132141113,14.2680380344,2
499,11.5262579918,14.2827739716,2
500,11.5380411148,14.2915050983,2
501,11.5520439148,14.3118898869,2
502,11.5678339005,14.3233940601,2
503,11.5811700821,14.3409280777,2
504,11.5927009583,14.3466479778,2
505,11.6045899391,14.3614358902,2
506,11.6162309647,14.3739171028,2
507,11.6339669228,14.3868529797,2
508,11.6460180283,14.4048058987,2
509,11.6624279022,14.4191660881,2
510,11.6813399792,14.4395968914,2
511,11.6963629723,14.4500761032,2
512,11.7127120495,14.4710788727,2
513,11.7299029827,14.4998528957,2
514,11.7426929474,14.5058031082,2
515,11.7544829845,14.509116888,2
516,11.7704179287,14.5248708725,2
517,11.7835631371,14.5402889252,2
518,11.7983410358,14.5527091026,2
519,11.8123960495,14.5680279732,2
520,11.826474905,14.5814819336,2
521,11.8416109085,14.5994169712,2
522,11.8533570766,14.6071369648,2
523,11.8654379845,14.6217188835,2
524,11.8770840168,14.6304600239,2
525,11.8911879063,14.6509859562,2
526,11.9064269066,14.6693339348,2
527,11.92197299,14.6767919064,2
528,11.9337100983,14.6962749958,0
529,11.9466369152,14.7033140659,0
530,11.9641129971,14.7165009975,0
531,11.9761900902,14.7295389175,0
532,11.9884130955,14.7425398827,0
533,12.001693964,14.7570109367,0
534,12.0142049789,14.7680830956,0
535,12.0288310051,14.7887980938,0
536,12.0432140827,14.7973001003,0
537,12.0551669598,14.8188428879,0
538,12.0694060326,14.8255860806,0
539,12.0812280178,14.8353729248,0
540,12.0929529667,14.8466749191,0
541,12.1056289673,14.8666059971,0
542,12.1174070835,14.8712050915,0
543,12.1296379566,14.8832669258,0
544,12.143050909,14.8958289623,0
545,12.1575109959,14.9111840725,0
546,12.1723079681,14.9256029129,0
547,12.1847929955,14.940787077,0
548,12.1968619823,14.957269907,0
549,12.208575964,14.9678518772,0
550,12.2207140923,14.9865601063,0
551,12.23427701,14.9949800968,0
552,12.2470009327,15.0004940033,0
553,12.2614910603,15.0147221088,0
554,12.2747859955,15.0308489799,0
555,12.2872059345,15.0556409359,0
556,12.2991490364,15.0618140697,0
557,12.3121809959,15.073898077,0
558,12.325067997,15.0803720951,0
559,12.3374910355,15.0912640095,0
560,12.3506379128,15.1078019142,0
561,12.3638589382,15.1193020344,0
562,12.3764190674,15.1323890686,0
563,12.3904979229,15.1502799988,0
564,12.4078779221,15.168487072,0
565,12.4228310585,15.1822888851,0
566,12.4358279705,15.1895298958,0
567,12.4478049278,15.2019438744,0
568,12.4595880508,15.2218101025,0
569,12.4711220264,15.2249569893,0
570,12.4831540585,15.2400701046,0
571,12.4967370033,15.2528190613,0
572,12.5086739063,15.2636430264,0
573,12.5221250057,15.2778940201,0
574,12.5339441299,15.2925839424,0
575,12.5478429794,15.2997739315,0
576,12.5597069263,15.3176510334,0
577,12.5725839138,15.3246018887,0
578,12.5841231346,15.3389360905,0
579,12.5973579884,15.3519599438,0
580,12.6133990288,15.3674619198,0
581,12.6249620914,15.3798379898,2
582,12.6375310421,15.3905498981,2
583,12.6507570744,15.4034359455,2
584,12.6652860641,15.418391943,2
585,12.6767909527,15.4320230484,2
586,12.6883850098,15.4487309456,2
587,12.7000329494,15.4581120014,2
588,12.7125759125,15.4691390991,2
589,12.7272651196,15.4865350723,2
590,12.7419350147,15.4940829277,2
591,12.7538189888,15.5079829693,2
592,12.7697501183,15.5241529942,2
593,12.7836930752,15.5389680862,2
594,12.795591116,15.5510280132,2
595,12.8149020672,15.5770180225,2
596,12.8278710842,15.5811569691,2
597,12.8395650387,15.5927360058,2
598,12.8548910618,15.612901926,2
599,12.8668060303,15.6195800304,2
600,12.8807680607,15.6399960518,2
601,12.8992950916,15.6563220024,2
602,12.9109010696,15.6668200493,2
603,12.9229960442,15.6762189865,2
604,12.9350121021,15.6883380413,2
605,12.9491400719,15.705755949,2
606,12.9607639313,15.7211039066,2
607,12.9753160477,15.7305190563,2
608,12.987226963,15.7418830395,2
609,13.0003230572,15.7571699619,2
610,13.0136289597,15.7669260502,2
611,13.0252780914,15.7806119919,2
612,13.0398190022,15.7966430187,2
613,13.0527439117,15.8094289303,2
614,13.0654160976,15.8191809654,2
615,13.0779180527,15.8396918774,2
616,13.0896060467,15.8434810638,2
617,13.1025819778,15.8600111008,2
618,13.1159861088,15.8747210503,2
619,13.1290171146,15.893447876,2
620,13.1559319496,15.9355790615,2
621,13.1939249039,15.9508450031,2
622,13.2058029175,15.9609289169,2
623,13.2178881168,15.9708139896,2
624,13.2311661243,15.9881930351,2
625,13.2446229458,15.9973518848,2
626,13.2590999603,16.0112240314,2
627,13.2726569176,16.0263729095,2
628,13.2844619751,16.0443239212,2
629,13.2988739014,16.0511009693,2
630,13.3106329441,16.0636670589,2
631,13.3266079426,16.0811109543,2
632,13.3402631283,16.0923750401,2
633,13.3531029224,16.1162409782,2
634,13.3653829098,16.1186230183,2
635,13.379267931,16.1370630264,2
636,13.3915839195,16.1437380314,2
637,13.4037389755,16.1590368748,2
638,13.4154379368,16.1715149879,2
639,13.4276621342,16.1789190769,2
640,13.4397029877,16.2041170597,0
641,13.4522221088,16.2071609497,0
642,13.4646809101,16.2176530361,0
643,13.47717309,16.2325298786,0
644,13.4906730652,16.2435929775,0
645,13.5062220097,16.2595229149,0
646,13.5198180676,16.2748920918,0
647,13.533839941,16.2858889103,0
648,13.5494730473,16.301637888,0
649,13.5623071194,16.3162748814,0
650,13.5771100521,16.3311588764,0
651,13.5919311047,16.3507421017,0
652,13.6064550877,16.3625600338,0
653,13.6259999275,16.3810100555,0
654,13.6390259266,16.3952469826,0
655,13.6542110443,16.4074459076,0
656,13.6686000824,16.4260380268,0
657,13.6806020737,16.4414858818,0
658,13.6932640076,16.4453139305,0
659,13.7067821026,16.4603180885,0
660,13.7190029621,16.4796960354,0
661,13.7401521206,16.5165250301,0
662,13.7773010731,16.5298249722,0
663,13.789812088,16.5471138954,0
664,13.8041629791,16.556194067,0
665,13.8162400723,16.5682458878,0
666,13.8291110992,16.5812048912,0
667,13.840941906,16.5948400497,0
668,13.8530519009,16.6087450981,0
669,13.8648650646,16.6180989742,0
670,13.8765799999,16.6326658726,0
671,13.8920431137,16.64752388,0
672,13.9072010517,16.6594750881,0
673,13.9231231213,16.676060915,0
674,13.9401469231,16.6934499741,0
675,13.9568190575,16.7122380733,0
676,13.9718639851,16.7293140888,0
677,13.9840629101,16.7364549637,0
678,13.9986269474,16.7594358921,0
679,14.0146100521,16.7720620632,0
680,14.0299510956,16.784471035,0
681,14.0415229797,16.7992379665,0
682,14.0530600548,16.8086569309,0
683,14.0647759438,16.8201730251,0
684,14.0768430233,16.8314380646,0
685,14.0903289318,16.8564090729,0
686,14.1170010567,16.8810050488,0
687,14.1407740116,16.8976550102,0
688,14.1546719074,16.9102489948,0
689,14.1679389477,16.9234600067,0
690,14.183658123,16.9404270649,0
691,19.2057619095,21.9583809376,3
692,19.2190160751,21.9716010094,3
693,19.2308609486,21.983027935,3
694,19.2437260151,21.9959859848,3
695,19.2554740906,22.0073339939,3
696,19.2677590847,22.0208570957,3
697,19.279984951,22.033135891,3
698,19.2922310829,22.0442140102,3
699,19.3046469688,22.0576179028,3
700,19.3170530796,22.0706300735,3
701,19.3287699223,22.0804390907,3
702,19.3427100182,22.0977470875,3
703,19.3555369377,22.1075310707,3
704,19.3679900169,22.1198649406,3
705,19.3855729103,22.1377060413,3
706,19.3972249031,22.1484720707,3
707,19.4087839127,22.1604919434,3
708,19.4205620289,22.1720910072,3
709,19.4320869446,22.1844608784,3
710,19.4437401295,22.19602108,3
711,19.4553699493,22.2109520435,3
712,19.4724180698,22.224241972,3
713,19.484869957,22.2375900745,3
714,19.4970939159,22.2521739006,3
715,19.5093989372,22.2612431049,3
716,19.5236780643,22.2756009102,3
717,19.5377321243,22.2925829887,3
718,19.5499169827,22.3039529324,3
719,19.5637040138,22.3149299622,3
720,19.5753400326,22.3267049789,3
721,19.5872700214,22.3389179707,3
722,19.60323596,22.35521698,3
723,19.6175019741,22.3708300591,3
724,19.6297271252,22.3848879337,3
725,19.6443419456,22.3962039948,3
726,19.656126976,22.4088559151,3
727,19.6681969166,22.420648098,3
728,19.6805889606,22.4353530407,3
729,19.6925749779,22.4442670345,3
730,19.705327034,22.4597370625,3
731,19.7182569504,22.4719588757,3
732,19.7307829857,22.481623888,3
733,19.7429769039,22.4977250099,3
734,19.7546551228,22.5072889328,3
735,19.7661890984,22.5177910328,3
736,19.7786090374,22.5310380459,3
737,19.7914750576,22.5463929176,3
738,19.803604126,22.5560851097,3
739,19.8156650066,22.5746929646,3
740,19.831264019,22.586812973,3
741,19.8451259136,22.6009008884,3
742,19.8583750725,22.6137559414,3
743,19.8706269264,22.6252110004,3
744,19.8832800388,22.6346991062,3
745,19.8950660229,22.649823904,3
746,19.911080122,22.6649610996,3
747,19.923511982,22.6881420612,3
748,19.9362900257,22.6908609867,3
749,19.948348999,22.703938961,3
750,19.9643700123,22.7196719646,1
751,19.9760270119,22.728126049,1
752,19.9957270622,22.7485160828,1
753,20.0075941086,22.7606670856,1
754,20.0206871033,22.7739889622,1
755,20.033178091,22.788269043,1
756,20.0449140072,22.8020210266,1
757,20.0581629276,22.8112568855,1
758,20.0717089176,22.8259758949,1
759,20.0845730305,22.8369300365,1
760,20.096296072,22.8507740498,1
761,20.1107039452,22.8708820343,1
762,20.123016119,22.875180006,1
763,20.138422966,22.890376091,1
764,20.1504430771,22.9063780308,1
765,20.1632099152,22.9162330627,1
766,20.1759479046,22.9277780056,1
767,20.1884710789,22.9415609837,1
768,20.2008180618,22.9530360699,1
769,20.2146430016,22.9672880173,1
770,20.2285261154,22.9819340706,1
771,20.2419629097,22.9949679375,1
772,20.2548139095,23.0071980953,1
773,20.2663810253,23.0215239525,1
774,20.2790379524,23.0313000679,1
775,20.2924349308,23.045994997,1
776,20.304500103,23.0574650764,1
777,20.3161320686,23.0684499741,1
778,20.3280649185,23.0801000595,1
779,20.3397839069,23.0925369263,1
780,20.3532779217,23.1057159901,1
781,20.3654549122,23.1173949242,1
782,20.3829100132,23.1345551014,1
783,20.3961730003,23.1530270576,1
784,20.4085140228,23.1620140076,1
785,20.4210910797,23.1737399101,1
786,20.4332480431,23.1904969215,1
787,20.4503741264,23.206428051,1
788,20.4655990601,23.221765995,1
789,20.4817140102,23.2386410236,1
790,20.49365592,23.2474160194,1
791,20.5062010288,23.2578508854,1
792,20.5202949047,23.2721049786,1
793,20.5326509476,23.2840220928,1
794,20.5452470779,23.3065910339,1
795,20.5567409992,23.3128509521,1
796,20.5689299107,23.327229023,1
797,20.5876960754,23.340241909,1
798,20.599296093,23.3519740105,1
799,20.6129419804,23.3708319664,1
800,20.6277348995,23.3810510635,1
801,20.6391580105,23.3915679455,1
802,20.6542720795,23.4081289768,1
803,20.6717309952,23.4232039452,1
804,20.6834959984,23.4402329922,1
805,20.7015619278,23.4571080208,1
806,20.7144320011,23.4689788818,1
807,20.7266111374,23.4846730232,1
808,20.7403819561,23.4959449768,3
809,20.7546010017,23.5063810349,3
810,20.7668550014,23.5219449997,3
811,20.7785170078,23.5303890705,3
812,20.7904930115,23.5499000549,3
813,20.8041529655,23.5571100712,3
814,20.8162379265,23.5736200809,3
815,20.8279569149,23.580053091,3
816,20.8398199081,23.5941720009,3
817,20.8516390324,23.6040558815,3
818,20.8634409904,23.6151349545,3
819,20.8751850128,23.6274149418,3
820,20.887223959,23.6412739754,3
821,20.8991699219,23.6509170532,3
822,20.910998106,23.6652510166,3
823,20.9227080345,23.6774990559,3
824,20.9348759651,23.6917550564,3
825,20.9479470253,23.7082080841,3
826,20.9614970684,23.7154490948,3
827,20.9733159542,23.7261970043,3
828,20.9851081371,23.7406361103,3
829,20.9967880249,23.7492949963,3
830,21.0106759071,23.7630019188,3
831,21.0224571228,23.7806758881,3
832,21.0396430492,23.7927589417,3
833,21.0526440144,23.8088169098,3
834,21.0644719601,23.816822052,3
835,21.0793459415,23.8349459171,3
836,21.0911080837,23.843791008,3
837,21.1044809818,23.8573069572,3
838,21.1165590286,23.8707149029,3
839,21.1283080578,23.8899860382,3
840,21.1459851265,23.8979270458,3
841,21.1592419147,23.9131629467,3
842,21.171505928,23.9244968891,3
843,21.1890361309,23.9419898987,3
844,21.2007689476,23.9603550434,3
845,21.2123270035,23.9652750492,3
846,21.2247669697,23.9768738747,3
847,21.2366120815,23.9925088882,3
848,21.2483041286,23.9992089272,3
849,21.260078907,24.0120079517,3
850,21.2726669312,24.0246269703,3
851,21.2848329544,24.0375549793,3
852,21.2982110977,24.0521860123,3
853,21.3104989529,24.0619969368,3
854,21.3233289719,24.0760569572,3
855,21.335299015,24.0873839855,3
856,21.3487040997,24.1058540344,3
857,21.3617660999,24.1154220104,3
858,21.3742880821,24.1339039803,1
859,21.386441946,24.1451230049,1
860,21.4019050598,24.1544129848,1
861,21.4137759209,24.1676139832,1
862,21.4258339405,24.180161953,1
863,21.4375429153,24.1904659271,1
864,21.4493169785,24.2024509907,1
865,21.4638140202,24.2156410217,1
866,21.4773459435,24.2298619747,1
867,21.4897360802,24.2423861027,1
868,21.5019950867,24.2535700798,1
869,21.5141060352,24.2665889263,1
870,21.5287139416,24.2808539867,1
871,21.5433139801,24.2993590832,1
872,21.555617094,24.3075449467,1
873,21.5679199696,24.3197240829,1
874,21.5805621147,24.336026907,1
875,21.5921750069,24.3460049629,1
876,21.6039600372,24.3588950634,1
877,21.618434906,24.3707840443,1
878,21.6379010677,24.3901460171,1
879,21.6498250961,24.4015700817,1
880,21.6618449688,24.4159588814,1
881,21.6734549999,24.4278171062,1
882,21.6873040199,24.4393439293,1
883,21.6992490292,24.4510688782,1
884,21.7121899128,24.4655668736,1
885,21.729929924,24.4828329086,1
886,21.7420189381,24.4947469234,1
887,21.7537009716,24.5066840649,1
888,21.7654919624,24.5193209648,1
889,21.7773020267,24.5310399532,1
890,21.7891230583,24.5431380272,1
891,21.8025889397,24.5554220676,1
892,21.81676507,24.5691950321,1
893,21.8283650875,24.5857830048,1
894,21.8414490223,24.5972630978,1
895,21.8530290127,24.6075079441,1
896,21.8666210175,24.619838953,1
897,21.8782420158,24.638561964,1
898,21.8907139301,24.6465210915,1
899,21.9023480415,24.6550579071,1
900,21.9156370163,24.66720891,1
901,21.929723978,24.6822419167,1
902,21.942209959,24.6952660084,1
903,21.9556059837,24.7079410553,1
904,21.9684000015,24.7261669636,1
905,21.9803659916,24.7334570885,1
906,21.9942770004,24.7464740276,1
907,22.006002903,24.758895874,1
908,22.0175409317,24.7712678909,1
909,22.0294361115,24.7809128761,1
910,22.0415871143,24.7932109833,1
911,22.0531580448,24.810115099,3
912,22.0646879673,24.8222548962,3
913,22.0762469769,24.8301520348,3
914,22.0887811184,24.841356039,3
915,22.1011481285,24.8551030159,3
916,22.1150140762,24.8665421009,3
917,22.1270129681,24.8785119057,3
918,22.1385331154,24.8954138756,3
919,22.1529951096,24.9042890072,3
920,22.1648190022,24.917883873,3
921,22.1798949242,24.9315390587,3
922,22.1954379082,24.9505059719,3
923,22.2084860802,24.9596428871,3
924,22.2222890854,24.9784190655,3
925,22.2346150875,24.9865500927,3
926,22.2467770576,25.0006480217,3
927,22.2602419853,25.0125360489,3
928,22.2731120586,25.0255188942,3
929,22.2850339413,25.0373690128,3
930,22.2967159748,25.0532798767,3
931,22.3095140457,25.0632889271,3
932,22.3211619854,25.0740590096,3
933,22.3332440853,25.085269928,3
934,22.3485560417,25.1015338898,3
935,22.3647170067,25.1166810989,3
936,22.3802421093,25.132267952,3
937,22.3917820454,25.1432950497,3
938,22.4039919376,25.157515049,3
939,22.4155220985,25.1671559811,3
940,22.4309921265,25.1830101013,3
941,22.4438910484,25.195472002,3
942,22.4589381218,25.2153100967,3
943,22.4741129875,25.2276449203,3
944,22.4870569706,25.2389800549,3
945,22.498883009,25.2518980503,3
946,22.5116629601,25.2648000717,3
947,22.5241770744,25.2767429352,3
948,22.5362660885,25.2903280258,3
949,22.5521330833,25.3048639297,3
950,22.5655210018,25.3239328861,3
951,22.5789649487,25.3350749016,3
952,22.5923860073,25.3472220898,3
953,22.6039299965,25.358027935,3
954,22.6178410053,25.3722760677,3
955,22.6300530434,25.382101059,3
956,22.6438949108,25.399148941,3
957,22.6569440365,25.415915966,3
958,22.6715810299,25.4268500805,3
959,22.6865680218,25.4405639172,3
960,22.6987230778,25.4521169662,3
961,22.7103199959,25.4648830891,3
962,22.7223210335,25.4766581059,3
963,22.7348530293,25.4874169827,3
964,22.7487459183,25.5031170845,3
965,22.7605309486,25.5137639046,3
966,22.7732539177,25.5288770199,3
967,22.7850320339,25.5398430824,3
968,22.8022139072,25.6266610622,3
969,22.8138210773,25.6290440559,1
970,22.8255519867,25.6314361095,1
971,22.8374369144,25.6324238777,1
972,22.8498940468,25.6334400177,1
973,22.8614099026,25.6341760159,1
974,22.8731949329,25.6414260864,1
975,22.8848290443,25.6438510418,1
976,22.8979730606,25.6529319286,1
977,22.9095170498,25.6670720577,1
978,22.9227609634,25.6797540188,1
979,22.9403290749,25.6923370361,1
980,22.9563679695,25.7076559067,1
981,22.9682290554,25.720813036,1
982,22.980602026,25.7329609394,1
983,22.9922430515,25.7488799095,1
984,23.0038700104,25.7552139759,1
985,23.0159420967,25.7677989006,1
986,23.0297050476,25.7843339443,1
987,23.0412569046,25.7933599949,1
988,23.0567131042,25.8171360493,1
989,23.068156004,25.8198831081,1
990,23.0828950405,25.8345708847,1
991,23.0957229137,25.8485100269,1
992,23.1095590591,25.8620710373,1
993,23.1238439083,25.8772659302,1
994,23.140319109,25.8931119442,1
995,23.1549890041,25.9074928761,1
996,23.1669230461,25.9207260609,1
997,23.1785330772,25.9348330498,1
998,23.1940250397,25.9466838837,1
999,23.2071449757,25.9595429897,1
1000,23.2188019753,25.9708120823,1
1001,23.2350699902,25.9870181084,1
1002,23.2468659878,26.0065090656,1
1003,23.2596540451,26.01283288,1
1004,23.2713820934,26.0310029984,1
1005,23.2832090855,26.0366699696,1
1006,23.2964279652,26.0481719971,1
1007,23.3080720901,26.0631999969,1
1008,23.3241770267,26.0762929916,1
1009,23.3395130634,26.0922219753,1
1010,23.3516600132,26.1034600735,1
1011,23.3640680313,26.1160290241,1
1012,23.3758111,26.1273798943,1
1013,23.3897209167,26.1418941021,1
1014,23.4014809132,26.1549730301,1
1015,23.412979126,26.1679399014,1
1016,23.4280481339,26.1816430092,1
1017,23.4440951347,26.2015640736,1
1018,23.4567019939,26.2133090496,1
1019,23.4686670303,26.2207798958,1
1020,23.4822919369,26.2360720634,1
1021,23.496655941,26.2503640652,3
1022,23.508161068,26.2599709034,3
1023,23.5208530426,26.274189949,3
1024,23.5336220264,26.2877700329,3
1025,23.5471661091,26.3028070927,3
1026,23.5594110489,26.3123369217,3
1027,23.5750141144,26.3319470882,3
1028,23.5879869461,26.341643095,3
1029,23.5995869637,26.3526439667,3
1030,23.6115310192,26.3647990227,3
1031,23.624186039,26.3761510849,3
1032,23.6361300945,26.3878998756,3
1033,23.6484611034,26.4017300606,3
1034,23.6599490643,26.4119329453,3
1035,23.6715190411,26.4250359535,3
1036,23.6833999157,26.4379990101,3
1037,23.6953260899,26.4489278793,3
1038,23.7072660923,26.4680728912,3
1039,23.7190730572,26.4742870331,3
1040,23.7312629223,26.4850039482,3
1041,23.7470700741,26.4988310337,3
1042,23.758934021,26.5106420517,3
1043,23.7715339661,26.5235819817,3
1044,23.7835741043,26.5353770256,3
1045,23.8026649952,26.5585639477,3
1046,23.8179879189,26.5738799572,3
1047,23.8342859745,26.5866239071,3
1048,23.8495540619,26.6053180695,3
1049,23.8646769524,26.6163270473,3
1050,23.8847649097,26.6399149895,3
1051,23.8988909721,26.6522259712,3
1052,23.9106390476,26.6626629829,3
1053,23.9241600037,26.6785719395,3
1054,23.9359939098,26.6919419765,3
1055,23.9482660294,26.7025389671,3
1056,23.960146904,26.7151620388,3
1057,23.9737210274,26.726213932,3
1058,23.985296011,26.7399430275,3
1059,23.9983780384,26.7505970001,3
1060,24.0110740662,26.7660200596,3
1061,24.0233879089,26.7771730423,3
1062,24.0361959934,26.7908289433,3
1063,24.0500910282,26.8048889637,3
1064,24.0616021156,26.8139710426,3
1065,24.0733790398,26.8261349201,3
1066,24.085144043,26.8382050991,3
1067,24.0968940258,26.8523619175,3
1068,24.109539032,26.8662400246,3
1069,24.121035099,26.8734610081,3
1070,24.1328930855,26.8841750622,3
1071,24.1454970837,26.9001250267,3
1072,24.1576731205,26.9109950066,3
1073,24.170224905,26.92501688,3
1074,24.1836869717,26.9353830814,3
1075,24.1958200932,26.9511389732,3
1076,24.2077589035,26.9594929218,3
1077,24.2234179974,26.9812130928,1
1078,24.2386219501,26.9932329655,1
1079,24.252311945,27.0117371082,1
1080,24.2675340176,27.0198209286,1
1081,24.2815680504,27.0344901085,1
1082,24.2934410572,27.0451700687,1
1083,24.3052060604,27.0567550659,1
1084,24.3172049522,27.070194006,1
1085,24.3288650513,27.0837008953,1
1086,24.3407609463,27.0962300301,1
1087,24.3533511162,27.1073729992,1
1088,24.3648540974,27.1175980568,1
1089,24.3764340878,27.1286458969,1
1090,24.3881020546,27.140059948,1
1091,24.3995029926,27.1512179375,1
1092,24.4115920067,27.1633958817,1
1093,24.4232599735,27.1790750027,1
1094,24.4356191158,27.1949799061,1
1095,24.4492371082,27.2036988735,1
1096,24.4616880417,27.2166368961,1
1097,24.4754650593,27.2285339832,1
1098,24.4908320904,27.2447330952,1
1099,24.5041379929,27.2577290535,1
1100,24.5170221329,27.2692470551,1
1101,24.5286021233,27.2812700272,1
1102,24.5424919128,27.296104908,1
1103,24.5543501377,27.3090820312,1
1104,24.5722649097,27.3239109516,1
1105,24.583894968,27.3407070637,1
1106,24.5956220627,27.3489511013,1
1107,24.6101391315,27.3665509224,1
1108,24.6228950024,27.3811900616,1
1109,24.6347141266,27.3933579922,1
1110,24.6485729218,27.4014279842,1
1111,24.6651549339,27.4167969227,1
1112,24.6794331074,27.4317309856,1
1113,24.6921961308,27.4437990189,1
1114,24.7045629025,27.4567849636,1
1115,24.7162189484,27.4709949493,1
1116,24.7290661335,27.482681036,1
1117,24.7408211231,27.4977910519,1
1118,24.7560319901,27.513354063,1
1119,24.7682230473,27.5201890469,1
1120,24.7818500996,27.5363008976,1
1121,24.7933430672,27.5483469963,1
1122,24.8076989651,27.5594849586,1
1123,24.8271589279,27.5816459656,1
1124,24.8424949646,27.5988550186,1
1125,24.855287075,27.6072580814,1
1126,24.8676760197,27.6218409538,1
1127,24.8821771145,27.6358640194,1
1128,24.8937981129,27.6473579407,1
1129,24.9081909657,27.6703679562,1
1130,24.9207639694,27.6734209061,1
1131,24.9322891235,27.6850130558,1
1132,24.9443840981,27.6987850666,1
1133,24.9558119774,27.7082018852,1
1134,24.9699099064,27.7308580875,1
1135,30.0119280815,32.7634730339,2
1136,30.0235691071,32.7764420509,2
1137,30.0351750851,32.7873649597,2
1138,30.0467801094,32.7987060547,2
1139,30.0590541363,32.8118989468,2
1140,30.0705239773,32.8246569633,2
1141,30.0820260048,32.8337481022,2
1142,30.0952351093,32.8468949795,2
1143,30.1077649593,32.8590519428,2
1144,30.1191971302,32.8708090782,2
1145,30.1314249039,32.8854510784,2
1146,30.1439700127,32.8975319862,2
1147,30.1587100029,32.9103400707,2
1148,30.1710419655,32.9253680706,2
1149,30.1833059788,32.9349689484,2
1150,30.1950800419,32.9474999905,2
1151,30.2069470882,32.9584519863,2
1152,30.2191150188,32.9709129333,2
1153,30.2323179245,32.9858179092,2
1154,30.2447860241,32.9994719028,2
1155,30.2576329708,33.0105810165,2
1156,30.2692711353,33.0236690044,2
1157,30.2828390598,33.0361618996,2
1158,30.3026390076,33.0567750931,2
1159,30.3212890625,33.0746409893,2
1160,30.3351809978,33.0870890617,2
1161,30.3522810936,33.1061689854,2
1162,30.3641600609,33.1177411079,2
1163,30.376502037,33.1283628941,2
1164,30.3891010284,33.1476089954,2
1165,30.4063379765,33.1639208794,2
1166,30.4252269268,33.1774189472,2
1167,30.4372909069,33.1887969971,2
1168,30.4490890503,33.200658083,2
1169,30.4621150494,33.2140669823,2
1170,30.4747920036,33.2314419746,2
1171,30.4878940582,33.2396409512,2
1172,30.5049021244,33.2582979202,2
1173,30.5168340206,33.2694079876,2
1174,30.5290799141,33.282738924,2
1175,30.541862011,33.2942950726,2
1176,30.5540630817,33.3073809147,2
1177,30.5700371265,33.3309829235,2
1178,30.586796999,33.3384940624,2
1179,30.5983080864,33.3521430492,2
1180,30.6135489941,33.367825985,2
1181,30.6259129047,33.3791821003,2
1182,30.6413309574,33.3929839134,2
1183,30.6532680988,33.4054141045,2
1184,30.6656570435,33.4199810028,2
1185,30.6781101227,33.4303650856,2
1186,30.6901099682,33.4414598942,2
1187,30.7028589249,33.4586429596,2
1188,30.7152459621,33.4690830708,2
1189,30.728992939,33.482763052,2
1190,30.7412180901,33.493639946,0
1191,30.753467083,33.5058679581,0
1192,30.765568018,33.5208659172,0
1193,30.7778410912,33.5305380821,0
1194,30.7901520729,33.5428249836,0
1195,30.8023810387,33.5551040173,0
1196,30.8148980141,33.5683250427,0
1197,30.8269119263,33.5788290501,0
1198,30.8431420326,33.5949819088,0
1199,30.8548231125,33.6084740162,0
1200,30.8664159775,33.6188819408,0
1201,30.878166914,33.6304578781,0
1202,30.8898139,33.6428499222,0
1203,30.9041900635,33.6566441059,0
1204,30.9163210392,33.6702570915,0
1205,30.9282560349,33.682669878,0
1206,30.9400560856,33.6917979717,0
1207,30.9523611069,33.7036559582,0
1208,30.9653160572,33.7165620327,0
1209,30.977670908,33.7357530594,0
1210,30.9908709526,33.7448010445,0
1211,31.0063800812,33.7604129314,0
1212,31.0182089806,33.7713620663,0
1213,31.0307891369,33.786149025,0
1214,31.0430860519,33.796200037,0
1215,31.0555269718,33.8098239899,0
1216,31.0678019524,33.8201708794,0
1217,31.0801739693,33.8334341049,0
1218,31.0923469067,33.847867012,0
1219,31.104293108,33.862416029,0
1220,31.1198329926,33.8778240681,0
1221,31.1333270073,33.885974884,0
1222,31.1450440884,33.8971920013,0
1223,31.1568090916,33.9090058804,0
1224,31.1683659554,33.9199800491,0
1225,31.1816520691,33.93394804,0
1226,31.1935009956,33.9506299496,0
1227,31.2056109905,33.9590339661,0
1228,31.2171440125,33.9691178799,0
1229,31.2317121029,33.9888019562,0
1230,31.2443339825,33.9985818863,0
1231,31.2605240345,34.013158083,0
1232,31.2725989819,34.0241730213,0
1233,31.2864279747,34.0393159389,0
1234,31.2991111279,34.053000927,0
1235,31.3120589256,34.064068079,0
1236,31.3239610195,34.0773880482,0
1237,31.3368740082,34.0915188789,0
1238,31.3505051136,34.1065769196,0
1239,31.3640539646,34.116024971,0
1240,31.3762080669,34.1281120777,0
1241,31.3895161152,34.1414248943,0
1242,31.4014720917,34.1544680595,0
1243,31.4178769588,34.1701159477,0
1244,31.4318780899,34.1850099564,0
1245,31.4492211342,34.2034521103,0
1246,31.4607040882,34.2132530212,0
1247,36.4753329754,39.2273900509,3
1248,36.487126112,39.2395138741,3
1249,36.4992570877,39.2506420612,3
1250,36.51116395,39.2654259205,3
1251,36.5231740475,39.2773170471,3
1252,36.5349979401,39.288383007,3
1253,36.5466439724,39.2992510796,3
1254,36.5583000183,39.311175108,3
1255,36.5718610287,39.3271160126,3
1256,36.5846431255,39.3389759064,3
1257,36.5988171101,39.3507111073,3
1258,36.6132159233,39.3664810658,3
1259,36.6267061234,39.3787169456,3
1260,36.6396450996,39.3946080208,3
1261,36.6543049812,39.4063429832,3
1262,36.6675081253,39.4205420017,3
1263,36.6804220676,39.4324500561,3
1264,36.6924269199,39.4449810982,3
1265,36.7042450905,39.4571199417,3
1266,36.7163069248,39.4705209732,3
1267,36.7283549309,39.4816799164,3
1268,36.7407679558,39.4927430153,3
1269,36.7525639534,39.5043430328,3
1270,36.7642769814,39.5156068802,3
1271,36.7771980762,39.5294499397,3
1272,36.7889840603,39.5416719913,3
1273,36.8007659912,39.5535430908,3
1274,36.8122589588,39.5641338825,3
1275,36.8257350922,39.5797359943,3
1276,36.8378760815,39.5898389816,3
1277,36.8516750336,39.6041190624,3
1278,36.86424613,39.6162378788,3
1279,36.8762581348,39.6281979084,3
1280,36.887887001,39.6401898861,3
1281,36.899887085,39.6526560783,3
1282,36.9119119644,39.6655130386,3
1283,36.9245591164,39.676817894,3
1284,36.9366219044,39.6885089874,3
1285,36.948802948,39.7008690834,3
1286,36.9618611336,39.7133588791,3
1287,36.9737100601,39.72874403,3
1288,36.9864099026,39.7382199764,3
1289,36.9983029366,39.7498879433,3
1290,37.0099430084,39.7673459053,3
1291,37.023389101,39.7802438736,3
1292,37.0367081165,39.7888300419,3
1293,37.0488040447,39.8021309376,3
1294,37.0617570877,39.818267107,3
1295,37.0737440586,39.8313860893,3
1296,37.0859229565,39.8408520222,3
1297,37.0989310741,39.8508050442,1
1298,37.1105520725,39.8635690212,1
1299,37.1223421097,39.8743519783,1
1300,37.134196043,39.8908350468,1
1301,37.1475310326,39.9019219875,1
1302,37.1607270241,39.9167089462,1
1303,37.1733179092,39.930314064,1
1304,37.1856820583,39.9370470047,1
1305,37.1983149052,39.9504249096,1
1306,37.2122690678,39.9643108845,1
1307,37.2244589329,39.9767069817,1
1308,37.2375171185,39.9920599461,1
1309,37.2495510578,40.005769968,1
1310,37.2617111206,40.015032053,1
1311,37.2751529217,40.0282468796,1
1312,37.2890489101,40.0432710648,1
1313,37.3013660908,40.0552899837,1
1314,37.3130581379,40.0731489658,1
1315,37.3277211189,40.0801410675,1
1316,37.3443140984,40.0964319706,1
1317,37.3573241234,40.1161959171,1
1318,37.3695161343,40.1214859486,1
1319,37.3818719387,40.1353590488,1
1320,37.3941700459,40.1467339993,1
1321,37.4062230587,40.1591649055,1
1322,37.4188261032,40.1739768982,1
1323,37.4317231178,40.184253931,1
1324,37.4460339546,40.2027070522,1
1325,37.4586760998,40.2105519772,1
1326,37.4705331326,40.2307760715,1
1327,37.4831590652,40.2370328903,1
1328,37.4962759018,40.2474989891,1
1329,37.5089831352,40.2613680363,1
1330,37.5211269855,40.2785930634,1
1331,37.5342309475,40.2945959568,1
1332,37.5471270084,40.3012259007,1
1333,37.5591340065,40.3134241104,1
1334,37.571860075,40.3279180527,1
1335,37.5837581158,40.3391149044,1
1336,37.5983099937,40.3520820141,1
1337,37.6117560863,40.3640360832,1
1338,37.6258459091,40.3790829182,1
1339,37.6381061077,40.3911640644,1
1340,37.6497349739,40.4038379192,1
1341,37.6624860764,40.4150218964,1
1342,37.6746361256,40.4286429882,1
1343,37.6864459515,40.440764904,1
1344,37.6984190941,40.4526040554,1
1345,37.7102301121,40.4622900486,1
1346,37.7219390869,40.479403019,1
1347,37.733577013,40.4880900383,1
1348,37.7452809811,40.4971139431,1
1349,37.7571921349,40.5090949535,1
1350,37.7690429688,40.5230600834,1
1351,37.7812421322,40.5372838974,1
1352,42.8003149033,45.5587210655,2
1353,42.814677,45.5712490082,2
1354,42.833769083,45.5856130123,2
1355,42.8457579613,45.5977699757,2
1356,42.8578739166,45.610200882,2
1357,42.8699729443,45.6215789318,2
1358,42.8817679882,45.6334009171,2
1359,42.8938589096,45.6509339809,2
1360,42.9056560993,45.6580479145,2
1361,42.9174730778,45.6694729328,2
1362,42.9295380116,45.6875770092,2
1363,42.9417819977,45.6983139515,2
1364,42.9534959793,45.7054190636,2
1365,42.9661200047,45.7185349464,2
1366,42.9795529842,45.7323949337,2
1367,42.9915459156,45.7499029636,2
1368,43.0043771267,45.7569580078,2
1369,43.0166020393,45.7684140205,2
1370,43.0286619663,45.7802109718,2
1371,43.0408680439,45.7925209999,2
1372,43.0532500744,45.8062028885,2
1373,43.0669240952,45.8235139847,2
1374,43.0788669586,45.837583065,2
1375,43.0914590359,45.8437519073,2
1376,43.1037640572,45.855232954,2
1377,43.1154899597,45.8670790195,2
1378,43.1278209686,45.8825900555,2
1379,43.1404371262,45.8925690651,2
1380,43.1548640728,45.9089648724,2
1381,43.1683490276,45.9205019474,2
1382,43.1801559925,45.9320969582,2
1383,43.1922590733,45.9469759464,2
1384,43.2058200836,45.9586400986,2
1385,43.2174401283,45.9719228745,2
1386,43.2290380001,45.9807209969,2
1387,43.2407000065,45.9921720028,2
1388,43.2530770302,46.0066180229,2
1389,43.2668569088,46.0220310688,2
1390,43.2812449932,46.0353639126,2
1391,43.2930080891,46.0478379726,2
1392,43.305932045,46.0654220581,2
1393,43.3182430267,46.0725569725,2
1394,43.3310110569,46.0844039917,2
1395,43.3452880383,46.1001520157,2
1396,43.3593850136,46.1119830608,2
1397,43.3728051186,46.1294119358,2
1398,43.3857860565,46.1391870975,2
1399,43.3977870941,46.1527070999,2
1400,43.4098920822,46.1630430222,2
1401,43.4219100475,46.1738269329,2
1402,43.4334061146,46.1874680519,2
1403,43.4449911118,46.1980860233,2
1404,43.4570910931,46.2092709541,2
1405,43.4721419811,46.2340509892,2
1406,43.4844460487,46.2399129868,2
1407,43.4967079163,46.2501730919,2
1408,43.510185957,46.2633891106,2
1409,43.5225720406,46.275883913,2
1410,43.5343799591,46.2897720337,0
1411,43.5460169315,46.3000118732,0
1412,43.5579080582,46.3121330738,0
1413,43.5699169636,46.3262929916,0
1414,43.5832180977,46.3368320465,0
1415,43.5949139595,46.3477740288,0
1416,43.6069099903,46.3585689068,0
1417,43.6189160347,46.3778760433,0
1418,43.6306509972,46.3830730915,0
1419,43.6433830261,46.4008479118,0
1420,43.6567490101,46.4116899967,0
1421,43.6685950756,46.4226629734,0
1422,43.6806869507,46.4321920872,0
1423,43.6930990219,46.4491209984,0
1424,43.7050669193,46.4563639164,0
1425,43.718722105,46.4751689434,0
1426,43.7305319309,46.484030962,0
1427,43.742923975,46.4967339039,0
1428,43.7547299862,46.5075569153,0
1429,43.7665069103,46.5181798935,0
1430,43.7780900002,46.5314600468,0
1431,43.7924969196,46.549959898,0
1432,43.8091540337,46.5672340393,0
1433,43.8208799362,46.572658062,0
1434,43.8327860832,46.5845088959,0
1435,43.8445990086,46.6016769409,0
1436,43.856347084,46.6091599464,0
1437,43.8685719967,46.6217401028,0
1438,43.8801040649,46.6335499287,0
1439,43.8915929794,46.6438610554,0
1440,43.9036049843,46.655493021,0
1441,43.9181439877,46.6717998981,0
1442,43.9303200245,46.6890480518,0
1443,43.9462800026,46.7018380165,0
1444,43.9578750134,46.7101650238,0
1445,43.9695570469,46.7207810879,0
1446,43.9825389385,46.7356390953,0
1447,43.9972629547,46.7490139008,0
1448,44.0119559765,46.7650260925,0
1449,44.0243771076,46.7809269428,0
1450,44.0362820625,46.7909429073,0
1451,44.0481069088,46.8004109859,0
1452,44.0600259304,46.8120310307,0
1453,44.071846962,46.8278999329,0
1454,44.0836749077,46.836894989,0
1455,44.0957341194,46.8516430855,0
1456,44.1130199432,46.8667759895,0
1457,44.1247980595,46.880769968,0
1458,44.1365361214,46.8888690472,0
1459,44.1481220722,46.9038031101,0
1460,44.1599750519,46.9142539501,0
1461,44.171931982,46.9247159958,0
1462,44.1837770939,46.9368760586,0
1463,44.1953439713,46.9484369755,0
1464,44.2077319622,46.964343071,0
1465,44.2193109989,46.9710159302,0
1466,44.2324430943,46.9858009815,0
1467,44.2448840141,46.9990611076,0
1468,44.2569990158,47.0127689838,0
1469,44.2688190937,47.0229489803,0
1470,49.2857539654,52.0397980213,3
1471,49.2978379726,52.0505309105,3
1472,49.3102169037,52.0628759861,3
1473,49.3224830627,52.0741698742,3
1474,49.3344020844,52.0867440701,3
1475,49.3459429741,52.0980110168,3
1476,49.3625280857,52.1161170006,3
1477,49.3758111,52.1285760403,3
1478,49.3876199722,52.1409258842,3
1479,49.4001009464,52.1516270638,3
1480,49.4120540619,52.1650390625,3
1481,49.4240999222,52.1761829853,3
1482,49.4364480972,52.1890349388,3
1483,49.4484219551,52.1997830868,3
1484,49.4602761269,52.2125918865,3
1485,49.4721360207,52.2246949673,3
1486,49.4841139317,52.2400000095,3
1487,49.4961810112,52.2478868961,3
1488,49.5081970692,52.259996891,3
1489,49.5201079845,52.2741830349,3
1490,49.5344290733,52.2864539623,3
1491,49.5464179516,52.299916029,3
1492,49.5586209297,52.3110609055,3
1493,49.5708270073,52.324559927,3
1494,49.5838470459,52.3372969627,3
1495,49.5959050655,52.3484020233,3
1496,49.6078240871,52.3603110313,3
1497,49.6201410294,52.371794939,3
1498,49.6322829723,52.3847351074,3
1499,49.6445519924,52.3972539902,3
1500,49.6570270061,52.4167909622,3
1501,49.6696560383,52.4216570854,3
1502,49.6819200516,52.4342370033,3
1503,49.6940619946,52.4467890263,3
1504,49.7080159187,52.4608740807,3
1505,49.7202091217,52.4722890854,3
1506,49.7336030006,52.485296011,3
1507,49.7460889816,52.4988930225,3
1508,49.7622771263,52.5151050091,3
1509,49.773886919,52.5279669762,3
1510,49.7873039246,52.541424036,3
1511,49.7993760109,52.5527949333,3
1512,49.8118009567,52.5643749237,3
1513,49.8249549866,52.5807650089,3
1514,49.8384280205,52.5904889107,3
1515,49.851115942,52.6031799316,3
1516,49.8636229038,52.6200339794,3
1517,49.8762750626,52.6343450546,3
1518,49.8895859718,52.6478149891,3
1519,49.9023830891,52.6551110744,3
1520,49.9140770435,52.6673769951,3
1521,49.9316799641,52.6835339069,3
1522,49.9438259602,52.7017819881,3
1523,49.9559841156,52.7119190693,3
1524,49.9687430859,52.7214300632,3
1525,49.9809370041,52.7335510254,3
1526,49.9926640987,52.8682000637,3
1527,50.0054309368,52.8695430756,3
1528,50.0175099373,52.8703548908,3
1529,50.0344009399,52.8710649014,3
1530,50.0461061001,52.8748340607,1
1531,50.0579369068,52.8755350113,1
1532,50.071696043,52.8762350082,1
1533,50.0837340355,52.8840858936,1
1534,50.0955219269,52.8850009441,1
1535,50.1107170582,52.8857839108,1
1536,50.1227929592,52.8882420063,1
1537,50.1345670223,52.8936579227,1
1538,50.1504600048,52.9047889709,1
1539,50.1665849686,52.9254930019,1
1540,50.1783370972,52.9351089001,1
1541,50.1910619736,52.9513878822,1
1542,50.203109026,52.9547629356,1
1543,50.2148170471,52.9669148922,1
1544,50.226555109,52.9783980846,1
1545,50.2389640808,52.9918758869,1
1546,50.2511649132,53.0029900074,1
1547,50.2640171051,53.0171880722,1
1548,50.2760081291,53.0318260193,1
1549,50.2880709171,53.0412321091,1
1550,50.301543951,53.0557210445,1
1551,50.3130300045,53.0645840168,1
1552,50.3255169392,53.0774099827,1
1553,50.3389179707,53.093173027,1
1554,50.3533320427,53.1099510193,1
1555,50.3656129837,53.1210958958,1
1556,50.377933979,53.1363430023,1
1557,50.3898119926,53.1497309208,1
1558,50.4028909206,53.1609261036,1
1559,50.4147129059,53.1686050892,1
1560,50.426666975,53.1828110218,1
1561,50.4382910728,53.1895949841,1
1562,50.4501779079,53.2022740841,1
1563,50.4633960724,53.2165939808,1
1564,50.4751210213,53.2268989086,1
1565,50.4878919125,53.2423219681,1
1566,50.500054121,53.2539229393,1
1567,50.5130770206,53.2675199509,1
1568,50.5255610943,53.2843461037,1
1569,50.541148901,53.2945139408,1
1570,50.5529999733,53.3098928928,1
1571,50.5651319027,53.3184399605,1
1572,50.5776920319,53.3296759129,1
1573,50.5898420811,53.3470389843,1
1574,50.6018590927,53.3546040058,1
1575,50.6151061058,53.3685190678,1
1576,50.6268799305,53.383220911,1
1577,50.6423559189,53.3981339931,1
1578,50.6543030739,53.4075191021,1
1579,50.6662809849,53.4185700417,1
1580,50.6782820225,53.430989027,1
1581,50.6908230782,53.4534358978,1
1582,50.7073659897,53.461386919,1
1583,50.7194399834,53.4728829861,1
1584,50.7313380241,53.4829130173,1
1585,50.7427449226,53.4947628975,1
1586,55.7639949322,58.5178720951,2
1587,55.7790410519,58.5341420174,2
1588,55.7915849686,58.5432710648,2
1589,55.8036711216,58.5557529926,2
1590,55.815320015,58.5685091019,2
1591,55.8271701336,58.5785698891,2
1592,55.8396539688,58.5944130421,2
1593,55.8546459675,58.6129889488,2
1594,55.868983984,58.6202449799,2
1595,55.8808510303,58.6332349777,2
1596,55.8929359913,58.6542899609,2
1597,55.9062130451,58.6582679749,2
1598,55.9177970886,58.6699810028,2
1599,55.930038929,58.6837980747,2
1600,55.9443230629,58.6971189976,2
1601,55.9560360909,58.7109649181,2
1602,55.9710841179,58.7237980366,2
1603,55.9872579575,58.7387108803,2
1604,56.0021810532,58.7539319992,2
1605,56.0185809135,58.770772934,2
1606,56.0303139687,58.782943964,2
1607,56.0420410633,58.7936749458,2
1608,56.0537040234,58.8060319424,2
1609,56.0653779507,58.816701889,2
1610,56.0768969059,58.8285479546,2
1611,56.0888240337,58.8416919708,2
1612,56.1019599438,58.8546280861,2
1613,56.1136660576,58.8697659969,2
1614,56.1257879734,58.8778750896,2
1615,56.1382510662,58.8936378956,2
1616,56.1515419483,58.9079880714,2
1617,56.16487813,58.9167790413,2
1618,56.1781980991,58.9306330681,2
1619,56.1921830177,58.9450268745,2
1620,56.2055931091,58.9570860863,2
1621,56.2174880505,58.9701659679,2
1622,56.2295899391,58.9847910404,2
1623,56.2423250675,58.9968369007,2
1624,56.2546191216,59.0065910816,2
1625,56.2707829475,59.0237400532,2
1626,56.2830250263,59.0373768806,2
1627,56.2950279713,59.0488069057,2
1628,56.3075931072,59.0643460751,2
1629,56.3194270134,59.0711619854,2
1630,56.3325800896,59.0850338936,2
1631,56.3447020054,59.0968029499,2
1632,56.3575999737,59.1183629036,2
1633,56.3709270954,59.1267380714,2
1634,56.3829939365,59.1376640797,2
1635,56.3952901363,59.1581590176,2
1636,56.4095590115,59.1626439095,2
1637,56.4213120937,59.172426939,2
1638,56.4330570698,59.1873250008,2
1639,56.4461541176,59.1989588737,2
1640,56.458039999,59.2118849754,2
1641,56.4707889557,59.2240700722,2
1642,56.4823920727,59.2358839512,0
1643,56.4940590858,59.2468900681,0
1644,56.5059669018,59.2577779293,0
1645,56.5188519955,59.272521019,0
1646,56.5308420658,59.2846310139,0
1647,56.5458381176,59.3046240807,0
1648,56.5576820374,59.3164310455,0
1649,56.5728049278,59.324311018,0
1650,56.585103035,59.337403059,0
1651,56.5973479748,59.3502960205,0
1652,56.6110260487,59.3641340733,0
1653,56.6244130135,59.3767969608,0
1654,56.6366949081,59.389261961,0
1655,56.6487150192,59.4041860104,0
1656,56.6648330688,59.4156858921,0
1657,56.6784629822,59.4307210445,0
1658,56.6898579597,59.443543911,0
1659,56.702174902,59.454595089,0
1660,56.714550972,59.4666259289,0
1661,56.7278110981,59.5077450275,0
1662,56.740226984,59.5140268803,0
1663,56.7523069382,59.5174589157,0
1664,56.7650499344,59.5198030472,0
1665,56.777244091,59.5377531052,0
1666,56.7891860008,59.5408000946,0
1667,56.8009970188,59.5536980629,0
1668,56.812732935,59.5806720257,0
1669,56.8245420456,59.5816628933,0
1670,56.836714983,59.5897409916,0
1671,56.8487579823,59.6010251045,0
1672,56.8615999222,59.6169888973,0
1673,56.8736190796,59.6294469833,0
1674,56.8855979443,59.637955904,0
1675,56.8977649212,59.65320611,0
1676,56.9106669426,59.6630620956,0
1677,56.9237561226,59.6761140823,0
1678,56.9357039928,59.6890599728,0
1679,56.9476690292,59.7015860081,0
1680,56.9602680206,59.7121300697,0
1681,56.9724140167,59.7333049774,0
1682,56.9841959476,59.7373559475,0
1683,56.9959259033,59.75289011,0
1684,57.0087900162,59.7642390728,0
1685,57.0207879543,59.7724781036,0
1686,57.032861948,59.7900569439,0
1687,57.0456590652,59.8067669868,0
1688,57.05747509,59.8124051094,0
1689,57.0698299408,59.8241438866,0
1690,57.0820920467,59.8350260258,0
1691,57.0943610668,59.8471820354,0
1692,57.1084039211,59.8627738953,0
1693,57.1202249527,59.873609066,0
1694,57.1377139091,59.8910260201,0
1695,57.1495990753,59.9124200344,0
1696,57.1613869667,59.9152860641,0
1697,57.1731901169,59.9247190952,0
1698,57.185115099,59.9376139641,0
1699,57.1971731186,59.9529929161,0
1700,57.2097010612,59.9646570683,0
1701,57.2223339081,59.9949920177,0
1702,57.2338540554,59.9986729622,2
1703,57.2456641197,59.9994819164,2
1704,57.257445097,60.0159111023,2
1705,57.2689700127,60.0324680805,2
1706,57.2821519375,60.0333659649,2
1707,57.2937619686,60.0509839058,2
1708,57.3075809479,60.0646500587,2
1709,57.3221650124,60.0788729191,2
1710,57.3356370926,60.0875051022,2
1711,57.3480789661,60.1014039516,2
1712,57.3598670959,60.1185920238,2
1713,57.3720009327,60.1370050907,2
1714,57.3845069408,60.1405670643,2
1715,57.3968949318,60.1510760784,2
1716,57.4155070782,60.1704781055,2
1717,57.4276769161,60.1798529625,2
1718,57.4398069382,60.192054987,2
1719,57.452340126,60.2051260471,2
1720,57.4648199081,60.2175369263,2
1721,57.4768610001,60.2331330776,2
1722,57.488697052,60.2436299324,2
1723,57.5006520748,60.2559540272,2
1724,57.512542963,60.2669970989,2
1725,57.5246620178,60.2774949074,2
1726,57.5372190475,60.2924470901,2
1727,57.5491881371,60.3013300896,2
1728,57.5608539581,60.3147320747,2
1729,57.5738940239,60.3273820877,2
1730,57.5925409794,60.3483400345,2
1731,57.6050441265,60.3568749428,2
1732,57.6176431179,60.3711669445,2
1733,57.6293210983,60.3863210678,2
1734,57.6467199326,60.3986558914,2
1735,57.6584830284,60.4156889915,2
1736,57.6713030338,60.4261269569,2
1737,57.6832430363,60.4389820099,2
1738,57.6949300766,60.4489190578,2
1739,57.7070529461,60.4593720436,2
1740,57.7197909355,60.4746499062,2
1741,57.7313771248,60.4832019806,2
1742,57.7439379692,60.5014019012,2
1743,57.7599890232,60.5152978897,2
1744,57.7717440128,60.5237360001,2
1745,57.7853519917,60.5369410515,2
1746,57.7972280979,60.5487558842,2
1747,57.8090510368,60.5674369335,2
1748,57.8265669346,60.5786380768,2
1749,57.8383579254,60.5990560055,2
1750,57.849916935,60.6020998955,2
1751,57.8614749908,60.6145670414,2
1752,57.873196125,60.6284439564,2
1753,57.8866610527,60.6418318748,2
1754,57.8981759548,60.6519620419,2
1755,57.9114429951,60.6639568806,2
1756,57.92406106,60.6763250828,2
1757,57.9370939732,60.690787077,2
1758,57.9496359825,60.7053859234,2
1759,57.963696003,60.7173969746,0
1760,57.9769220352,60.7293438911,0
1761,57.9916701317,60.7521159649,0
1762,58.0061919689,60.7614860535,0
1763,58.0225679874,60.7772099972,0
1764,58.0357899666,60.7887370586,0
1765,58.0472810268,60.7988119125,0
1766,58.0588560104,60.8104999065,0
1767,58.0705580711,60.8224918842,0
1768,58.082267046,60.8472929001,0
1769,58.0941369534,60.8477210999,0
1770,58.1078169346,60.8598809242,0
1771,58.1195130348,60.8758280277,0
1772,58.131043911,60.888406992,0
1773,58.1446290016,60.9033749104,0
1774,58.158064127,60.9123120308,0
1775,58.1710720062,60.9228980541,0
1776,58.1846909523,60.9381799698,0
1777,58.1975080967,60.9514799118,0
1778,58.2100350857,60.9666190147,0
1779,58.2220909595,60.9764208794,0
1780,58.2355489731,60.9878439903,0
1781,58.247451067,61.0009689331,0
1782,58.2596769333,61.0145339966,0
1783,58.2714929581,61.0284810066,0
1784,58.2900309563,61.0453400612,0
1785,58.3019299507,61.0538589954,0
1786,58.3179171085,61.0703299046,0
1787,58.3299789429,61.0834109783,0
1788,58.3450500965,61.1018309593,0
1789,58.3635940552,61.1146130562,0
1790,58.3755629063,61.1376481056,0
1791,58.3884959221,61.1451740265,0
1792,58.4041960239,61.1570250988,0
1793,58.4157779217,61.1722738743,0
1794,58.427396059,61.186850071,0
1795,58.4391000271,61.1949739456,0
1796,58.4516510963,61.2048940659,0
1797,58.4648320675,61.2165188789,0
1798,58.4767649174,61.2320621014,0
1799,58.488312006,61.2396950722,0
1800,58.5000429153,61.2564508915,0
1801,58.511562109,61.2640008926,0
1802,58.5262320042,61.2820899487,0
1803,58.5379071236,61.2905879021,0
1804,58.55133605,61.3031859398,0
1805,58.56508708,61.320098877,0
1806,58.5793740749,61.3313879967,0
1807,58.5918400288,61.3534359932,0
1808,58.6032640934,61.3576500416,0
1809,58.6203849316,61.3792619705,0
1810,58.632117033,61.3907189369,0
1811,58.6442699432,61.3967568874,0
1812,58.6585640907,61.4119229317,0
1813,58.6711890697,61.4239521027,0
1814,58.6835360527,61.4371669292,0
1815,58.6957890987,61.4478759766,0
1816,58.7073309422,61.4594891071,0
1817,58.7208940983,61.4764270782,0
1818,58.7338399887,61.4857559204,2
1819,58.7454230785,61.5038809776,2
1820,58.757445097,61.5105009079,2
1821,58.7709720135,61.5235359669,2
1822,58.7833070755,61.5350039005,2
1823,58.7988240719,61.552382946,2
1824,58.8149690628,61.5675349236,2
1825,58.8297889233,61.5838270187,2
1826,58.84197402,61.6005780697,2
1827,58.8541610241,61.6069450378,2
1828,58.8675251007,61.6192579269,2
1829,58.8795959949,61.6469578743,2
1830,58.8912980556,61.6473810673,2
1831,58.9049630165,61.6569008827,2
1832,58.9165980816,61.6690590382,2
1833,58.9286079407,61.6873030663,2
1834,58.9412279129,61.6965770721,2
1835,58.9536879063,61.7100958824,2
1836,58.9687371254,61.7234539986,2
1837,58.9804639816,61.7377789021,2
1838,58.9925749302,61.7522099018,2
1839,59.00436306,61.7582399845,2
1840,59.0184440613,61.770663023,2
1841,59.0302369595,61.7840480804,2
1842,59.0417809486,61.7952480316,2
1843,59.0542891026,61.8066830635,2
1844,59.0670390129,61.8215539455,2
1845,59.083812952,61.8361179829,2
1846,59.0988709927,61.8540530205,2
1847,59.1119759083,61.8700430393,2
1848,59.1257910728,61.8818869591,2
1849,59.1375329494,61.8893220425,2
1850,59.1490709782,61.9058220387,2
1851,59.1607689857,61.9135549068,2
1852,59.1723229885,61.9240400791,2
1853,59.18415308,61.9371619225,2
1854,59.1964919567,61.9479448795,2
1855,59.2079510689,61.9596838951,2
1856,59.2200169563,61.9726059437,2
1857,59.242497921,62.0019910336,2
1858,59.2747559547,62.041656971,2
1859,59.3016550541,62.055439949,2
1860,59.31594491,62.0687639713,2
1861,59.3309259415,62.0873970985,2
1862,59.3435161114,62.0975389481,2
1863,59.3552510738,62.1079530716,2
1864,59.3672819138,62.1195690632,2
1865,59.379144907,62.1309440136,2
1866,59.3925390244,62.149723053,2
1867,59.4040510654,62.1575210094,2
1868,59.4168839455,62.1686799526,2
1869,59.4331381321,62.1897881031,2
1870,59.444947958,62.1972219944,2
1871,59.4583370686,62.2173359394,2
1872,59.4713099003,62.2234039307,2
1873,59.4835379124,62.2419059277,2
1874,59.4965970516,62.2533168793,2
1875,59.5091099739,62.2630228996,2
1876,59.5214791298,62.2824540138,0
1877,59.5362010002,62.2885200977,0
1878,59.5479850769,62.3018689156,0
1879,59.5600469112,62.3151888847,0
1880,59.5715711117,62.3305521011,0
1881,59.5838239193,62.335340023,0
1882,59.5966110229,62.3477590084,0
1883,59.6089301109,62.3668010235,0
1884,59.6218020916,62.3798530102,0
1885,59.6335780621,62.3895618916,0
1886,59.650593996,62.4045610428,0
1887,59.6631920338,62.4159629345,0
1888,59.6774981022,62.4337899685,0
1889,59.6910450459,62.4432830811,0
1890,59.7036159039,62.4561679363,0
1891,59.7152681351,62.467247963,0
1892,59.7270140648,62.4817500114,0
1893,59.7390959263,62.4952750206,0
1894,59.7539160252,62.5057349205,0
1895,59.7670099735,62.5199980736,0
1896,59.7831161022,62.5343699455,0
1897,59.7963731289,62.5577070713,0
1898,59.8081099987,62.5607380867,0
1899,59.8198719025,62.5724360943,0
1900,59.8318970203,62.5952460766,0
1901,59.8458650112,62.5974500179,0
1902,59.8577640057,62.6104729176,0
1903,59.8695421219,62.6238648891,0
1904,59.8820171356,62.6338419914,0
1905,59.893985033,62.6479659081,0
1906,59.90583992,62.6576149464,0
1907,59.9205110073,62.6719949245,0
1908,59.9327299595,62.6895239353,0
1909,59.9472420216,62.70008111,0
1910,59.958812952,62.715034008,0
1911,59.9706950188,62.7224850655,0
1912,59.983823061,62.7354838848,0
1913,59.9965279102,62.7486689091,0
1914,60.0096681118,62.7727479935,0
1915,60.0211920738,62.77520895,0
1916,60.0329871178,62.7852458954,0
1917,60.0454380512,62.8032810688,0
1918,60.0572509766,62.8091819286,0
1919,60.069601059,62.8266539574,0
1920,60.0874409676,62.8410680294,0
1921,60.1014399529,62.8531529903,0
1922,60.1130120754,62.8694961071,0
1923,60.1275279522,62.8791520596,0
1924,60.1404359341,62.8965449333,0
1925,60.1525111198,62.9056890011,0
1926,60.1650259495,62.9160120487,0
1927,60.1769380569,62.9314579964,0
1928,60.1903090477,62.9450509548,0
1929,60.203660965,62.9586369991,0
1930,60.220607996,62.9718699455,0
1931,60.2324230671,62.9886748791,0
1932,60.2442479134,62.9978420734,0
1933,65.2651920319,68.0167779922,3
1934,65.2771780491,68.0299100876,3
1935,65.2895259857,68.0407559872,3
1936,65.3013019562,68.0551168919,3
1937,65.3133039474,68.0666799545,3
1938,65.3252329826,68.0843908787,3
1939,65.3369750977,68.0897240639,3
1940,65.348968029,68.1008729935,3
1941,65.3609309196,68.1129009724,3
1942,65.3724200726,68.1262640953,3
1943,65.391808033,68.1443400383,3
1944,65.4045660496,68.1570930481,3
1945,65.4167690277,68.1721758842,3
1946,65.428702116,68.181787014,3
1947,65.4409430027,68.1927781105,3
1948,65.453207016,68.2047278881,3
1949,65.4653830528,68.2201418877,3
1950,65.4783420563,68.230050087,3
1951,65.4900100231,68.2420179844,3
1952,65.5016849041,68.2567830086,3
1953,65.5188090801,68.271586895,3
1954,65.5305900574,68.28241992,3
1955,65.5422179699,68.2951231003,3
1956,65.5538420677,68.3081519604,3
1957,65.5655639172,68.3179569244,3
1958,65.5781199932,68.331152916,3
1959,65.590692997,68.3427538872,3
1960,65.6023409367,68.3537690639,3
1961,65.6141281128,68.3713169098,3
1962,65.6324379444,68.3872280121,3
1963,65.6467621326,68.4033410549,3
1964,65.6585121155,68.4106459618,3
1965,65.6703739166,68.4227290154,3
1966,65.6822960377,68.4382488728,3
1967,65.6964139938,68.4497349262,3
1968,65.7083129883,68.4603829384,3
1969,65.7204771042,68.4733469486,3
1970,65.732268095,68.48554492,3
1971,65.7499899864,68.5017220974,3
1972,65.7617869377,68.5202069283,3
1973,65.7740530968,68.5258049965,3
1974,65.786080122,68.5375859737,3
1975,65.7984321117,68.5585620403,3
1976,65.8115100861,68.5658500195,3
1977,65.8235599995,68.5754270554,3
1978,65.8359889984,68.5902528763,3
1979,65.8490810394,68.6002380848,3
1980,65.8607189655,68.615350008,3
1981,65.8737180233,68.6284649372,3
1982,65.8874330521,68.6409549713,3
1983,65.9008529186,68.6573169231,3
1984,65.9127540588,68.6660749912,3
1985,65.9242289066,68.6752378941,3
1986,65.9357349873,68.6876280308,3
1987,65.9492619038,68.7006011009,3
1988,65.961288929,68.7223260403,3
1989,65.9788880348,68.7337620258,3
1990,65.9910700321,68.7485508919,3
1991,66.0045859814,68.7588870525,3
1992,66.0177340508,68.7748570442,3
1993,66.0309009552,68.7854950428,1
1994,66.043817997,68.7982370853,1
1995,66.0559411049,68.8100280762,1
1996,66.0675580502,68.8214409351,1
1997,66.0793049335,68.830947876,1
1998,66.0913209915,68.8429250717,1
1999,66.1029219627,68.8589730263,1
2000,66.1205840111,68.8755729198,1
