PacketSeqNo,GeneratedTime(sec),ArrivalTime(sec),MulticastIdx
1,0.467212438583374,2.5755245685577393,1
2,0.5065140724182129,2.61541748046875,1
3,0.5425064563751221,2.6513190269470215,1
4,0.6105074882507324,2.7190496921539307,1
5,0.6423278772817229,2.749669313430786,1
6,0.6744809150695801,2.782710552215576,1
7,0.7265188694000244,2.8342278003692627,1
8,0.7665183544158936,2.8760764598846436,1
9,0.8065178394317627,2.9232470989227295,1
10,0.8545174598693848,2.96358060836792,1
11,0.9027144908905029,3.0161023139953613,1
12,0.9587476253509521,3.068063259124756,1
13,1.002763032913208,3.115731954574585,1
14,1.0542131965765853,3.172008514404297,1
15,1.1107542514801025,3.2204952239990234,1
16,1.1547555923461914,3.275879144668579,1
17,1.2107505798339844,3.3192880153656006,1
18,1.2507612705230713,3.359630823135376,1
19,1.3266160488128662,3.437098264694214,1
20,1.3827025890350342,3.4956555366516113,1
21,1.4307525157928467,3.539865255355835,1
22,1.4747514724731445,3.583010673522949,1
23,1.5147523880004883,3.623613119125366,1
24,1.5747547149658203,3.6880571842193604,1
25,1.6267600059509277,3.7365946769714355,1
26,1.6747210025787354,3.7838358879089355,1
27,1.726499302761922,3.852720260620117,1
28,1.7948286533355713,3.903407096862793,1
29,1.8307054042816162,3.947948694229126,1
30,1.8898781786212289,4.000486612319946,1
31,1.934723138809204,4.055691719055176,1
32,1.994764804840088,4.10445237159729,1
33,2.046759605407715,4.156705379486084,1
34,2.094757080078125,4.203076124191284,1
35,2.142553695355181,4.255413293838501,1
36,2.186753511428833,4.294541120529175,1
37,2.2347617149353027,4.342998743057251,1
38,2.2740843137086277,4.390896797180176,1
39,2.3225693702697754,4.453745365142822,1
40,2.386706829071045,4.49581241607666,1
41,2.426772356033325,4.534183740615845,1
42,2.48264217376709,4.592762231826782,1
43,2.5227577686309814,4.632286071777344,1
44,2.574760675430298,4.69392728805542,1
45,2.642763137817383,4.755578517913818,1
46,2.7026686668395996,4.816693544387817,1
47,2.7505695819854736,4.867831468582153,1
48,2.8063060942005675,4.927924156188965,1
49,2.862706184387207,4.979797601699829,1
50,2.9386112689971924,5.047495603561401,1
51,2.9826343059539795,5.090710878372192,1
52,3.030632734298706,9.387215614318848,2
53,3.066753625869751,9.455315351486206,2
54,3.1106996536254883,9.50598955154419,2
55,3.1786632537841797,9.571880340576172,2
56,3.2257675358123103,9.61672568321228,2
57,3.290626049041748,9.714297771453857,2
58,3.366607904434204,9.715727090835571,2
59,3.4106574058532715,9.737214088439941,2
60,3.462618827819824,9.773091554641724,2
61,3.51471209526062,9.82325291633606,2
62,3.585830367485741,9.87348985671997,2
63,3.626619815826416,9.914170265197754,2
64,3.67872953414917,9.95581340789795,2
65,3.7306900024414062,10.004588603973389,2
66,3.7827770709991455,10.052079677581787,2
67,3.8346874713897705,10.116374731063843,2
68,3.8867666721343994,10.160515785217285,2
69,3.946760416030884,10.198898792266846,2
70,3.9906530380249023,10.239861726760864,2
71,4.042669296264648,10.286907434463501,2
72,4.122603893280029,10.328179359436035,2
73,4.162762641906738,10.380093812942505,2
74,4.226669073104858,10.432432174682617,2
75,4.294815540313721,10.47380781173706,2
76,4.366481304168701,10.519021987915039,2
77,4.446625232696533,10.56000018119812,2
78,4.50202914653867,10.612874269485474,2
79,4.5611396810258,10.66016435623169,2
80,4.606566667556763,10.713887214660645,2
81,4.646727800369263,10.752132415771484,2
82,4.686681270599365,10.7957284450531,2
83,4.734777927398682,10.835989952087402,2
84,4.806661367416382,10.891874074935913,2
85,4.866146677520223,10.943984270095825,2
86,4.9027485847473145,10.98073697090149,2
87,4.962693214416504,11.013275861740112,2
88,5.0147645473480225,11.064210176467896,2
89,5.066762447357178,11.112383365631104,2
90,5.110534191131592,11.1604745388031,2
91,5.178404545208199,11.195720672607422,2
92,5.22670316696167,11.256505727767944,2
93,5.286810874938965,11.304406642913818,2
94,5.326757907867432,11.351507425308228,2
95,5.37471079826355,11.383471012115479,2
96,5.446762800216675,11.419881820678711,2
97,5.510763883590698,11.451232194900513,2
98,5.570759057998657,11.484017133712769,2
99,5.63076639175415,11.527820825576782,2
100,5.666636943817139,11.57584547996521,2
101,5.715141773223877,11.61679983139038,2
102,5.76270604133606,11.663946390151978,2
103,5.814688682556152,11.716987371444702,2
104,5.85476016998291,11.772993803024292,2
105,5.918544448095605,11.817021131515503,2
106,5.966750621795654,11.881808280944824,2
107,6.058758020401001,11.939221858978271,2
108,6.114754915237427,11.986154079437256,2
109,6.146665096282959,12.037308692932129,2
110,6.230711221694946,12.080722093582153,2
111,6.278264937235483,12.155638694763184,2
112,6.314771890640259,12.215873956680298,2
113,6.370056890155296,12.250974416732788,2
114,6.421736840386478,12.291371822357178,2
115,6.466762542724609,12.352228164672852,2
116,6.513888518184574,12.405582904815674,2
117,6.5625305781200085,12.478206872940063,2
118,6.602733135223389,12.52719759941101,2
119,6.642361947019665,12.584366798400879,2
120,6.686573028564453,12.655926704406738,2
121,6.738689661026001,12.707571983337402,2
122,6.794693946838379,12.758726119995117,2
123,6.853981485838611,12.817619323730469,2
124,6.898758172988892,12.861262559890747,2
125,6.958762884140015,12.911712169647217,2
126,7.014665603637695,12.948566913604736,2
127,7.062762498855591,12.990731954574585,2
128,7.126545190811157,13.024152994155884,2
129,10.973737532126066,13.08597993850708,2
130,11.026570558547974,13.140155792236328,2
131,11.070712089538574,13.18373727798462,2
132,11.134799718856812,13.244447469711304,2
133,11.190691471099854,13.308349370956421,2
134,11.262539386749268,13.38119649887085,2
135,11.31460976600647,13.427807331085205,2
136,11.38225277885002,13.504243612289429,2
137,11.430656433105469,13.538469076156616,2
138,11.482836484909058,13.603821277618408,2
139,11.534665822982788,13.647324085235596,2
140,11.586682081222534,13.71670651435852,2
141,11.654849767684937,13.772724151611328,2
142,11.714711904525757,13.827780961990356,2
143,11.770762920379639,13.879064083099365,2
144,11.814637660980225,13.928715944290161,2
145,11.866132135234984,13.975944757461548,2
146,11.922714710235596,14.036678791046143,2
147,11.982754230499268,14.096142530441284,2
148,12.026573419570923,14.140054702758789,2
149,12.074644327163696,14.188145399093628,2
150,12.122706413269043,14.240532398223877,2
151,12.178944110870361,14.30390739440918,2
152,12.234749555587769,14.343456268310547,2
153,12.314735174179077,14.436015844345093,2
154,12.378688097000122,14.502037525177002,2
155,12.442607164382935,14.551425218582153,2
156,12.49071979522705,14.60441780090332,2
157,12.545754436513608,14.667799234390259,2
158,12.598723649978638,14.70741891860962,2
159,12.654716968536377,14.77294397354126,2
160,12.706660509109497,14.820986270904541,2
161,12.762768983840942,14.873353004455566,2
162,12.830575704574585,14.939078330993652,2
163,12.878761053085327,14.986040115356445,2
164,12.918630123138428,15.053603649139404,2
165,12.986722230911255,15.107243537902832,2
166,13.054849863052368,15.175696849822998,2
167,13.106506824493408,15.219358444213867,2
168,13.150769472122192,15.268815755844116,2
169,13.218719482421875,15.331226348876953,2
170,13.270684480667114,15.386916875839233,2
171,13.32671570777893,15.442474365234375,2
172,13.370758056640625,15.48586630821228,2
173,13.430724382400513,15.544466495513916,2
174,13.478559970855713,15.59270691871643,2
175,13.530699014663696,15.645191669464111,2
176,13.634780406951904,15.74426817893982,2
177,13.682714462280273,15.791648864746094,2
178,13.726896286010742,15.848163366317749,2
179,13.833912121057184,15.945142984390259,2
180,13.878712892532349,15.988469123840332,2
181,13.922672748565674,16.032246828079224,2
182,13.958537376299779,16.081380128860474,2
183,14.018028758950491,16.127629041671753,2
184,14.062755823135376,16.175780773162842,2
185,14.118621349334717,16.231327533721924,2
186,14.166621446609497,16.276238679885864,2
187,14.226653814315796,16.336390256881714,2
188,14.262407541275024,16.37180471420288,2
189,14.314682006835938,16.43666410446167,2
190,14.374701261520386,16.4823477268219,2
191,14.414568662643433,16.53182101249695,2
192,14.490667343139648,16.605376482009888,2
193,14.558688879013062,16.672053337097168,2
194,14.606714487075806,16.720736980438232,2
195,14.658703565597534,16.767856121063232,2
196,14.726727724075317,16.839810848236084,2
197,14.766816139221191,16.89138913154602,2
198,14.822015318803865,16.944509506225586,2
199,14.878760576248169,16.99074697494507,2
200,14.94183606102568,17.080458641052246,2
201,15.042775392532349,17.15978693962097,2
202,15.098722457885742,17.217071771621704,2
203,15.190670490264893,17.308104515075684,2
204,15.23868441581726,17.355955839157104,2
205,15.286009075486303,17.404026746749878,2
206,15.338701009750366,17.456337451934814,2
207,15.390628337860107,17.498834133148193,2
208,15.430762529373169,17.555777549743652,2
209,15.490610599517822,17.60933566093445,2
210,15.538756132125854,17.648446321487427,2
211,15.598729848861694,17.7162926197052,2
212,15.654988050460815,17.775728940963745,2
213,15.74271535873413,17.852347135543823,2
214,15.790602207183838,17.904091596603394,2
215,15.85070514678955,17.98091149330139,2
216,15.91471529006958,18.022998809814453,2
217,15.954530792677483,18.073222160339355,2
218,16.00260305404663,18.111743688583374,2
219,16.078657350436664,18.191227912902832,2
220,16.134699821472168,18.244177103042603,2
221,16.194581985473633,18.304162979125977,2
222,16.238770961761475,18.352174997329712,2
223,16.326735019683838,18.436023473739624,2
224,16.362654447555542,18.472544193267822,2
225,16.405725600945843,18.528456449508667,2
226,16.457842208311884,18.575770378112793,2
227,16.518499851226807,18.6318781375885,2
228,16.594767093658447,18.703789949417114,2
229,16.642547845840454,18.75646662712097,2
230,16.694680213928223,18.81211233139038,2
231,16.754674911499023,18.86426329612732,2
232,16.78677535057068,18.895028829574585,2
233,16.82994407932623,18.944007635116577,2
234,16.886767387390137,19.007364511489868,2
235,16.978760957717896,19.088072538375854,2
236,17.018643379211426,19.131788969039917,2
237,17.06676697731018,19.18385410308838,2
238,17.13876485824585,19.251592874526978,2
239,17.186753273010254,19.3003146648407,2
240,17.23469066619873,19.350326538085938,2
241,17.286603212356567,19.396015405654907,2
242,17.338007612483445,19.456478357315063,2
243,17.398722887039185,19.507596492767334,2
244,17.466734647750854,19.580395698547363,2
245,17.518757343292236,19.63117790222168,2
246,17.566705465316772,19.6801176071167,2
247,17.618798992486305,19.73991632461548,2
248,17.67876434326172,19.78789258003235,2
249,17.730033713964147,19.843573808670044,2
250,17.774697065353394,19.88305377960205,2
251,17.822791576385498,19.940134525299072,2
252,17.870763063430786,19.979854583740234,2
253,17.934598445892334,20.04376482963562,2
254,18.006656408309937,20.116168975830078,2
255,18.04670810699463,20.179611921310425,2
256,18.12657380104065,20.23639750480652,2
257,18.17478632926941,20.292385816574097,2
258,18.23076820373535,20.351999044418335,2
259,18.298770427703857,20.416329860687256,2
260,18.342633724212646,20.456185817718506,2
261,18.39876389503479,20.514984369277954,2
262,18.4587721824646,20.57834506034851,2
263,18.50664234161377,20.62251853942871,2
264,18.570677995681763,20.67959427833557,2
265,18.658708572387695,20.784990787506104,2
266,18.714616060256958,20.82428216934204,2
267,18.77842903137207,20.889305114746094,2
268,18.822782039642334,20.93124032020569,2
269,18.87070393562317,20.98786473274231,2
270,18.922687768936157,21.03522777557373,2
271,18.974682092666626,21.084123134613037,2
272,19.03071618080139,21.147669792175293,2
273,19.078754425048828,21.192776203155518,2
274,19.126877546310425,21.2366943359375,2
275,19.190755605697632,21.31197476387024,2
276,19.29473567008972,21.40478277206421,2
277,19.3587589263916,21.489057779312134,2
278,19.426703929901123,21.535436153411865,2
279,19.470650672912598,21.592362880706787,2
280,19.534589052200317,21.6517014503479,2
281,19.586759328842163,21.704099893569946,2
282,19.646642208099365,21.767489433288574,2
283,19.702717781066895,21.812251091003418,2
284,19.758658170700073,21.867135286331177,2
285,19.810598373413086,21.932133674621582,2
286,19.878762006759644,21.99160647392273,2
287,19.92263388633728,22.03990364074707,2
288,19.970617294311523,22.081080675125122,2
289,20.01877474784851,22.1315758228302,2
290,20.07070827484131,22.187861680984497,2
291,20.138740301132202,22.248128652572632,2
292,20.186693906784058,22.304171562194824,2
293,20.246718168258667,22.35614252090454,2
294,20.29467248916626,22.424004077911377,2
295,20.362670183181763,22.4760525226593,2
296,20.434749603271484,22.552183866500854,2
297,20.486799240112305,22.610769033432007,2
298,20.550568342208862,22.67224383354187,2
299,20.622769355773926,22.734869480133057,2
300,20.678709268569946,22.796330451965332,2
301,20.730766773223877,22.852752685546875,2
302,20.806586027145386,22.917235612869263,2
303,20.854655265808105,22.96459150314331,2
304,20.898754596710205,23.015683889389038,2
305,20.974562361019984,23.083271265029907,2
306,21.03478503227234,23.153205633163452,2
307,21.10275912284851,23.21555519104004,2
308,21.146751403808594,23.25536060333252,2
309,21.181802543759776,23.295955419540405,2
310,21.23462224006653,23.34450888633728,2
311,21.282755136489868,23.39668607711792,2
312,21.3427677154541,23.46126365661621,2
313,21.398793697357178,23.50871229171753,2
314,21.438607454299927,23.550420999526978,2
315,21.490718841552734,23.60317826271057,2
316,21.538520336151123,23.663996696472168,2
317,21.60673236846924,23.714362859725952,2
318,21.650660514831543,23.768620252609253,2
319,21.694682836532593,23.8130464553833,2
320,21.762781858444214,23.880964040756226,2
321,21.830772876739502,23.942951917648315,2
322,21.89871096611023,24.01082754135132,2
323,21.938671350479126,24.056434154510498,2
324,21.99450659751892,24.10393476486206,2
325,22.04595020995132,24.16426420211792,2
326,22.094648838043213,24.211557865142822,2
327,22.14265727996826,24.251131772994995,2
328,22.20675563812256,24.32320523262024,2
329,22.26272201538086,24.372596740722656,2
330,22.298636436462402,24.41621685028076,2
331,22.37860631942749,24.488243579864502,2
332,22.454710006713867,24.567718505859375,2
333,22.522632837295532,24.639782667160034,2
334,22.574697494506836,24.69583249092102,2
335,22.63077974319458,24.762081384658813,2
336,22.69869041442871,24.814159393310547,2
337,22.79070281982422,24.91646432876587,2
338,22.878549098968506,24.988646268844604,2
339,22.93054986000061,25.044376850128174,2
340,22.994648218154907,25.107561349868774,2
341,23.066848754882812,25.18287992477417,2
342,23.118685007095337,25.227859497070312,2
343,23.166645765304565,25.279905080795288,2
344,23.210695028305054,25.32780623435974,2
345,23.266743421554565,25.374999523162842,2
346,23.306787729263306,25.420145988464355,2
347,23.354721307754517,25.464256763458252,2
348,23.414572715759277,25.53225350379944,2
349,23.474653959274292,25.588033437728882,2
350,23.54243564605713,25.66499900817871,2
351,23.60659670829773,25.7192645072937,2
352,23.65068221092224,25.76006555557251,2
353,23.718745708465576,25.83982801437378,2
354,23.770760774612427,25.884160041809082,2
355,23.83850932121277,25.947932720184326,2
356,23.874763250350952,25.985047578811646,2
357,23.914763927459717,26.027946949005127,2
358,23.962757349014282,26.084137439727783,2
359,24.022682666778564,26.1358540058136,2
360,24.08249545097351,26.191258668899536,2
361,24.122634887695312,26.23166823387146,2
362,24.158678770065308,26.275546073913574,2
363,24.226550340652466,26.34803819656372,2
364,24.278629302978516,26.392879486083984,2
365,24.345839748985526,26.4546480178833,2
366,24.38674020767212,26.499142169952393,2
367,24.434739112854004,26.545351028442383,2
368,24.49883222579956,26.60756540298462,2
369,24.558433294296265,26.672136306762695,2
370,24.626770734786987,26.736143350601196,2
371,24.666693925857544,26.808213233947754,2
372,24.7467622756958,26.86554217338562,2
373,24.81054453123817,26.923793077468872,2
374,24.85063362121582,26.964072942733765,2
375,24.89876937866211,27.007460117340088,2
376,24.946763515472412,27.054511785507202,2
377,24.994757652282715,27.10285973548889,2
378,25.03472065925598,27.151978731155396,2
379,25.098756790161133,27.20793581008911,2
380,25.16276478767395,27.274744272232056,2
381,25.21873116493225,27.327845096588135,0
382,25.27474546432495,27.395673036575317,0
383,25.32676386833191,27.446218490600586,0
384,25.382726192474365,27.492119550704956,0
385,25.43827479593126,27.5722599029541,0
386,25.51078224182129,27.619537353515625,0
387,25.554763078689575,27.665431022644043,0
388,25.594454288482666,27.71202826499939,0
389,25.64663791656494,27.76438856124878,0
390,25.702762365341187,27.82469415664673,0
391,25.758726835250854,27.872228384017944,0
392,25.810763120651245,27.91943049430847,0
393,25.850666761398315,27.964795351028442,0
394,25.90246343612671,28.01280403137207,0
395,25.95475673675537,28.064876079559326,0
396,26.01882815361023,28.126708984375,0
397,26.078765392303467,28.19364619255066,0
398,26.134751319885254,28.24394989013672,0
399,26.1827073097229,28.30806040763855,0
400,26.262685298919678,28.380216360092163,0
401,26.302654504776,28.415270566940308,0
402,26.35442945751135,28.476608276367188,0
403,26.434574842453003,28.543921947479248,0
404,26.478760957717896,28.596431016921997,0
405,26.534740447998047,28.648181200027466,0
406,26.597793119766152,28.72783613204956,0
407,26.658714294433594,28.771501064300537,0
408,26.730664014816284,28.84405016899109,0
409,26.786722898483276,28.90500235557556,0
410,26.83473014831543,28.947160005569458,0
411,26.93462038040161,29.044378995895386,0
412,26.998748064041138,29.107224225997925,0
413,27.034780025482178,29.147496700286865,0
414,27.07866597175598,29.187830924987793,0
415,27.1296429212901,29.240312099456787,0
416,27.17076349258423,29.28771162033081,0
417,27.226696491241455,29.335827350616455,0
418,27.266716957092285,29.377060651779175,0
419,27.31467890739441,29.432246208190918,0
420,27.382766723632812,29.500176191329956,0
421,27.449813828218833,29.55967950820923,0
422,27.502694606781006,29.611366033554077,0
423,27.550694942474365,29.664096117019653,0
424,27.606616020202637,29.72140336036682,0
425,27.67465353012085,29.795828342437744,0
426,27.730762481689453,29.84787082672119,0
427,27.81476616859436,29.929630756378174,0
428,27.894702434539795,30.007905960083008,0
429,27.950712203979492,30.068427801132202,0
430,28.006622791290283,30.11692214012146,0
431,28.05078434944153,30.15998339653015,0
432,28.098203600479813,30.21621346473694,0
433,28.226691961288452,30.345760822296143,0
434,28.28258752822876,30.39251184463501,0
435,28.334676265716553,30.44791340827942,0
436,28.386847972869873,30.511589288711548,0
437,28.470760345458984,30.580352067947388,0
438,28.514608144760132,30.628617525100708,0
439,28.582828283309937,30.70305609703064,0
440,28.634559154510498,30.74180316925049,0
441,28.67078971862793,30.796928882598877,0
442,28.74676203727722,30.85601496696472,0
443,28.79865264892578,30.90842318534851,0
444,28.854777574539185,30.980437994003296,0
445,28.914671421051025,31.02324366569519,0
446,28.9786319732666,31.089717388153076,0
447,29.026638507843018,31.152159452438354,0
448,29.08587022710779,31.198773860931396,0
449,29.130034117223225,31.239524126052856,0
450,29.17345893696604,31.287763118743896,0
451,29.222676515579224,31.344741106033325,0
452,29.27469778060913,31.38784670829773,0
453,29.33876347541809,31.45273470878601,0
454,29.386767625808716,31.51165747642517,0
455,29.44672203063965,31.564741373062134,0
456,29.522811889648438,31.638823986053467,0
457,29.566605806350708,31.678022623062134,0
458,29.602741479873657,31.731377840042114,0
459,29.666648149490356,31.776849269866943,0
460,29.714551210403442,31.82414746284485,0
461,29.778655767440796,31.907904624938965,0
462,29.85054111480713,31.976317644119263,0
463,29.910686254501343,32.024434328079224,0
464,29.97066593170166,32.08836531639099,0
465,30.027300596237183,32.13549280166626,0
466,30.102699756622314,32.211578607559204,0
467,30.150679111480713,32.26175022125244,0
468,30.198648691177368,32.32019782066345,0
469,30.262760877609253,32.37661623954773,0
470,30.318483909199045,32.42731189727783,0
471,30.36272668838501,32.47185444831848,0
472,30.41064429283142,32.526787519454956,0
473,30.47859742878672,32.59550976753235,0
474,30.538866996765137,32.64630937576294,0
475,30.58676528930664,32.696149826049805,0
476,30.638559579849243,32.750911712646484,0
477,30.69477391242981,32.80768656730652,0
478,30.738605260849,32.85601735115051,0
479,30.798793077468872,32.912713050842285,0
480,30.854697704315186,32.97286081314087,0
481,30.91471290588379,33.0239782333374,0
482,30.950708150863647,33.05851769447327,0
483,30.99467658996582,33.10815382003784,0
484,31.062740564346313,33.17631554603577,0
485,31.098891735076904,33.24031925201416,0
486,31.1779558959905,33.292696714401245,0
487,31.230671644210815,33.343878507614136,0
488,31.278820753097534,33.39202070236206,0
489,31.33475375175476,33.460028648376465,0
490,31.406776189804077,33.515225410461426,0
491,31.458764791488647,33.56895732879639,0
492,31.498765468597412,33.606993198394775,0
493,31.538695573806763,33.64833116531372,0
494,31.594570636749268,33.70430541038513,0
495,31.642637968063354,33.75141096115112,0
496,31.682818174362183,33.80747413635254,0
497,31.754036593888948,33.86815690994263,0
498,31.798680305480957,33.93253016471863,0
499,31.87467646598816,33.99231219291687,0
500,31.92676591873169,34.04034876823425,0
501,31.97459888458252,34.083744049072266,0
502,32.04674768447876,34.172571659088135,0
503,32.114691734313965,34.22476315498352,0
504,32.17117786407471,34.29253935813904,0
505,32.23075485229492,34.339224100112915,0
506,32.27092099189758,34.392406940460205,0
507,32.35081458091736,34.46378040313721,0
508,32.39870619773865,34.51323080062866,0
509,32.44669580459595,34.56393504142761,0
510,32.506590604782104,34.61958146095276,0
511,32.5666139125824,34.680914878845215,0
512,32.6146457195282,34.73933506011963,0
513,32.68695020675659,34.80423641204834,0
514,32.75871181488037,34.87087798118591,0
515,32.81468057632446,34.92845106124878,0
516,32.862754821777344,34.98366832733154,0
517,32.93866801261902,35.05215907096863,0
518,32.986679792404175,35.09525775909424,0
519,33.0342806290822,35.168506383895874,0
520,33.09835528477788,35.20768165588379,0
521,33.14253336460386,35.25128531455994,0
522,33.186715602874756,35.29948425292969,0
523,33.26670813560486,35.39022946357727,0
524,33.34671330451965,35.45617175102234,0
525,33.39867329597473,35.51200532913208,0
526,33.45065522193909,35.57206153869629,0
527,33.49871206283569,35.61848759651184,0
528,33.565783164157935,35.67492055892944,0
529,33.614728927612305,35.73327136039734,0
530,33.666419982910156,35.784693479537964,0
531,33.742786169052124,35.85592198371887,0
532,33.790703773498535,35.91171669960022,0
533,33.850707054138184,35.959970474243164,0
534,33.890766620635986,36.003313064575195,0
535,33.94677209854126,36.06232237815857,0
536,34.02263164520264,36.13809537887573,0
537,34.08291172981262,36.19115424156189,0
538,34.13467311859131,36.26010489463806,0
539,34.190680265426636,36.30369520187378,0
540,34.24651885032654,36.363903522491455,0
541,34.326669454574585,36.44479036331177,0
542,34.38276267051697,36.495508909225464,0
543,34.43065643310547,36.54381489753723,0
544,34.48674535751343,36.59723091125488,0
545,34.5385947227478,36.6565101146698,0
546,34.59083843231201,36.71270537376404,0
547,34.6585738658905,36.769855976104736,0
548,34.70654273033142,36.81595754623413,0
549,34.74277400970459,36.85126614570618,0
550,34.81471562385559,36.92388391494751,0
551,34.85871934890747,36.968769550323486,0
552,34.90662240982056,37.035205602645874,0
553,34.970810890197754,37.09248995780945,0
554,35.03076791763306,37.15188431739807,0
555,35.078810930252075,37.191099643707275,0
556,35.146775007247925,37.26298213005066,0
557,35.202693700790405,37.31898045539856,0
558,35.254656076431274,37.367764472961426,0
559,35.3187689781189,37.442235231399536,0
560,35.37876510620117,37.494527101516724,0
561,35.43474245071411,37.54492163658142,0
562,35.486796617507935,37.595463514328,0
563,35.546714067459106,37.65975522994995,0
564,35.58670973777771,37.71188807487488,0
565,35.654520988464355,37.776066064834595,0
566,35.7142485245132,37.825485944747925,0
567,35.76667284965515,37.8767671585083,0
568,35.82267785072327,37.93511605262756,0
569,35.878838539123535,37.9952666759491,0
570,35.95876955986023,38.06754493713379,0
571,36.01076316833496,38.13573408126831,0
572,36.07071876525879,38.188735246658325,0
573,36.114757776260376,38.223737716674805,0
574,36.15476417541504,38.26477551460266,0
575,36.20254158973694,38.312091588974,0
576,36.250773668289185,38.363837480545044,0
577,36.31469464302063,38.432432889938354,0
578,36.386844873428345,38.49582076072693,0
579,36.42265009880066,38.53180718421936,0
580,36.46600740458744,38.59365129470825,0
581,36.52258563041687,38.64066457748413,0
582,36.57875895500183,38.69270062446594,0
583,36.622536182403564,38.73200607299805,0
584,36.66260623931885,38.77991080284119,0
585,36.72267985343933,38.84695529937744,0
586,36.77867412567139,38.9032826423645,0
587,36.83466148376465,38.94309067726135,0
588,36.886717319488525,38.99592995643616,0
589,36.93076705932617,39.04057574272156,0
590,36.9787871837616,39.08803582191467,0
591,37.01866817474365,39.12939238548279,0
592,37.089811342621076,39.2000834941864,0
593,37.13465666770935,39.265424728393555,0
594,37.19473910331726,39.308695793151855,0
595,37.24670958518982,39.366902589797974,0
596,37.29477047920227,39.41142821311951,0
597,37.386813163757324,39.49801993370056,0
598,37.42248010635376,39.54516911506653,0
599,37.482696771621704,39.59255266189575,0
600,37.52260994911194,39.63131070137024,0
601,37.57071304321289,39.68887686729431,0
602,37.63870930671692,39.751710653305054,0
603,37.69473576545715,39.82201290130615,0
604,37.7667601108551,39.8801064491272,0
605,37.834856033325195,39.955737590789795,0
606,37.88668704032898,39.996464252471924,0
607,37.93876624107361,40.04793119430542,0
608,37.99476742744446,40.14130783081055,0
609,38.07868671417236,40.19669961929321,0
610,38.1306426525116,40.268542528152466,0
611,38.20267367362976,40.320427894592285,0
612,38.270101086468344,40.38328194618225,0
613,38.31076455116272,40.44077014923096,0
614,38.37859916687012,40.51824617385864,0
615,38.450770139694214,40.569149017333984,0
616,38.498719453811646,40.60951232910156,0
617,38.56271243095398,40.69737005233765,0
618,38.63066625595093,40.741546869277954,0
619,38.674322493969306,40.80965518951416,0
620,38.741463778600284,40.85841631889343,0
621,38.7866792678833,40.89616632461548,0
622,38.84273815155029,40.956501722335815,0
623,38.882673263549805,40.99979305267334,0
624,38.95077919960022,41.068159103393555,0
625,39.002631425857544,41.13687038421631,0
626,39.0666618347168,41.18409252166748,0
627,39.12269401550293,41.2358717918396,0
628,39.21075248718262,41.324352979660034,0
629,39.25059747695923,41.35995149612427,0
630,39.30215460451401,41.423319816589355,0
631,39.34663248062134,41.45724177360535,0
632,39.40268516540527,41.51969838142395,0
633,39.46646571159363,41.57483530044556,2
634,39.510688066482544,41.62854480743408,2
635,39.562562704086304,41.67128109931946,2
636,39.63076043128967,41.74687099456787,2
637,39.678760290145874,41.795926570892334,2
638,39.72583616284291,41.83523607254028,2
639,39.77868986129761,41.89161443710327,2
640,39.818687200546265,41.92645788192749,2
641,39.88281512260437,41.99727153778076,2
642,39.92660593986511,42.03616976737976,2
643,39.98673105239868,42.096569776535034,2
644,40.026531457901,42.139344930648804,2
645,40.07460927963257,42.192249059677124,2
646,40.12276577949524,42.231858015060425,2
647,40.166656255722046,42.27927827835083,2
648,40.230754375457764,42.339656829833984,2
649,40.27070665359497,42.38288474082947,2
650,40.3148353099823,42.424026012420654,2
651,40.35063500057451,42.468740701675415,2
652,40.42237367923421,42.5312979221344,2
653,40.474724769592285,42.59188985824585,2
654,40.53875923156738,42.66561961174011,2
655,40.598687410354614,42.712340354919434,2
656,40.65862011909485,42.767207860946655,2
657,40.70270609855652,42.811769008636475,2
658,40.74920892715454,42.870633125305176,2
659,40.83077073097229,42.94339680671692,2
660,40.86686086654663,42.97508192062378,2
661,40.93877184427353,43.05679249763489,2
662,40.99067711830139,43.105369567871094,2
663,41.03863048553467,43.16318988800049,2
664,41.09075856208801,43.21985054016113,2
665,41.158769845962524,43.27123403549194,2
666,41.21430320475793,43.32383680343628,2
667,41.24665284156799,43.363566875457764,2
668,41.326517101882885,43.444220781326294,2
669,41.382662296295166,43.49592995643616,2
670,41.44275784492493,43.55256462097168,2
671,41.49070882797241,43.61144709587097,2
672,41.54660987854004,43.66444253921509,2
673,41.59471774101257,43.71518325805664,2
674,41.64268326246578,43.75128936767578,2
675,41.6986346244812,43.806556940078735,2
676,41.742698669433594,43.875468254089355,2
677,41.81854963302612,43.93596291542053,2
678,41.87074613571167,43.98089909553528,2
679,41.91047382354736,44.020060777664185,2
680,41.96252775192261,44.07550621032715,2
681,42.01867318153381,44.13214683532715,2
682,42.070600748062134,44.179404735565186,2
683,42.122637033462524,44.23622918128967,2
684,42.17465662956238,44.293864727020264,2
685,42.23470854759216,44.373069047927856,2
686,42.30268740653992,44.41118884086609,2
687,42.346811294555664,44.50465965270996,2
688,42.45445513725281,44.571579456329346,2
689,42.50269913673401,44.615426540374756,2
690,42.550779819488525,44.67170310020447,2
691,42.60672903060913,44.715227127075195,2
692,42.67076110839844,44.792314767837524,2
693,42.730472803115845,44.844074726104736,2
694,42.778536558151245,44.89188313484192,2
695,42.822468996047974,44.93065404891968,2
696,42.87076258659363,44.98875403404236,2
697,42.91873121261597,45.036200761795044,2
698,42.974762201309204,45.091994285583496,2
699,43.05078959465027,45.16019010543823,2
700,43.09477233886719,45.21036148071289,2
701,43.15072226524353,45.26101541519165,2
702,43.20665717124939,45.3152391910553,2
703,43.25492310523987,45.36981177330017,2
704,43.31871938705444,45.431891202926636,2
705,43.37078404426575,45.488093852996826,2
706,43.42276453971863,45.535536766052246,2
707,43.48683190345764,45.59717798233032,2
708,43.53065061569214,45.64542508125305,2
709,43.574753761291504,45.687742710113525,2
710,43.62280225753784,45.73163318634033,2
711,43.6747567653656,45.79157376289368,2
712,43.722750425338745,45.848259687423706,2
713,43.79049587249756,45.906636476516724,2
714,43.84660768508911,45.959508419036865,2
715,43.91075801849365,46.02264356613159,2
716,43.97080636024475,46.08436679840088,2
717,44.0147705078125,46.13102412223816,2
718,44.054641008377075,46.164146900177,2
719,44.098632736033764,46.212342500686646,2
720,44.14674472808838,46.254990100860596,2
721,44.186755895614624,46.2971408367157,2
722,44.23062300682068,46.3443603515625,2
723,44.29464602470398,46.406437397003174,2
724,44.33457899093628,46.44812774658203,2
725,44.42203832681748,46.53140211105347,2
726,44.46275806427002,46.571473836898804,2
727,44.51076149940491,46.62125873565674,2
728,44.546581983566284,46.657981157302856,2
729,44.59072780609131,46.70912480354309,2
730,44.65463328361511,46.76797151565552,2
731,44.698702573776245,46.82725238800049,2
732,44.77875590324402,46.899526834487915,2
733,44.85062551498413,46.966732025146484,2
734,44.89892530441284,47.01143789291382,2
735,44.966705560684204,47.07544994354248,2
736,45.01071333885193,47.123897314071655,2
737,45.058793783187866,47.17192816734314,2
738,45.11075973510742,47.21892499923706,2
739,45.158775091171265,47.27234697341919,2
740,45.218727827072144,47.3447380065918,2
741,45.278841495513916,47.39268660545349,2
742,45.322821617126465,47.44792985916138,2
743,45.40650725364685,47.52037978172302,2
744,45.45869064331055,47.56797170639038,2
745,45.493861794522616,47.608874559402466,2
746,45.53871777569097,47.65134787559509,2
747,45.61053017901195,47.72424101829529,2
748,45.65477752685547,47.783775806427,2
749,45.72671294212341,47.84727454185486,2
750,45.790826082229614,47.91165900230408,2
751,45.854764461517334,47.97155022621155,2
752,45.91068649291992,48.025312423706055,2
753,45.966633319854736,48.08883047103882,2
754,46.01871132850647,48.13510751724243,2
755,46.09080219268799,48.20027756690979,2
756,46.13075661659241,48.24119424819946,2
757,46.178725719451904,48.28903937339783,2
758,46.242764711380005,48.35561561584473,2
759,46.30266833305359,48.421018838882446,2
760,46.36667847633362,48.48029184341431,2
761,46.41860246658325,48.53302812576294,2
762,46.47476935386658,48.592260122299194,2
763,46.53477644920349,48.64313197135925,2
764,46.573766484944265,48.688080072402954,2
765,46.64663553237915,48.7616708278656,2
766,46.69877648353577,48.81437301635742,2
767,46.75466346740723,48.87349247932434,2
768,46.818771839141846,48.926504135131836,2
769,46.866650342941284,48.97546935081482,2
770,46.93076777458191,49.045013427734375,2
771,46.98659348487854,49.11347031593323,2
772,47.05064344406128,49.16303014755249,2
773,47.11076259613037,49.218355894088745,2
774,47.15461826324463,49.26939678192139,2
775,47.21083188056946,49.3199360370636,2
776,47.27076482772827,49.3837103843689,2
777,47.33076596260071,49.43967866897583,2
778,47.378676891326904,49.491281509399414,2
779,47.43471717834473,49.548829078674316,2
780,47.47863245010376,49.59709858894348,2
781,47.53474450111389,49.64807391166687,2
782,47.58666181564331,49.70773482322693,2
783,47.64258098602295,49.7511522769928,2
784,47.68685746192932,49.79590630531311,2
785,47.75069880485535,49.86683797836304,2
786,47.806726932525635,49.91585993766785,2
787,47.84267473220825,49.96380305290222,2
788,47.89868879318237,50.01173233985901,2
789,47.9507040977478,50.06399655342102,2
790,48.002798318862915,50.11603307723999,2
791,48.050583600997925,50.16393184661865,2
792,48.10267663002014,50.215383768081665,2
793,48.146785259246826,50.26720833778381,2
794,48.19891285896301,50.31635499000549,2
795,48.258726835250854,50.370615005493164,2
796,48.29886984825134,50.41497349739075,2
797,48.33782957763525,50.45251798629761,2
798,48.38925043420269,50.50541043281555,2
799,48.43678764886081,50.55438256263733,2
800,48.494741678237915,50.603485107421875,2
801,48.56249284744263,50.6802122592926,2
802,48.61062002182007,50.72967314720154,2
803,48.66266441345215,50.775896072387695,2
804,48.71866250038147,50.832624435424805,2
805,48.77077913284302,50.885396242141724,2
806,48.82262587547302,50.958956480026245,2
807,48.90672564506531,51.01539921760559,2
808,48.97472047805786,51.0879647731781,2
809,49.03075671195984,51.14937210083008,2
810,49.086673974990845,51.19523549079895,2
811,49.12283945083618,51.244749546051025,2
812,49.17368013422453,51.28316593170166,2
813,49.2224817276001,51.331061363220215,2
814,49.27883005142212,51.41126608848572,2
815,49.34285593032837,51.472651958465576,2
816,49.414793252944946,51.53249001502991,2
817,49.478759765625,51.588117361068726,2
818,49.51457643508911,51.624473094940186,2
819,49.57459328372961,51.69261717796326,2
820,49.64677095413208,51.755428075790405,2
821,49.678669691085815,51.79705858230591,2
822,49.726675033569336,51.843456506729126,2
823,49.778748750686646,51.89248728752136,2
824,49.82259273529053,51.93180537223816,2
825,49.87046480178833,51.978681325912476,2
826,49.92266917228699,52.03088164329529,2
827,49.98269248008728,52.09701704978943,2
828,50.04676580429077,52.15918827056885,2
829,50.10282588005066,52.2157244682312,2
830,50.14676356315613,52.25471234321594,2
831,50.197723326105404,52.3216016292572,2
832,50.2584183216095,52.366987228393555,2
833,50.314780950546265,52.42429852485657,2
834,50.3506338596344,52.464128732681274,2
835,50.41076397895813,52.52794575691223,2
836,50.474684953689575,52.58278036117554,2
837,50.51477289199829,52.64815020561218,2
838,50.58180139060811,52.699233531951904,2
839,50.63877868652344,52.75483989715576,2
840,50.7147581577301,52.832215785980225,2
841,50.77073788642883,52.87952995300293,2
842,50.814788818359375,52.935871601104736,2
843,50.87857675552368,52.98678731918335,2
844,50.92669939994812,53.03593945503235,2
845,50.96671152114868,53.07693839073181,2
846,51.014719009399414,53.13643741607666,2
847,51.08267307281494,53.20468497276306,2
848,51.13475441932678,53.24481797218323,2
849,51.17462158203125,53.28912925720215,2
850,51.2226676940918,53.3441641330719,2
851,51.28683829307556,53.39749836921692,2
852,51.33460521697998,53.447627544403076,2
853,51.394614934921265,53.50710082054138,2
854,51.45068573951721,53.57658243179321,2
855,51.558693408966064,53.67231249809265,2
856,51.63475489616394,53.7450487613678,2
857,51.69476914405823,53.806692361831665,2
858,51.74676036834717,53.85589623451233,2
859,51.81460952758789,53.93224382400513,2
860,51.87457323074341,53.983110427856445,2
861,51.906609773635864,54.024133920669556,2
862,51.954766511917114,54.07121682167053,2
863,52.00208269105934,54.13217520713806,2
864,52.07079195976257,54.18768763542175,2
865,52.158815145492554,54.28434896469116,2
866,52.21471118927002,54.32774043083191,2
867,52.286207789044795,54.39557504653931,2
868,52.33078670501709,54.44249415397644,2
869,52.37465691566467,54.48802947998047,2
870,52.414042831031416,54.53578329086304,2
871,52.47355530318391,54.589110136032104,2
872,52.521437346449815,54.64035201072693,2
873,52.59067630767822,54.69838571548462,2
874,52.63477301597595,54.748135805130005,2
875,52.674490451812744,54.79280996322632,2
876,52.72598548625511,54.83950901031494,2
877,52.78673481941223,54.912017822265625,2
878,52.854613065719604,54.979100942611694,2
879,52.91050434112549,55.0188992023468,2
880,52.96263861656189,55.076289892196655,2
881,53.00681185722351,55.119832038879395,2
882,53.05761800240256,55.175511837005615,2
883,53.10683250427246,55.22049427032471,2
884,53.1507465839386,55.268216133117676,2
885,53.20665168762207,55.316423416137695,2
886,53.246647119522095,55.35511350631714,2
887,53.298991680145264,55.42390060424805,2
888,53.3787636756897,55.48814058303833,2
889,53.42668414115906,55.53941535949707,0
890,53.49468779563904,55.61206030845642,0
891,53.550612449645996,55.65928316116333,0
892,53.598764181137085,55.71303129196167,0
893,53.65475344657898,55.76645493507385,0
894,53.69076895713806,55.80903339385986,0
895,53.773859990153326,55.89505314826965,0
896,53.850656032562256,55.95898699760437,0
897,53.914527893066406,56.02439546585083,0
898,53.96677565574646,56.075567960739136,0
899,54.01077437400818,56.119667053222656,0
900,54.06661605834961,56.18357801437378,0
901,54.12277054786682,56.231844902038574,0
902,54.16677284240723,56.27984809875488,0
903,54.22674632072449,56.33879828453064,0
904,54.2787709236145,56.38795232772827,0
905,54.33862590789795,56.455626010894775,0
906,54.40276265144348,56.52013564109802,0
907,54.45452690124512,56.58017921447754,0
908,54.52671670913696,56.644410371780396,0
909,54.60655355453491,56.715648889541626,0
910,54.65472054481506,56.767932653427124,0
911,54.71052861213684,56.82431149482727,0
912,54.76655054092407,56.88019371032715,0
913,54.83462858200073,56.9656343460083,0
914,54.90653395652771,57.01998019218445,0
915,54.9546217918396,57.06781578063965,0
916,55.01868796348572,57.14381146430969,0
917,55.08272886276245,57.19173550605774,0
918,55.11872673034668,57.230987787246704,0
919,55.17441225208965,57.293405532836914,0
920,55.25463819503784,57.37230896949768,0
921,55.30275368690491,57.428720235824585,0
922,55.38679265975952,57.5079083442688,0
923,55.44261813163757,57.55569124221802,0
924,55.49076533317566,57.599854707717896,0
925,55.5386106967926,57.65182018280029,0
926,55.59478688240051,57.72148561477661,0
927,55.66648860201628,57.78808641433716,0
928,55.74676990509033,57.86012363433838,0
929,55.79472279548645,57.90792441368103,0
930,55.850666999816895,57.95976734161377,0
931,55.90668225288391,58.02333092689514,0
932,55.98267936706543,58.09194540977478,0
933,56.038509368896484,58.14789271354675,0
934,56.09449100494385,58.20319390296936,0
935,56.186689615249634,58.30014228820801,0
936,56.23475241661072,58.36378622055054,0
937,56.29869771003723,58.41369676589966,0
938,56.350637674331665,58.47278690338135,0
939,56.41060471534729,58.519933223724365,0
940,56.446605920791626,58.568344593048096,0
941,56.49869465827942,58.60825490951538,0
942,56.53463101387024,58.660290241241455,0
943,56.6066951751709,58.716848611831665,0
944,56.649953634860566,58.76131558418274,0
945,56.69063353538513,58.80835509300232,0
946,56.75076103210449,58.87546396255493,0
947,56.802347710649805,58.915892362594604,0
948,56.85007123182735,58.95948815345764,0
949,56.894623041152954,59.00417995452881,0
950,56.946484327316284,59.05944085121155,0
951,57.00671458244324,59.11577367782593,0
952,57.07869052886963,59.1878502368927,0
953,57.14649748802185,59.25556015968323,0
954,57.20286536216736,59.31899452209473,0
955,57.27863383293152,59.408838510513306,0
956,57.34266901016235,59.45924401283264,0
957,57.390761852264404,59.504517555236816,0
958,57.43477511405945,59.55194568634033,0
959,57.490591287612915,59.60402274131775,0
960,57.534733295440674,59.64293074607849,0
961,57.57475543022156,59.69283175468445,0
962,57.63065052032471,59.739184856414795,0
963,57.68277978897095,59.79952335357666,0
964,57.73088479042053,59.855040311813354,0
965,57.79058504104614,59.90938377380371,0
966,57.83868408203125,59.94803977012634,0
967,57.894765853881836,60.042884826660156,0
968,57.99046850204468,60.103161096572876,0
969,58.0346896648407,60.14291262626648,0
970,58.09072208404541,60.20904183387756,0
971,58.17445158958435,60.30031394958496,0
972,58.25074577331543,60.38840389251709,0
973,58.330660343170166,60.44505190849304,0
974,58.37876105308533,60.507315158843994,0
975,58.454604387283325,60.567596673965454,0
976,58.49861431121826,60.61524271965027,0
977,58.59070682525635,60.70603370666504,0
978,58.63452100753784,60.747692584991455,0
979,58.70671224594116,60.82100558280945,0
980,58.754584550857544,60.8635630607605,0
981,58.79857087135315,60.92167782783508,0
982,58.85475468635559,60.971864461898804,0
983,58.91071081161499,61.04226303100586,0
984,58.97777836723365,61.08582162857056,0
985,59.02276659011841,61.140892028808594,0
986,59.08685636520386,61.19951868057251,0
987,59.138193182822306,61.24850034713745,0
988,59.18265080451965,61.29225754737854,0
989,59.234683990478516,61.34384536743164,0
990,59.274763107299805,61.39189386367798,0
991,59.34276723861694,61.453619956970215,0
992,59.422669410705566,61.53601670265198,0
993,59.47047400474548,61.59152603149414,0
994,59.53481459617615,61.65216302871704,0
995,59.58673691749573,61.69993495941162,0
996,59.63870191574097,61.755664587020874,0
997,59.68678903579712,61.8042414188385,0
998,59.734639406204224,61.8438241481781,0
999,59.77859854698181,61.895517349243164,0
1000,59.81853461265564,61.92803955078125,0
1001,59.85806468781851,61.97882962226868,0
1002,59.91880226135254,62.03609776496887,0
1003,59.95871663093567,62.07568168640137,0
1004,60.02245842556792,62.14264726638794,0
1005,60.08648133277893,62.21205735206604,0
1006,60.14671468734741,62.25966930389404,0
1007,60.19476890563965,62.31531882286072,0
1008,60.250778913497925,62.37856650352478,0
1009,60.326701402664185,62.436495542526245,0
1010,60.37468218803406,62.496148347854614,0
1011,60.466761112213135,62.58048129081726,0
1012,60.51483178138733,62.6280677318573,0
1013,60.56671953201294,62.68453812599182,0
1014,60.63855290412903,62.75247621536255,0
1015,60.686681270599365,62.79663443565369,0
1016,60.75073575973511,62.867897033691406,0
1017,60.810762882232666,62.91999936103821,0
1018,60.85090517997742,62.992303133010864,0
1019,60.93088150024414,63.05538058280945,0
1020,60.986489057540894,63.107107162475586,0
1021,61.05102515220642,63.175843477249146,0
1022,61.1105535030365,63.23577570915222,0
1023,61.198737382888794,63.30728769302368,0
1024,61.246766328811646,63.356284856796265,0
1025,61.29475665092468,63.41148805618286,0
1026,61.363285779953,63.475396394729614,0
1027,61.422690868377686,63.532413959503174,0
1028,61.46652150154114,63.58021783828735,0
1029,61.530776500701904,63.63897395133972,0
1030,61.59476399421692,63.70715260505676,0
1031,61.646764278411865,63.75754475593567,0
1032,61.690722942352295,63.81158685684204,0
1033,61.74275493621826,63.875964879989624,0
1034,61.82276129722595,63.932183504104614,0
1035,61.85798701776939,63.96698451042175,0
1036,61.918270160514346,64.0313572883606,0
1037,61.99436354637146,64.1026201248169,0
1038,62.08265519142151,64.19613194465637,0
1039,62.13872694969177,64.25690484046936,0
1040,62.20282244682312,64.31982159614563,0
1041,62.27395011373416,64.39206194877625,0
1042,62.32263159751892,64.43530893325806,0
1043,62.37476420402527,64.49558687210083,0
1044,62.43865728378296,64.5522780418396,0
1045,62.48676776885986,64.6004204750061,0
1046,62.5347855091095,64.66427636146545,0
1047,62.59866523742676,64.70824074745178,0
1048,62.6306734085083,64.74327826499939,0
1049,62.678131553975426,64.79607248306274,0
1050,62.73479342460632,64.84277987480164,0
1051,62.802815198898315,64.91522359848022,0
1052,62.846723318099976,64.95589399337769,0
1053,62.910592555999756,65.02543640136719,0
1054,62.95060110092163,65.06052494049072,0
1055,62.998004628389864,65.11174416542053,0
1056,63.0465247631073,65.16819930076599,0
1057,63.11488103866577,65.22937989234924,0
1058,63.21490788459778,65.33147668838501,0
1059,63.2988600730896,65.42008090019226,0
1060,63.37473154067993,65.49555373191833,0
1061,63.43474507331848,65.55128645896912,0
1062,63.490588426589966,65.6093487739563,0
1063,63.53461194038391,65.65238833427429,0
1064,63.60263967514038,69.94888544082642,3
1065,63.67055869102478,69.98782181739807,3
1066,63.73061466217041,70.0267562866211,3
1067,63.79055619239807,70.07129287719727,3
1068,63.85466504096985,70.11440968513489,3
1069,63.894705295562744,70.17160964012146,3
1070,63.94259808188736,70.21652483940125,3
1071,63.99876832962036,70.26029419898987,3
1072,64.0587089061737,70.30750298500061,3
1073,64.1227056980133,70.35233879089355,3
1074,64.17073225975037,70.39166569709778,3
1075,64.24656629562378,70.43233394622803,3
1076,64.30294680595398,70.46751570701599,3
1077,64.34658193588257,70.50831127166748,3
1078,64.41061592102051,70.56873321533203,3
1079,64.46281290054321,70.62342929840088,3
1080,64.52263569831848,70.66446232795715,3
1081,64.57861137390137,70.71155619621277,3
1082,64.64256644248962,70.75253391265869,3
1083,64.70279288291931,70.79155373573303,3
1084,64.77477622032166,70.84323787689209,3
1085,64.8186547756195,70.88017320632935,3
1086,64.8947684764862,70.93140625953674,3
1087,64.94268465042114,70.98347997665405,3
1088,64.9825656414032,71.02516674995422,3
1089,65.04661989212036,71.05888485908508,3
1090,65.09467601776123,71.09517693519592,3
1091,65.14664840698242,71.14074611663818,3
1092,65.19870519638062,71.18636107444763,3
1093,65.2747733592987,71.23169207572937,3
1094,65.3267674446106,71.26821660995483,3
1095,65.38672924041748,71.32067465782166,3
1096,65.42667007446289,71.3683111667633,3
1097,65.47470760345459,71.42794704437256,3
1098,65.51879739761353,71.47527933120728,3
1099,65.59476256370544,71.52479219436646,3
1100,65.63876605033875,71.57619595527649,3
1101,65.69073104858398,71.62425661087036,3
1102,65.7467143535614,71.67242360115051,3
1103,65.80668663978577,71.7082633972168,3
1104,65.84676551818848,71.76751232147217,3
1105,65.8947651386261,71.79962992668152,3
1106,65.94671940803528,71.85630917549133,3
1107,65.99871897697449,71.89562463760376,3
1108,66.05044913291931,71.93167996406555,3
1109,66.10677075386047,71.97178530693054,3
1110,66.16677451133728,72.0108072757721,3
1111,66.23076629638672,72.05579662322998,3
1112,66.29067277908325,72.09388256072998,3
1113,66.33468627929688,72.13529372215271,3
1114,66.39878106117249,72.16995358467102,3
1115,66.45798488301261,72.21195554733276,3
1116,66.50276708602905,72.25561904907227,3
1117,66.570645570755,72.3124930858612,3
1118,66.60676407814026,72.36020016670227,3
1119,66.66276717185974,72.4078381061554,3
1120,66.6986951828003,72.45953583717346,3
1121,66.73401549035832,72.50408029556274,3
1122,66.78276443481445,72.56029748916626,3
1123,66.8347589969635,72.60797309875488,3
1124,66.91076254844666,72.67992329597473,3
1125,66.95076155662537,72.7472448348999,3
1126,67.01866006851196,72.79155778884888,3
1127,67.08658814430237,72.83998346328735,3
1128,67.13870882987976,72.88800144195557,3
1129,67.19869565963745,72.92866325378418,3
1130,67.24266958236694,72.98538160324097,3
1131,67.29466390609741,73.0280327796936,3
1132,67.34667134284973,73.07207465171814,3
1133,67.3867723941803,73.11948919296265,3
1134,67.42676305770874,73.14984655380249,3
1135,67.47072410583496,73.1978554725647,3
1136,67.52277135848999,73.23638939857483,3
1137,67.58265328407288,73.29146647453308,3
1138,67.65095281600952,73.34343123435974,3
1139,71.27870607376099,73.38778567314148,3
1140,71.33092522621155,73.43930983543396,3
1141,71.39064693450928,73.50784540176392,3
1142,71.4828872680664,73.60338854789734,3
1143,71.53470015525818,73.64387774467468,3
1144,71.57876420021057,73.69232892990112,3
1145,71.64276146888733,73.76046633720398,3
1146,71.69390497874416,73.81965041160583,3
1147,71.75476408004761,73.87100481987,3
1148,71.82257080078125,73.93192672729492,3
1149,71.85391118342156,73.96398854255676,3
1150,71.90265393257141,74.0160083770752,3
1151,71.95881962776184,74.08860325813293,3
1152,72.03369138706094,74.14419174194336,3
1153,72.10647344589233,74.21947932243347,3
