PacketSeqNo,ArrivalTime,MulticastIdx
1,6.88389706612,1
2,6.92726516724,1
3,6.97485494614,1
4,7.01102900505,1
5,7.05093693733,1
6,7.08728194237,1
7,7.12693309784,1
8,7.16782402992,1
9,7.21499705315,1
10,7.25484514236,1
11,7.30699706078,1
12,7.33889293671,1
13,7.37921905518,1
14,7.42695307732,1
15,7.48691105843,1
16,7.52305102348,1
17,7.56302499771,1
18,7.60685014725,1
19,7.65149497986,1
20,7.69502496719,1
21,7.72700810432,1
22,7.75883102417,1
23,7.79902696609,1
24,7.8654999733,1
25,7.89876914024,1
26,7.94638800621,1
27,7.98699307442,1
28,8.02690410614,1
29,8.05896806717,1
30,8.09882116318,1
31,8.15098214149,1
32,8.2128341198,1
33,8.2507481575,1
34,8.29126906395,1
35,8.33533000946,1
36,8.37124013901,1
37,8.43479609489,1
38,8.46743011475,1
39,8.52301001549,1
40,8.56710910797,1
41,8.61127495766,1
42,8.65090703964,1
43,8.68278694153,1
44,22.7668931484,2
45,22.8072609901,2
46,22.8587231636,2
47,22.8990011215,2
48,22.9388871193,2
49,22.9789919853,2
50,23.0268650055,2
51,23.0592420101,2
52,23.0990920067,2
53,23.1509549618,2
54,23.2032661438,2
55,23.246753931,2
56,23.2824430466,2
57,23.3337409496,2
58,23.3828880787,2
59,23.422547102,2
60,23.4630150795,2
61,23.5083920956,2
62,23.5667991638,2
63,23.6032140255,2
64,23.6507461071,2
65,23.68277812,2
66,23.7350051403,2
67,23.780616045,2
68,23.8269741535,2
69,23.8711850643,0
70,23.8990981579,0
71,23.9311800003,0
72,23.9892280102,0
73,24.0270020962,0
74,24.068128109,0
75,24.1246230602,0
76,24.1707611084,0
77,24.2187950611,0
78,24.2760500908,0
79,24.3150589466,0
80,24.3590669632,0
81,24.4070680141,0
82,24.455080986,0
83,24.4987859726,0
84,24.5508799553,0
85,24.5991749763,0
86,24.647382021,0
87,24.6912231445,0
88,24.7349660397,0
89,24.7789731026,0
90,24.8393199444,0
91,24.870675087,0
92,24.9109950066,0
93,24.9630849361,2
94,24.9906971455,2
95,25.0269751549,2
96,25.0711550713,2
97,25.1025619507,2
98,25.1470601559,2
99,25.1964230537,2
100,25.2508611679,2
101,25.3346350193,2
102,25.3830580711,2
103,25.4508640766,2
104,25.4879529476,2
105,25.5405981541,2
106,25.5909409523,2
107,25.643392086,2
108,25.6835861206,2
109,25.7273650169,2
110,25.7829620838,2
111,25.8229670525,2
112,25.8547530174,2
113,25.8951640129,2
114,25.9270670414,2
115,25.9641590118,2
116,26.0077941418,2
117,26.0473680496,2
118,26.1032309532,0
119,26.1229450703,0
120,26.155313015,0
121,26.1953289509,0
122,26.2677049637,0
123,26.3137731552,0
124,26.3549201488,0
125,26.3950331211,0
126,26.4352920055,0
127,26.4867680073,0
128,26.5265030861,0
129,26.5750551224,0
130,26.6307830811,0
131,26.6706011295,0
132,26.7071020603,0
133,26.7547740936,0
134,26.7909090519,0
135,26.8355250359,0
136,26.8710751534,0
137,26.9070110321,0
138,26.9511101246,0
139,26.9947960377,0
140,27.0390710831,0
141,27.0828840733,0
142,27.12292099,0
143,27.1665990353,0
144,27.2158329487,0
145,27.2667291164,0
146,27.326841116,0
147,27.3705210686,0
148,27.4510400295,2
149,27.4928400517,2
150,27.5597541332,2
151,27.6026909351,2
152,27.6588101387,2
153,27.7071731091,2
154,27.7468149662,2
155,27.7787411213,2
156,27.8186421394,2
157,27.8586850166,2
158,27.9107670784,2
159,27.9597949982,2
160,27.9907701015,2
161,28.0286071301,2
162,28.0733590126,2
163,28.1110191345,2
164,28.1633579731,2
165,28.2286331654,2
166,28.2800059319,2
167,28.3192131519,2
168,28.3682601452,2
169,28.4056341648,2
170,28.4551041126,2
171,28.5270619392,0
172,28.551142931,0
173,28.6067130566,0
174,28.6548790932,0
175,28.6951911449,0
176,28.7547881603,0
177,28.7948420048,0
178,28.8514590263,0
179,28.8950669765,0
180,28.9433240891,0
181,28.990819931,0
182,29.0469241142,0
183,29.098706007,0
184,29.1429979801,0
185,29.1910140514,0
186,29.2309710979,0
187,29.2670600414,0
188,29.3230030537,0
189,29.3713049889,0
190,29.4394481182,0
191,29.4749000072,0
192,29.5383520126,0
193,29.570731163,0
194,29.6150679588,0
195,29.655092001,2
196,29.6869609356,2
197,29.7226541042,2
198,29.7711601257,2
199,29.8228571415,2
200,29.8626990318,2
201,29.8949661255,2
202,29.9345910549,2
203,29.974832058,2
204,30.0190019608,2
205,30.0588600636,2
206,30.1027560234,2
207,30.1520240307,2
208,30.2068679333,2
209,30.2388861179,2
210,30.2834291458,2
211,30.3309710026,2
212,30.3750309944,2
213,30.4230101109,2
214,30.4587349892,2
215,30.4908690453,2
216,30.5350811481,2
217,30.6030859947,2
218,30.6469810009,2
219,30.6867649555,2
220,30.7308290005,2
221,30.7751171589,2
222,30.8190779686,2
223,30.883202076,0
224,30.890871048,0
225,30.9356660843,0
226,30.9909579754,0
227,31.0270090103,0
228,31.0720410347,0
229,31.1230270863,0
230,31.1628470421,0
231,31.2112190723,0
232,31.2510249615,0
233,31.2950060368,0
234,31.3330290318,0
235,31.3705790043,0
236,31.4242680073,0
237,31.4684450626,0
238,31.5401339531,0
239,31.5869679451,0
240,31.6270401478,0
241,31.670732975,0
242,31.718693018,0
243,31.7634689808,0
244,31.8150179386,0
245,31.8590190411,0
246,31.8988120556,0
247,31.9467101097,0
248,31.9784660339,0
249,32.0269391537,2
250,32.079087019,2
251,32.1234810352,2
252,32.1634111404,2
253,32.2002029419,2
254,32.240391016,2
255,32.284496069,2
256,32.3345711231,2
257,32.3705711365,2
258,32.4155931473,2
259,32.4525380135,2
260,32.5094361305,2
261,32.563724041,2
262,32.6082861423,2
263,32.6468269825,2
264,32.6947529316,2
265,32.7267420292,2
266,32.758660078,2
267,32.8067760468,2
268,32.8469970226,2
269,32.8986270428,2
270,32.9389779568,2
271,32.9908840656,2
272,33.038793087,2
273,33.0790150166,2
274,33.1151750088,2
275,33.1710381508,2
276,33.2309839725,0
277,33.266960144,0
278,33.3069810867,0
279,33.3516671658,0
280,33.4153411388,0
281,33.450865984,0
282,33.4922289848,0
283,33.554708004,0
284,33.5990140438,0
285,33.6306891441,0
286,33.6709890366,0
287,33.7189559937,0
288,33.7671439648,0
289,33.8066740036,0
290,33.8627080917,0
291,33.9069111347,0
292,33.9389159679,0
293,33.9790000916,0
294,34.0148861408,0
295,34.0587871075,0
296,34.098760128,0
297,34.1472389698,0
298,34.1987860203,0
299,34.2389960289,0
300,34.2867341042,0
301,34.3386731148,0
302,48.4455599785,3
303,48.5068621635,3
304,48.5586619377,3
305,48.5990669727,3
306,48.6478991508,3
307,48.6897621155,3
308,48.7268300056,3
309,48.7589230537,3
310,48.7951760292,3
311,48.8470461369,3
312,48.8910119534,3
313,48.9279630184,3
314,48.9789609909,3
315,49.0310750008,3
316,49.0710980892,3
317,49.1160681248,3
318,49.1549320221,3
319,49.1991779804,3
320,49.2510471344,3
321,49.3031489849,3
322,49.3401310444,3
323,49.3912539482,3
324,49.454916954,3
325,49.4916901588,3
326,49.5505170822,3
327,49.6146810055,3
328,49.66310215,3
329,49.7200391293,1
330,49.7587480545,1
331,49.8074319363,1
332,49.8466939926,1
333,49.8910341263,1
334,49.9385609627,1
335,49.9792661667,1
336,50.0189299583,1
337,50.0650620461,1
338,50.1067531109,1
339,50.1747159958,1
340,50.2189891338,1
341,50.2507469654,1
342,50.2910339832,1
343,50.3306980133,1
344,50.3789069653,1
345,50.4437241554,1
346,50.4835431576,1
347,50.5350489616,1
348,50.5711090565,1
349,50.6025090218,1
350,50.6389319897,1
351,50.6829810143,1
352,50.7147929668,1
353,50.7706739902,1
354,50.8347320557,1
355,50.8798489571,1
356,64.9347989559,2
357,64.9668381214,2
358,65.0070929527,2
359,65.0508389473,2
360,65.090829134,2
361,65.1552419662,2
362,65.2067129612,2
363,65.2469270229,2
364,65.2868890762,2
365,65.3310511112,2
366,65.3748171329,2
367,65.4304101467,2
368,65.478618145,2
369,65.5347530842,2
370,65.5899839401,2
371,65.638698101,2
372,65.6790030003,2
373,65.7308211327,2
374,65.7788569927,2
375,65.8629760742,2
376,65.9114561081,2
377,65.967165947,0
378,65.9950480461,0
379,66.0591061115,0
380,66.0986430645,0
381,66.1349720955,0
382,66.1827909946,0
383,66.2473509312,0
384,66.2908451557,0
385,66.339525938,0
386,66.3870360851,0
387,66.4414610863,0
388,66.4956181049,0
389,66.5548269749,0
390,66.5988090038,0
391,66.6386780739,0
392,66.6868231297,0
393,66.7312209606,0
394,66.7868330479,0
395,66.8350141048,0
396,66.8869590759,0
397,80.9754159451,3
398,81.0227839947,3
399,81.0710151196,3
400,81.1109960079,3
401,81.1509039402,3
402,81.1950359344,3
403,81.2397100925,3
404,81.2830319405,3
405,81.3190600872,3
406,81.3588900566,3
407,81.4028339386,3
408,81.4718019962,3
409,81.5270631313,3
410,81.5630199909,3
411,81.6110639572,3
412,81.6675310135,3
413,81.7194559574,3
414,81.7675831318,3
415,81.8148860931,3
416,81.8630549908,3
417,81.9199650288,3
418,81.9509980679,3
419,81.991065979,3
420,82.0348551273,3
421,82.1031911373,1
422,82.1150269508,1
423,82.1639010906,1
424,82.203001976,1
425,82.2347109318,1
426,82.2827570438,1
427,82.3153409958,1
428,82.3589270115,1
429,82.3990299702,1
430,82.4500131607,1
431,82.5148990154,1
432,82.5510129929,1
433,82.5989079475,1
434,82.6468291283,1
435,82.7028779984,1
436,82.7469911575,1
437,82.7987520695,1
438,82.8388819695,1
439,82.8713691235,1
440,82.9149999619,1
441,82.9466240406,1
442,82.9866950512,1
443,97.0749070644,2
444,97.1189939976,2
445,97.1551389694,2
446,97.1989610195,2
447,97.2388539314,2
448,97.279088974,2
449,97.3227620125,2
450,97.3588659763,2
451,97.3990039825,2
452,97.4508359432,2
453,97.4868500233,2
454,97.5389370918,2
455,97.5871219635,2
456,97.6229319572,2
457,97.6673870087,2
458,97.7109701633,2
459,97.7714371681,2
460,97.8188819885,2
461,97.8628909588,2
462,97.9029450417,2
463,97.9387099743,2
464,97.9786629677,2
465,98.0187170506,2
466,98.051087141,2
467,98.0906050205,2
468,98.1426301003,2
469,98.1825060844,2
470,98.2426040173,2
471,98.3027710915,0
472,98.3386471272,0
473,98.3903851509,0
474,98.4226551056,0
475,98.4711260796,0
476,98.5228409767,0
477,98.5705201626,0
478,98.6467881203,0
479,98.6907391548,0
480,98.7306449413,0
481,98.7669241428,0
482,98.798607111,0
483,98.8350050449,0
484,98.887419939,0
485,98.9308800697,0
486,98.9707920551,0
487,99.0230619907,0
488,99.0711481571,0
489,99.1082100868,0
490,99.1470770836,0
491,99.195731163,0
492,113.298989058,3
493,113.343487978,3
494,113.382981062,3
495,113.443078041,3
496,113.495826006,3
497,113.53104496,3
498,113.565694094,3
499,113.602820158,3
500,113.654606104,3
501,113.695083141,3
502,113.743353128,3
503,113.792313099,3
504,113.822787046,3
505,113.854812145,3
506,113.89102006,3
507,113.939844131,3
508,113.970797062,3
509,114.034692049,3
510,114.090826988,3
511,114.147534132,3
512,114.187958956,3
513,114.22675705,3
514,114.283159018,1
515,114.303013086,1
516,114.355020046,1
517,114.387360096,1
518,114.450922966,1
519,114.49113512,1
520,114.535536051,1
521,114.574743032,1
522,114.615196943,1
523,114.675115108,1
524,114.722830057,1
525,114.770867109,1
526,114.815045118,1
527,114.854841948,1
528,114.906962156,1
529,114.939363003,1
530,114.982743025,1
531,115.022850037,1
532,115.063096046,1
533,115.111171961,1
534,115.167917013,1
535,115.203432083,1
536,115.247079134,1
537,115.282786131,1
538,115.331159115,1
539,115.379070044,1
540,115.418941975,1
541,115.45490098,1
542,115.510791063,1
543,115.563122034,3
544,115.579226017,3
545,115.618803024,3
546,115.675171137,3
547,115.720673084,3
548,115.755025148,3
549,115.811191082,3
550,115.858793974,3
551,115.894891977,3
552,115.927226067,3
553,115.958950043,3
554,116.002900124,3
555,116.035356045,3
556,116.094985008,3
557,116.134824038,3
558,116.166878939,3
559,116.199522972,3
560,116.23053503,3
561,116.262933969,3
562,116.306875944,3
563,116.338657141,3
564,116.382761002,3
565,116.415193081,3
566,116.446745157,3
567,116.480427027,3
568,116.522913933,3
569,116.578989029,3
570,116.610882998,3
571,116.647554159,3
572,116.703108072,3
573,116.771126986,1
574,116.787097931,1
575,116.843110085,1
576,116.875128984,1
577,116.931340933,1
578,116.966910124,1
579,117.007141113,1
580,117.058748007,1
581,117.098945141,1
582,117.130891085,1
583,117.163247108,1
584,117.195065975,1
585,117.235028982,1
586,117.282923937,1
587,117.331082106,1
588,117.370995998,1
589,117.419094086,1
590,117.467045069,1
591,117.514996052,1
592,117.559625149,1
593,117.599151134,1
594,117.643028975,1
595,117.706848145,1
596,117.750955105,1
597,117.784121037,1
598,117.832201958,1
599,117.875450134,1
600,117.919111013,1
601,117.963494062,1
602,117.995131969,1
603,118.063195944,3
604,118.072088957,3
605,118.106920958,3
606,118.160175085,3
607,118.210785151,3
608,118.262853146,3
609,118.295069933,3
610,118.340047121,3
611,118.394991159,3
612,118.435122967,3
613,118.469519138,3
614,118.502740145,3
615,118.543064117,3
616,118.605509996,3
617,118.65063715,3
618,118.687114,3
619,118.728441954,3
620,118.759917021,3
621,118.824191093,3
622,118.867123127,3
623,118.911100149,3
624,118.942736149,3
625,118.983932018,3
626,119.02357316,3
627,119.075793028,1
628,119.119348049,1
629,119.150970936,1
630,119.192072153,1
631,119.227007151,1
632,119.266854048,1
633,119.303110123,1
634,119.347063065,1
635,119.382774115,1
636,119.415143013,1
637,119.475502968,1
638,119.518968105,1
639,119.57534194,1
640,119.623197079,1
641,119.662873983,1
642,119.723152161,1
643,119.75532794,1
644,119.810887098,1
645,119.854925156,1
646,119.923444986,1
647,119.966781139,1
648,119.998945951,1
649,120.030929089,1
650,120.087064028,1
651,120.135014057,1
652,120.170789003,1
653,120.210952044,1
654,120.251214027,1
655,120.287564993,1
656,120.330868006,1
657,134.407120943,2
658,134.450978041,2
659,134.518936157,2
660,134.571943998,2
661,134.611969948,2
662,134.654706955,2
663,134.699167967,2
664,134.731042147,2
665,134.776287079,2
666,134.823037148,2
667,134.854691029,2
668,134.904282093,2
669,134.959815025,2
670,134.998895168,2
671,135.040037155,2
672,135.087058067,2
673,135.122983932,2
674,135.172150135,2
675,135.218683958,2
676,135.265530109,2
677,135.318874121,2
678,135.355280161,2
679,135.39857316,2
680,135.450893164,2
681,135.526925087,2
682,135.558928967,2
683,135.608525038,2
684,135.663094997,0
685,135.716498137,0
686,135.751040936,0
687,135.783244133,0
688,135.823123932,0
689,135.887099981,0
690,135.927354097,0
691,135.974728107,0
692,136.015028,0
693,136.051002979,0
694,136.09504199,0
695,136.142673969,0
696,136.191139936,0
697,136.223083973,0
698,136.267022133,0
699,136.307076931,0
700,136.354969025,0
701,136.394876003,0
702,136.438903093,0
703,136.471012115,0
704,136.546981096,0
705,136.603517056,0
706,136.638584137,0
707,136.674800158,0
708,136.715214014,0
709,150.818959951,3
710,150.854907036,3
711,150.906998158,3
712,150.95482111,3
713,150.995736122,3
714,151.034656048,3
715,151.074922085,3
716,151.130980015,3
717,151.170802116,3
718,151.211076975,3
719,151.259158134,3
720,151.29083395,3
721,151.335142136,3
722,151.391376019,3
723,151.423099041,3
724,151.47905302,3
725,151.518764973,3
726,151.566998005,3
727,151.603116035,3
728,151.643140078,3
729,151.695309162,3
730,151.747910023,1
731,151.783565044,1
732,151.824324131,1
733,151.86264801,1
734,151.906919003,1
735,151.946865082,1
736,151.987025023,1
737,152.043054104,1
738,152.076034069,1
739,152.110938072,1
740,152.147552013,1
741,152.187037945,1
742,152.218945026,1
743,152.253533125,1
744,152.290992022,1
745,152.322922945,1
746,152.358834982,1
747,152.390697002,1
748,152.442952156,1
749,152.491405964,1
750,152.530868053,1
751,152.586961031,1
752,152.635040998,1
753,152.695080042,1
754,152.762866974,1
755,166.85454607,2
756,166.922771931,2
757,166.990757942,2
758,167.050847054,2
759,167.098530054,2
760,167.166887999,2
761,167.226792097,2
762,167.290823936,2
763,167.362097979,2
764,167.414652109,2
765,167.478568077,2
766,167.534583092,2
767,167.586620092,2
768,167.658503056,2
769,167.715221167,2
770,167.770454168,2
771,167.834751129,2
772,167.879616976,2
773,167.922806978,2
774,167.988774061,2
775,168.052288055,2
776,168.117048025,2
777,168.18727994,2
778,168.243391991,0
779,168.298974991,0
780,168.359043121,0
781,168.415060997,0
782,168.464401007,0
783,168.498729944,0
784,168.557364941,0
785,168.630773067,0
786,168.678738117,0
787,168.732769012,0
788,168.806452036,0
789,168.858864069,0
790,168.913187027,0
791,168.979159117,0
792,169.046724081,0
793,169.112718105,0
794,169.195860147,0
795,169.227946997,0
796,169.263602972,0
797,169.311022997,0
798,169.359739065,0
799,169.420617104,0
800,169.458515167,0
801,169.494756937,0
802,169.540202141,0
803,169.570722103,0
804,169.618720055,0
805,169.675586939,0
806,169.742676973,0
807,169.79066205,0
808,169.859183073,2
809,169.906821966,2
810,169.950749159,2
811,169.986968994,2
812,170.056123018,2
813,170.0957551,2
814,170.147204161,2
815,170.191087008,2
816,170.222851038,2
817,170.254658937,2
818,170.30284214,2
819,170.346913099,2
820,170.390781164,2
821,170.446804047,2
822,170.482676029,2
823,170.544166088,2
824,170.581445932,2
825,170.614848137,2
826,170.682836056,2
827,170.730445147,2
828,170.76354599,2
829,170.807322025,2
830,170.858970165,2
831,170.90309906,2
832,170.955238104,2
833,171.003597975,2
834,171.058902979,2
835,171.090801954,2
836,171.146777153,2
837,171.219014168,0
838,171.254833937,0
839,171.307261944,0
840,171.346717119,0
841,171.403501987,0
842,171.442830086,0
843,171.483021021,0
844,171.540043116,0
845,171.583006144,0
846,171.615159035,0
847,171.65201807,0
848,171.700021982,0
849,171.746953011,0
850,171.795660019,0
851,171.842894077,0
852,171.88706398,0
853,171.954914093,0
854,171.994907141,0
855,172.034935951,0
856,172.070815086,0
857,172.111122131,0
858,186.190747976,3
859,186.238858938,3
860,186.282742023,3
861,186.326915979,3
862,186.375066996,3
863,186.406903028,3
864,186.446973085,3
865,186.482880116,3
866,186.531439066,3
867,186.586864948,3
868,186.635102034,3
869,186.674845934,3
870,186.727035046,3
871,186.770918131,3
872,186.807254076,3
873,186.854604006,3
874,186.910815954,3
875,186.947455168,3
876,186.986608982,3
877,187.023000956,3
878,187.075181007,3
879,187.126786947,3
880,187.170799017,3
881,187.218726158,3
882,187.258944035,3
883,187.291147947,3
884,187.327490091,3
885,187.367160082,3
886,187.431005955,1
887,187.462799072,1
888,187.511254072,1
889,187.562912941,1
890,187.622812033,1
891,187.658980131,1
892,187.690864086,1
893,187.723268032,1
894,187.754897118,1
895,187.795114994,1
896,187.827155113,1
897,187.866997004,1
898,187.914999008,1
899,187.952079058,1
900,187.999093056,1
901,188.044566154,1
902,188.099018097,1
903,188.138880014,1
904,188.178611994,1
905,188.238883018,1
906,188.282938957,1
907,202.367028952,2
908,202.411067963,2
909,202.459072113,2
910,202.495007992,2
911,202.551401138,2
912,202.595077991,2
913,202.65101409,2
914,202.687063932,2
915,202.726868153,2
916,202.763023138,2
917,202.802785158,2
918,202.842553139,2
919,202.894937038,2
920,202.947235107,2
921,202.990895987,2
922,203.027480125,2
923,203.067013025,2
924,203.120079994,2
925,203.159332991,2
926,203.202969074,2
927,203.260167122,2
928,203.298826933,2
929,203.339734077,2
930,203.380072117,2
931,203.431106091,2
932,203.471086025,2
933,203.510843992,2
934,203.567177057,0
935,203.615982056,0
936,203.655959129,0
937,203.714911938,0
938,203.759516001,0
939,203.799332142,0
940,203.851731062,0
941,203.910946131,0
942,203.966928959,0
943,204.006690025,0
944,204.066853046,0
945,204.114796162,0
946,204.162959099,0
947,204.211333036,0
948,204.251996994,0
949,204.290737152,0
950,204.330979109,0
951,204.370754004,0
952,204.426831961,0
953,204.458917141,0
954,204.510933161,0
955,204.554922104,0
956,204.611109018,0
957,204.647279978,0
958,204.69602108,0
959,204.727005959,0
960,204.786936045,0
961,204.826956034,0
962,204.866889954,0
963,218.950349092,3
964,218.994858027,3
965,219.035243034,3
966,219.070852041,3
967,219.110965967,3
968,219.150854111,3
969,219.215499163,3
970,219.25246501,3
971,219.298936129,3
972,219.338983059,3
973,219.403160095,3
974,219.44344902,3
975,219.49468708,3
976,219.530998945,3
977,219.571031094,3
978,219.623511076,3
979,219.695481062,3
980,219.730767965,3
981,219.778937101,3
982,219.838987112,3
983,219.879184961,3
984,219.955043077,3
985,220.007055998,3
986,220.071031094,1
987,220.111359119,1
988,220.155027151,1
989,220.21498704,1
990,220.255015135,1
991,220.295124054,1
992,220.326683998,1
993,220.387068033,1
994,220.434977055,1
995,220.470865965,1
996,220.51572299,1
997,220.567191124,1
998,220.619132042,1
999,220.659114122,1
1000,220.707015991,1
1001,220.742835999,1
1002,220.786802053,1
1003,220.839277029,1
1004,220.874866962,1
1005,220.927505016,1
1006,220.95895195,1
1007,220.998448133,1
1008,221.038830042,1
1009,221.074934006,1
1010,221.106948137,1
1011,221.150992155,1
1012,221.186776161,1
1013,221.220467091,1
1014,221.25532794,1
1015,221.30708003,3
1016,221.326993942,3
1017,221.391149044,3
1018,221.430979013,3
1019,221.463008165,3
1020,221.494966984,3
1021,221.548789978,3
1022,221.610883951,3
1023,221.647470951,3
1024,221.682909012,3
1025,221.726909161,3
1026,221.782979012,3
1027,221.814856052,3
1028,221.850901127,3
1029,221.903119087,3
1030,221.94353199,3
1031,221.974853039,3
1032,222.015514135,3
1033,222.058666945,3
1034,222.10703516,3
1035,222.149925947,3
1036,222.188890934,3
1037,222.226830959,3
1038,222.282987118,3
1039,222.327161074,3
1040,222.383032084,3
1041,222.431218147,1
1042,222.458898067,1
1043,222.502920151,1
1044,222.538474083,1
1045,222.599019051,1
1046,222.630947113,1
1047,222.670902014,1
1048,222.710878134,1
1049,222.763103008,1
1050,222.815802097,1
1051,222.851067066,1
1052,222.89902401,1
1053,222.939049959,1
1054,222.978925943,1
1055,223.02442503,1
1056,223.08706212,1
1057,223.138831139,1
1058,223.191214085,1
1059,223.239621162,1
1060,223.286837101,1
1061,223.326923132,1
1062,223.375102997,1
1063,237.486876011,2
1064,237.539725065,2
1065,237.586781025,2
1066,237.65102005,2
1067,237.699121952,2
1068,237.763200045,2
1069,237.811179161,2
1070,237.854943037,2
1071,237.934867144,2
1072,237.970787048,2
1073,238.007456064,2
1074,238.049926996,2
1075,238.103012085,2
1076,238.150803089,2
1077,238.195091009,2
1078,238.240136147,2
1079,238.287125111,2
1080,238.342826128,2
1081,238.382907152,2
1082,238.416105986,2
1083,238.459052086,2
1084,238.490872145,2
1085,238.527568102,2
1086,238.575740099,2
1087,238.663030148,0
1088,238.674940109,0
1089,238.722970009,0
1090,238.762814045,0
1091,238.811313152,0
1092,238.850839138,0
1093,238.891013145,0
1094,238.931055069,0
1095,238.988139153,0
1096,239.026885033,0
1097,239.082611084,0
1098,239.134863138,0
1099,239.179024935,0
1100,239.235208035,0
1101,239.274896145,0
1102,239.314432144,0
1103,239.354652166,0
1104,239.421790123,0
1105,239.474756002,0
1106,239.526932001,0
1107,239.574913025,0
1108,239.619508982,0
1109,253.69125104,3
1110,253.742823124,3
1111,253.802917004,3
1112,253.847031116,3
1113,253.88289094,3
1114,253.931005955,3
1115,253.980581045,3
1116,254.027124166,3
1117,254.067054987,3
1118,254.115199089,3
1119,254.146971941,3
1120,254.199511051,3
1121,254.252936125,3
1122,254.301277161,3
1123,254.371029139,3
1124,254.425337076,3
1125,254.478755951,3
1126,254.546992064,3
1127,254.606855154,3
1128,254.678998947,3
1129,254.746798992,3
1130,254.810956001,1
1131,254.862833977,1
1132,254.906893015,1
1133,254.939408064,1
1134,254.978945971,1
1135,255.035249949,1
1136,255.086919069,1
1137,255.126834154,1
1138,255.174776077,1
1139,255.222955942,1
1140,255.270923138,1
1141,255.327039957,1
1142,255.375146151,1
1143,255.439072132,1
1144,255.470914125,1
1145,255.502727032,1
1146,255.552740097,1
1147,255.590641975,1
1148,255.627002001,1
1149,255.671009064,1
1150,255.714836121,1
1151,255.763473988,1
1152,255.830851078,1
1153,255.867062092,1
1154,255.923100948,1
1155,255.970937014,1
1156,270.058760166,2
1157,270.107136011,2
1158,270.163749933,2
1159,270.20697093,2
1160,270.259043932,2
1161,270.290755987,2
1162,270.351451159,2
1163,270.394853115,2
1164,270.430871964,2
1165,270.470782042,2
1166,270.510874033,2
1167,270.550701141,2
1168,270.589059114,2
1169,270.630995989,2
1170,270.671558142,2
1171,270.71142602,2
1172,270.759143114,2
1173,270.803089142,2
1174,270.850965023,2
1175,270.910690069,2
1176,270.950920105,2
1177,271.011165142,2
1178,271.066988945,2
1179,271.130893946,2
1180,271.167261124,2
1181,271.215103149,2
1182,271.258777142,2
1183,271.315207958,0
1184,271.363044024,0
1185,271.418751001,0
1186,271.450700045,0
1187,271.502817154,0
1188,271.542996168,0
1189,271.608227015,0
1190,271.659245014,0
1191,271.690964937,0
1192,271.755021095,0
1193,271.803084135,0
1194,271.842869997,0
1195,271.882789135,0
1196,271.918975115,0
1197,271.958886147,0
1198,272.008171082,0
1199,272.054926157,0
1200,272.098912001,0
1201,272.138895035,0
1202,272.191128969,0
1203,272.226943016,0
1204,272.275122166,0
1205,272.308110952,0
1206,272.370690107,0
1207,272.423171043,0
1208,272.462974072,0
1209,272.511023045,0
1210,272.557427168,0
1211,272.606768131,0
1212,272.650761127,0
1213,286.746968985,3
1214,286.795334101,3
1215,286.847128153,3
1216,286.895128965,3
1217,286.927154064,3
1218,286.966959953,3
1219,287.015004158,3
1220,287.046972036,3
1221,287.083531141,3
1222,287.135159016,3
1223,287.199183941,3
1224,287.234979153,3
1225,287.291103125,3
1226,287.331349134,3
1227,287.392481089,3
1228,287.431219101,3
1229,287.471308947,3
1230,287.519355059,3
1231,287.55095315,3
1232,287.599755049,3
1233,287.652807951,3
1234,287.686845064,3
1235,287.752663136,3
1236,287.786808014,3
1237,287.827059984,3
1238,287.892045021,1
1239,287.931381941,1
1240,287.971038103,1
1241,288.020146132,1
1242,288.079106092,1
1243,288.114861012,1
1244,288.166792154,1
1245,288.214827061,1
1246,288.255197048,1
1247,288.302983999,1
1248,288.351567984,1
1249,288.387108088,1
1250,288.435029984,1
1251,288.474832058,1
1252,288.526972055,1
1253,288.575101137,1
1254,288.622826099,1
1255,288.663295031,1
1256,288.710900068,1
1257,288.751233101,1
1258,288.783055067,1
1259,288.823029041,1
1260,288.862771988,1
1261,288.911081076,1
1262,288.959037066,1
1263,303.034965038,2
1264,303.066941977,2
1265,303.114930153,2
1266,303.15506506,2
1267,303.207745075,2
1268,303.254841089,2
1269,303.307014942,2
1270,303.356069088,2
1271,303.400083065,2
1272,303.431879044,2
1273,303.486845016,2
1274,303.527064085,2
1275,303.563050985,2
1276,303.60337615,2
1277,303.666561127,2
1278,303.707206964,2
1279,303.746886015,2
1280,303.787225008,2
1281,303.850690126,2
1282,303.902892113,2
1283,303.970903158,2
1284,304.01907897,2
1285,304.071269989,2
1286,304.106565952,2
1287,304.142853975,2
1288,304.182687044,2
1289,304.235227108,0
1290,304.27453804,0
1291,304.311543941,0
1292,304.355318069,0
1293,304.398930073,0
1294,304.443220139,0
1295,304.482887983,0
1296,304.514965057,0
1297,304.554818153,0
1298,304.590940952,0
1299,304.627319098,0
1300,304.691008091,0
1301,304.757522106,0
1302,304.794827938,0
1303,304.831179142,0
1304,304.878787994,0
1305,304.927067995,0
1306,304.962846041,0
1307,305.007133007,0
1308,305.046911955,0
1309,305.095070124,0
1310,305.159084082,0
1311,305.219020128,0
1312,305.251739025,0
1313,305.306843042,0
1314,305.346873045,0
1315,305.399204969,2
1316,305.447018147,2
1317,305.486655951,2
1318,305.53106904,2
1319,305.574840069,2
1320,305.622707129,2
1321,305.675352097,2
1322,305.719018936,2
1323,305.775062084,2
1324,305.815212965,2
1325,305.85491395,2
1326,305.894979954,2
1327,305.942969084,2
1328,305.987046957,2
1329,306.030733109,2
1330,306.071248055,2
1331,306.130913019,2
1332,306.184678078,2
1333,306.234902143,2
1334,306.283597946,2
1335,306.314728022,2
1336,306.358827114,2
1337,306.414929152,2
1338,306.466794968,2
1339,306.507254124,2
1340,306.551072121,2
1341,306.598916054,2
1342,306.647280931,2
1343,306.679077148,2
1344,306.710981131,2
1345,306.767423153,0
1346,306.798768044,0
1347,306.830979109,0
1348,306.871456146,0
1349,306.911098957,0
1350,306.954869032,0
1351,307.010874987,0
1352,307.062894106,0
1353,307.110605001,0
1354,307.143082142,0
1355,307.19086504,0
1356,307.239314079,0
1357,307.283343077,0
1358,307.318747044,0
1359,307.358806133,0
1360,307.410884142,0
1361,307.458999157,0
1362,307.502876043,0
1363,307.535809994,0
1364,307.567822933,0
1365,307.615550995,0
1366,307.659362078,0
1367,307.698946953,0
1368,307.731096029,0
1369,307.767035007,0
1370,307.823225021,2
1371,307.858899117,2
1372,307.899227142,2
1373,307.947149038,2
1374,307.990776062,2
1375,308.027563095,2
1376,308.071465969,2
1377,308.123620987,2
1378,308.166934967,2
1379,308.20257616,2
1380,308.258918047,2
1381,308.298964024,2
1382,308.347037077,2
1383,308.390855074,2
1384,308.431236029,2
1385,308.467038155,2
1386,308.510689974,2
1387,308.554794073,2
1388,308.595242023,2
1389,308.650609016,2
1390,308.690868139,2
1391,308.735193014,2
1392,308.778979063,2
1393,308.81933403,2
1394,308.850991011,2
1395,308.890885115,2
1396,308.939085007,2
1397,308.978913069,2
1398,309.027117014,2
1399,309.062968016,2
1400,309.131073952,0
1401,309.154983997,0
1402,309.195255041,0
1403,309.226835012,0
1404,309.258609056,0
1405,309.298998117,0
1406,309.343132973,0
1407,309.383789062,0
1408,309.415017128,0
1409,309.454751968,0
1410,309.490829945,0
1411,309.524665117,0
1412,309.562853098,0
1413,309.610713005,0
1414,309.672856092,0
1415,309.714837074,0
1416,309.757656097,0
1417,309.786824942,0
1418,309.834823132,0
1419,309.874954939,0
1420,309.911594152,0
1421,309.951210022,0
1422,309.991629124,0
1423,310.047130108,0
1424,310.09504199,2
1425,310.126903057,2
1426,310.170917988,2
1427,310.204260111,2
1428,310.254757166,2
1429,310.303141117,2
1430,310.342843056,2
1431,310.386930943,2
1432,310.418872118,2
1433,310.454982042,2
1434,310.487153053,2
1435,310.542973042,2
1436,310.586806059,2
1437,310.646942139,2
1438,310.687040091,2
1439,310.726948977,2
1440,310.770849943,2
1441,310.814867973,2
1442,310.859008074,2
1443,310.902964115,2
1444,310.950998068,2
1445,310.992435932,2
1446,311.031049013,2
1447,311.063529015,2
1448,311.098818064,2
1449,311.146917105,2
1450,311.182786942,2
1451,311.228543997,0
1452,311.27085495,0
1453,311.314984083,0
1454,311.366928101,0
1455,311.41862607,0
1456,311.451318026,0
1457,311.494881153,0
1458,311.542752028,0
1459,311.574824095,0
1460,311.622736931,0
1461,311.668921947,0
1462,311.706899166,0
1463,311.754696131,0
1464,311.802747011,0
1465,311.855644941,0
1466,311.890973091,0
1467,311.931681156,0
1468,311.97884202,0
1469,312.010766983,0
1470,312.059018135,0
1471,312.102722168,0
1472,312.136028051,0
1473,312.17466712,0
1474,312.211277008,0
1475,312.242912054,0
1476,312.274812937,0
1477,312.306753159,0
1478,326.39499712,3
1479,326.434993029,3
1480,326.474780083,3
1481,326.515216112,3
1482,326.555341005,3
1483,326.606799126,3
1484,326.670696974,3
1485,326.702845097,3
1486,326.747514963,3
1487,326.798828125,3
1488,326.846789122,3
1489,326.882830143,3
1490,326.919052124,3
1491,326.96757102,3
1492,327.007035971,3
1493,327.043375015,3
1494,327.091135979,3
1495,327.138818979,3
1496,327.190637112,3
1497,327.242845058,3
1498,327.286813021,3
1499,327.327024937,3
1500,327.359265089,3
1501,327.395141125,3
1502,327.455085039,1
1503,327.502917051,1
1504,327.546766043,1
1505,327.594846964,1
1506,327.647025108,1
1507,327.678615093,1
1508,327.718966007,1
1509,327.751435041,1
1510,327.794723034,1
1511,327.838848114,1
1512,327.874873161,1
1513,327.927165985,1
1514,327.975008965,1
1515,328.02324605,1
1516,328.05536294,1
1517,328.086827993,1
1518,328.135513067,1
1519,328.179188013,1
1520,328.218925953,1
1521,328.270976067,1
1522,328.303002119,1
1523,328.343096972,1
1524,328.391083956,1
1525,328.439195156,3
1526,328.474926949,3
1527,328.507584095,3
1528,328.550626993,3
1529,328.590995073,3
1530,328.631832123,3
1531,328.687108994,3
1532,328.727046013,3
1533,328.758811951,3
1534,328.811076164,3
1535,328.846585989,3
1536,328.895226955,3
1537,328.935060978,3
1538,328.987126112,3
1539,329.023051977,3
1540,329.067055941,3
1541,329.103029013,3
1542,329.138803959,3
1543,329.191147089,3
1544,329.243147135,3
1545,329.288148165,3
1546,329.343066931,3
1547,329.398900032,3
1548,329.430990934,3
1549,329.471291065,3
1550,329.514802933,3
1551,329.5830791,1
1552,329.602995157,1
1553,329.664374113,1
1554,329.707080126,1
1555,329.738835096,1
1556,329.794857979,1
1557,329.842893124,1
1558,329.874698162,1
1559,329.91090703,1
1560,329.951097012,1
1561,329.99921608,1
1562,330.05507803,1
1563,330.099573135,1
1564,330.147556067,1
1565,330.191046,1
1566,330.238893032,1
1567,330.287142038,1
1568,330.32703495,1
1569,330.367018938,1
1570,330.423154116,1
1571,330.46706295,1
1572,330.511314154,1
1573,330.554728985,1
1574,330.594933033,1
1575,330.62701416,1
1576,330.686975002,1
1577,330.730989933,1
1578,330.77107501,1
1579,330.826987028,1
1580,344.919229031,2
1581,344.958729982,2
1582,345.019025087,2
1583,345.051234007,2
1584,345.091012001,2
1585,345.127031088,2
1586,345.178990126,2
1587,345.214957952,2
1588,345.262984037,2
1589,345.316286087,2
1590,345.354779959,2
1591,345.395123005,2
1592,345.442758083,2
1593,345.474816084,2
1594,345.508656979,2
1595,345.555037975,2
1596,345.607176065,2
1597,345.658972025,2
1598,345.701039076,2
1599,345.742902994,2
1600,345.78301096,2
1601,345.818596125,2
1602,345.866621017,2
1603,345.935204983,0
1604,345.950786114,0
1605,345.990952969,0
1606,346.034964085,0
1607,346.07114315,0
1608,346.106651068,0
1609,346.158890009,0
1610,346.222924948,0
1611,346.262948036,0
1612,346.303630114,0
1613,346.353173971,0
1614,346.40280509,0
1615,346.459846973,0
1616,346.503394127,0
1617,346.534836054,0
1618,346.575039148,0
1619,346.615844965,0
1620,346.664978027,0
1621,346.711107016,0
1622,346.751003981,0
1623,346.791301966,0
1624,346.830713034,0
1625,346.875595093,0
1626,346.922696114,0
1627,346.990893126,0
1628,347.034646034,0
1629,347.079061031,0
1630,347.110883951,0
1631,347.15992403,0
1632,347.207178116,2
1633,347.238980055,2
1634,347.275623083,2
1635,347.319662094,2
1636,347.374784946,2
1637,347.435402155,2
1638,347.478904009,2
1639,347.526836157,2
1640,347.566919088,2
1641,347.610590935,2
1642,347.650907993,2
1643,347.717164993,2
1644,347.759277105,2
1645,347.803970098,2
1646,347.85206008,2
1647,347.890915155,2
1648,347.922894955,2
1649,347.967024088,2
1650,348.022958994,2
1651,348.070964098,2
1652,348.119024992,2
1653,348.150977135,2
1654,348.235204935,0
1655,348.250993967,0
1656,348.283106089,0
1657,348.330933094,0
1658,348.399068117,0
1659,348.438996077,0
1660,348.470831156,0
1661,348.506955147,0
1662,348.546787024,0
1663,348.594889164,0
1664,348.638872147,0
1665,348.679608107,0
1666,348.726907969,0
1667,348.766843081,0
1668,348.815029144,0
1669,348.855050087,0
1670,348.892431021,0
1671,348.938998938,0
1672,348.970744133,0
1673,349.007076979,0
1674,349.054979086,0
1675,349.102807999,0
1676,349.156311989,0
1677,349.207428932,0
1678,349.23905015,0
1679,363.308275938,3
1680,363.36277914,3
1681,363.422781944,3
1682,363.462988138,3
1683,363.514793158,3
1684,363.546827078,3
1685,363.586810112,3
1686,363.639157057,3
1687,363.700876951,3
1688,363.755012989,3
1689,363.797438145,3
1690,363.862841129,3
1691,363.915055037,3
1692,363.951041937,3
1693,363.995018005,3
1694,364.042885065,3
1695,364.111143112,3
1696,364.159409046,3
1697,364.202971935,3
1698,364.251033068,3
1699,364.291010141,3
1700,364.323101997,3
1701,364.379121065,3
1702,364.414781094,3
1703,364.454690933,3
1704,364.490918159,3
1705,364.535340071,3
1706,364.587141037,1
1707,364.614871979,1
1708,364.663064957,1
1709,364.711039066,1
1710,364.775005102,1
1711,364.827079058,1
1712,364.863080978,1
1713,364.902855158,1
1714,364.947235107,1
1715,364.986997128,1
1716,365.03917098,1
1717,365.075119019,1
1718,365.115036011,1
1719,365.150969028,1
1720,365.199018955,1
1721,365.231163025,1
1722,365.279032946,1
1723,365.319506168,1
1724,365.364206076,1
1725,365.410722017,1
1726,365.45468998,1
1727,365.49969697,1
1728,365.535789967,1
1729,365.590634108,1
1730,365.643003941,1
1731,365.694967985,1
1732,365.759170055,1
1733,365.814716101,1
1734,365.866767168,1
1735,365.907686949,1
1736,379.995037079,2
1737,380.035009146,2
1738,380.070904016,2
1739,380.102728128,2
1740,380.14282012,2
1741,380.183794022,2
1742,380.215108156,2
1743,380.258955956,2
1744,380.298896074,2
1745,380.339134932,2
1746,380.387923002,2
1747,380.426934958,2
1748,380.486987114,2
1749,380.522949934,2
1750,380.567647934,2
1751,380.615014076,2
1752,380.660179138,2
1753,380.707790136,2
1754,380.755053997,2
1755,380.798994064,2
1756,380.847078085,2
1757,380.886996031,2
1758,380.947016954,2
1759,380.979493141,2
1760,381.023888111,2
1761,381.071017027,2
1762,381.111040115,2
1763,381.151731014,2
1764,381.198846102,2
1765,381.234888077,2
1766,381.303190947,0
1767,381.310922146,0
1768,381.359331131,0
1769,381.41494894,0
1770,381.462646961,0
1771,381.514842033,0
1772,381.54699111,0
1773,381.586902142,0
1774,381.622889996,0
1775,381.670654058,0
1776,381.706777096,0
1777,381.747213125,0
1778,381.794924021,0
1779,381.839332104,0
1780,381.879014015,0
1781,381.926843166,0
1782,381.974863052,0
1783,382.00690794,0
1784,382.038830996,0
1785,382.086787939,0
1786,382.127090931,0
1787,382.158620119,0
1788,382.206928968,0
1789,382.250865936,0
1790,382.294871092,0
1791,382.335142136,0
1792,382.371202946,0
1793,382.426954985,0
1794,382.490857124,2
1795,382.523535013,2
1796,382.575031996,2
1797,382.622861147,2
1798,382.65903616,2
1799,382.718843937,2
1800,382.758887053,2
1801,382.81883812,2
1802,382.850895166,2
1803,382.882995129,2
1804,382.923573971,2
1805,382.960693121,2
1806,382.998888016,2
1807,383.046620131,2
1808,383.103192091,2
1809,383.167143106,2
1810,383.226895094,2
1811,383.267105103,2
1812,383.318961143,2
1813,383.368598938,2
1814,383.407086134,2
1815,383.447162151,2
1816,383.479761124,2
1817,383.527024984,2
1818,383.562983036,2
1819,383.615020037,2
1820,383.663161039,2
1821,383.715775013,0
1822,383.763369083,0
1823,383.806910038,0
1824,383.854831934,0
1825,383.903038025,0
1826,383.94282794,0
1827,383.974676132,0
1828,384.02294302,0
1829,384.062819004,0
1830,384.110906124,0
1831,384.151095152,0
1832,384.219491005,0
1833,384.278866053,0
1834,384.31094408,0
1835,384.350882053,0
1836,384.390938044,0
1837,384.430864096,0
1838,384.486813068,0
1839,384.518988132,0
1840,384.559402943,0
1841,384.606822014,0
1842,384.638900042,0
1843,384.683685064,0
1844,384.730821133,0
1845,384.762721062,0
1846,384.806823015,0
1847,384.846907139,0
1848,398.914966106,3
1849,398.963571072,3
1850,399.015089035,3
1851,399.058885098,3
1852,399.102931976,3
1853,399.134752035,3
1854,399.190827131,3
1855,399.224579096,3
1856,399.262947083,3
1857,399.295014143,3
1858,399.331462145,3
1859,399.379076958,3
1860,399.451096058,3
1861,399.482969046,3
1862,399.546960115,3
1863,399.587142944,3
1864,399.631057978,3
1865,399.674993992,3
1866,399.730678082,3
1867,399.779655933,3
1868,399.818973064,3
1869,399.858967066,3
1870,399.899009943,3
1871,399.955059052,1
1872,399.978928089,1
1873,400.010643005,1
1874,400.042339087,1
1875,400.082811117,1
1876,400.151751041,1
1877,400.214935064,1
1878,400.278851032,1
1879,400.322826147,1
1880,400.375030041,1
1881,400.414776087,1
1882,400.467031956,1
1883,400.510595083,1
1884,400.578984022,1
1885,400.623455048,1
1886,400.674865961,1
1887,400.723011971,1
1888,400.76711297,1
1889,400.80698204,1
1890,400.850857973,1
1891,400.887027025,1
1892,400.918779135,1
1893,400.966706991,1
1894,401.007318974,1
1895,401.046836138,1
1896,401.098775148,1
1897,401.164119959,3
1898,401.171175957,3
1899,401.222890139,3
1900,401.279337168,3
1901,401.327986956,3
1902,401.366838932,3
1903,401.410266161,3
1904,401.454766035,3
1905,401.486688137,3
1906,401.518953085,3
1907,401.563770056,3
1908,401.610702991,3
1909,401.651051998,3
1910,401.706881046,3
1911,401.755782127,3
1912,401.800568104,3
1913,401.839025021,3
1914,401.871088028,3
1915,401.918977976,3
1916,401.962991953,3
1917,402.002800941,3
1918,402.042930126,3
1919,402.082766056,3
1920,402.122658968,3
1921,402.171427965,3
1922,402.223058939,1
1923,402.250786066,1
1924,402.294741154,1
1925,402.330645084,1
1926,402.362828016,1
1927,402.407966137,1
1928,402.439114094,1
1929,402.470993996,1
1930,402.524168015,1
1931,402.563920975,1
1932,402.619317055,1
1933,402.678946972,1
1934,402.75063014,1
1935,402.787455082,1
1936,402.819347143,1
1937,402.850794077,1
1938,402.89885211,1
1939,402.939492941,1
1940,402.978986979,1
1941,403.018954039,1
1942,403.050652981,1
1943,403.082886934,1
1944,403.118891954,1
1945,417.226739168,2
1946,417.259000063,2
1947,417.298980951,2
1948,417.338807106,2
1949,417.383605957,2
1950,417.418796062,2
1951,417.474508047,2
1952,417.506929159,2
1953,417.538972139,2
1954,417.590719938,2
1955,417.622601032,2
1956,417.662685156,2
1957,417.706712961,2
1958,417.755176067,2
1959,417.807001114,2
1960,417.854890108,2
1961,417.894906044,2
1962,417.931293011,2
1963,417.967021942,2
1964,418.008136988,2
1965,418.055070162,2
1966,418.095080137,2
1967,418.127614975,2
1968,418.162659168,2
1969,418.206761122,2
1970,418.239123106,2
1971,418.286879063,2
1972,418.335513115,2
1973,418.407241106,0
1974,418.430912971,0
1975,418.471348047,0
1976,418.515815973,0
1977,418.550868034,0
1978,418.591052055,0
1979,418.642739058,0
1980,418.707014084,0
1981,418.786811113,0
1982,418.823601007,0
1983,418.862983942,0
1984,418.910932064,0
1985,418.947302103,0
1986,418.978906155,0
1987,419.022968054,0
1988,419.063529015,0
1989,419.102931023,0
1990,419.151211023,0
1991,419.199030161,0
1992,419.239022017,0
1993,419.311203957,2
1994,419.335266113,2
1995,419.366881132,2
1996,419.411031008,2
1997,419.468419075,2
1998,419.510812998,2
1999,419.550881147,2
2000,419.607030153,2
