PacketSeqNo,ArrivalTime,MulticastIdx
1,14.8785378933,1
2,14.9237570763,1
3,14.9859390259,1
4,15.0357868671,1
5,15.0799179077,1
6,15.132297039,1
7,15.1678490639,1
8,15.2080049515,1
9,15.2566878796,1
10,15.3243880272,1
11,15.3601219654,1
12,15.3919289112,1
13,15.423979044,1
14,15.4617550373,1
15,15.5216219425,1
16,15.5720210075,1
17,15.6091990471,1
18,15.6519649029,1
19,15.6961939335,1
20,15.7300050259,1
21,15.7601540089,1
22,15.7962150574,1
23,15.8360600471,1
24,15.9111890793,1
25,15.9478740692,1
26,46.0373189449,2
27,46.0802228451,2
28,46.1323468685,2
29,46.1759200096,2
30,46.2200739384,2
31,46.2601590157,2
32,46.2919359207,2
33,46.3322989941,2
34,46.3757948875,2
35,46.407930851,2
36,46.4523029327,2
37,46.5039269924,2
38,46.5558080673,2
39,46.6082038879,2
40,46.648047924,2
41,46.6961200237,2
42,46.7360129356,2
43,46.7759728432,2
44,46.8079769611,2
45,46.8619499207,2
46,46.9124438763,2
47,46.9520778656,2
48,46.9920709133,0
49,47.0399589539,0
50,47.0889139175,0
51,47.1298968792,0
52,47.1759679317,0
53,47.2122528553,0
54,47.2574110031,0
55,47.3051688671,0
56,47.3480770588,0
57,47.3841440678,0
58,47.4238040447,0
59,47.4698288441,0
60,47.5279488564,0
61,47.5720579624,0
62,47.6242928505,0
63,47.6723940372,0
64,47.7205049992,0
65,47.7678639889,0
66,47.8120009899,0
67,47.8442409039,0
68,77.9162020683,3
69,77.9522788525,3
70,77.9917728901,3
71,78.040088892,3
72,78.0840730667,3
73,78.1160459518,3
74,78.147865057,3
75,78.2045609951,3
76,78.2522408962,3
77,78.3042709827,3
78,78.3560068607,3
79,78.3881919384,3
80,78.4318728447,3
81,78.4960179329,3
82,78.53982687,3
83,78.5721619129,3
84,78.6363229752,3
85,78.6922979355,3
86,78.7321238518,3
87,78.7801859379,3
88,78.8320538998,3
89,78.884264946,3
90,78.9160840511,3
91,78.97219491,1
92,79.0162830353,1
93,79.0807728767,1
94,79.1242148876,1
95,79.1681609154,1
96,79.2200369835,1
97,79.2640109062,1
98,79.3084218502,1
99,79.3447790146,1
100,79.4161689281,1
101,79.4599850178,1
102,79.5126259327,1
103,79.556221962,1
104,79.6040668488,1
105,79.6362328529,1
106,79.6886520386,1
107,79.7241868973,1
108,79.7653100491,1
109,79.8080408573,1
110,79.8440549374,1
111,79.8761899471,1
112,79.9199619293,1
113,79.9561290741,1
114,79.9882428646,1
115,80.0318539143,1
116,110.13597393,2
117,110.180152893,2
118,110.232239008,2
119,110.291797876,2
120,110.332342863,2
121,110.372416019,2
122,110.412391901,2
123,110.444118023,2
124,110.488139868,2
125,110.528279066,2
126,110.579977989,2
127,110.624198914,2
128,110.668076992,2
129,110.712640047,2
130,110.744072914,2
131,110.780099869,2
132,110.812030077,2
133,110.85196805,2
134,110.89603591,2
135,110.940268993,2
136,110.993373871,0
137,111.024237871,0
138,111.084518909,0
139,111.116116047,0
140,111.156172037,0
141,111.188040972,0
142,111.228338003,0
143,111.276226997,0
144,111.319979906,0
145,111.372110844,0
146,111.412025928,0
147,111.452342033,0
148,111.492959976,0
149,111.531987906,0
150,111.581043005,0
151,111.616034985,0
152,111.655870914,0
153,111.688026905,0
154,111.732147932,0
155,111.776139975,0
156,141.849225044,3
157,141.912199974,3
158,141.947973013,3
159,141.984518051,3
160,142.031921864,3
161,142.080251932,3
162,142.120311022,3
163,142.15597105,3
164,142.200478077,3
165,142.244194031,3
166,142.280194044,3
167,142.331945896,3
168,142.367905855,3
169,142.416723013,3
170,142.480041981,3
171,142.520485878,3
172,142.556149006,3
173,142.604389906,3
174,142.640148878,3
175,142.688348055,3
176,142.727933884,3
177,142.804219007,1
178,142.805752993,1
179,142.844218969,1
180,142.884161949,1
181,142.915921926,1
182,142.964838982,1
183,143.004188061,1
184,143.048012018,1
185,143.091981888,1
186,143.132089853,1
187,143.172132015,1
188,143.219933987,1
189,143.260541916,1
190,143.304084063,1
191,143.348680973,1
192,143.388252974,1
193,143.440237999,1
194,143.49216485,1
195,143.544185877,1
196,143.588381052,1
197,143.632494926,1
198,143.672157049,1
199,143.720716953,1
200,143.760375023,1
201,143.820195913,1
202,143.8613379,1
203,143.90022397,1
204,143.936229944,1
205,174.032475948,2
206,174.068140984,2
207,174.108001947,2
208,174.148067951,2
209,174.19758606,2
210,174.23210907,2
211,174.283249855,2
212,174.356241941,2
213,174.400249958,2
214,174.436147928,2
215,174.484241009,2
216,174.516162872,2
217,174.560312986,2
218,174.616050959,2
219,174.660153866,2
220,174.71292901,2
221,174.762266874,2
222,174.817692041,2
223,174.856064081,2
224,174.892042875,2
225,174.931830883,2
226,174.984058857,2
227,175.02836895,2
228,175.071848869,2
229,175.112376928,2
230,175.151825905,2
231,175.195925951,2
232,175.248050928,2
233,175.292343855,2
234,175.327924967,2
235,175.384301901,0
236,175.40408206,0
237,175.44405508,0
238,175.492496014,0
239,175.547940016,0
240,175.597625017,0
241,175.642068863,0
242,175.684071064,0
243,175.746021032,0
244,175.788481951,0
245,175.83406496,0
246,175.893429041,0
247,175.928529024,0
248,175.976202965,0
249,176.016169071,0
250,176.068389893,0
251,176.115875959,0
252,176.160456896,0
253,176.208243847,0
254,176.256072044,0
255,176.307896852,0
256,176.353008986,0
257,176.4085989,0
258,176.459918976,0
259,206.539718866,3
260,206.592407942,3
261,206.652642965,3
262,206.696352959,3
263,206.728080988,3
264,206.78807497,3
265,206.82840991,3
266,206.880213022,3
267,206.924300909,3
268,207.00030899,3
269,207.057966948,3
270,207.108249903,3
271,207.170434952,3
272,207.204340935,3
273,207.248208046,3
274,207.284240007,3
275,207.336143017,3
276,207.380398035,3
277,207.424141884,3
278,207.472164869,3
279,207.51590991,3
280,207.558383942,3
281,207.624012947,3
282,207.664999008,3
283,207.719966888,3
284,207.756949902,3
285,207.796220064,3
286,207.844261885,3
287,207.904031038,3
288,207.957015991,3
289,208.016227007,1
290,208.059934855,1
291,208.101197958,1
292,208.140089035,1
293,208.180171013,1
294,208.225178003,1
295,208.271918058,1
296,208.328280926,1
297,208.379839897,1
298,208.420351028,1
299,208.451714993,1
300,208.484004974,1
301,208.531058073,1
302,208.580141068,1
303,208.632535934,1
304,208.687962055,1
305,208.727943897,1
306,208.784118891,1
307,208.820448875,1
308,208.872772932,1
309,208.93602705,1
310,208.968137026,1
311,209.009150982,1
312,209.06420207,1
313,209.11618185,1
314,209.188184977,3
315,209.216809988,3
316,209.248767853,3
317,209.315213919,3
318,209.351981878,3
319,209.403955936,3
320,209.452173948,3
321,209.503957987,3
322,209.572154999,3
323,209.612710953,3
324,209.65972805,3
325,209.692576885,3
326,209.736065865,3
327,209.796249866,3
328,209.840065002,3
329,209.880337,3
330,209.919936895,3
331,209.951911926,3
332,209.996064901,3
333,210.040194035,3
334,210.080738068,3
335,210.112387896,3
336,210.176182032,3
337,210.223984003,3
338,210.268207073,3
339,210.308197021,3
340,210.360224962,3
341,210.4163239,1
342,210.448226929,1
343,210.480797052,1
344,210.520176888,1
345,210.567954063,1
346,210.610821962,1
347,210.672199011,1
348,210.715906858,1
349,210.760782003,1
350,210.827794075,1
351,210.874125957,1
352,210.920532942,1
353,210.980807066,1
354,211.020084858,1
355,211.064107895,1
356,211.112361908,1
357,211.156235933,1
358,211.205256939,1
359,211.260127068,1
360,211.300199032,1
361,211.348392963,1
362,211.392104864,1
363,211.445466042,1
364,211.504080057,1
365,241.59218502,2
366,241.623817921,2
367,241.676018953,2
368,241.712184906,2
369,241.756656885,2
370,241.792165041,2
371,241.832046986,2
372,241.890198946,2
373,241.935849905,2
374,242.008149862,2
375,242.05911994,2
376,242.10034585,2
377,242.14407897,2
378,242.215934992,2
379,242.276062965,2
380,242.316760063,2
381,242.357825041,2
382,242.387737036,2
383,242.425792933,2
384,242.474094868,2
385,242.532269955,2
386,242.564624071,2
387,242.596092939,2
388,242.644335032,2
389,242.688138962,2
390,242.724354029,2
391,242.792063951,2
392,242.836158991,2
393,242.868018866,2
394,242.919636965,2
395,242.972231865,0
396,243.025774002,0
397,243.071881056,0
398,243.116541862,0
399,243.160989046,0
400,243.200105906,0
401,243.236207008,0
402,243.29598999,0
403,243.340061903,0
404,243.392157078,0
405,243.435930014,0
406,243.497637987,0
407,243.537051916,0
408,243.585501909,0
409,243.625735998,0
410,243.671903849,0
411,243.70795989,0
412,243.748193026,0
413,243.803943872,0
414,243.848156929,0
415,243.889435053,0
416,243.944028854,0
417,243.99631691,0
418,244.050621986,0
419,244.096060038,0
420,244.144181013,0
421,244.196353912,2
422,244.248185873,2
423,244.284070015,2
424,244.340139866,2
425,244.38003397,2
426,244.424376965,2
427,244.480356932,2
428,244.528501987,2
429,244.564312935,2
430,244.621345043,2
431,244.676411867,2
432,244.724020958,2
433,244.772012949,2
434,244.820150852,2
435,244.872644901,2
436,244.907765865,2
437,244.977905989,2
438,245.023972988,2
439,245.072401047,2
440,245.116370916,2
441,245.156015873,2
442,245.200108051,2
443,245.268141031,0
444,245.320750952,0
445,245.36438489,0
446,245.404258966,0
447,245.468847036,0
448,245.500257015,0
449,245.552027941,0
450,245.604110956,0
451,245.655710936,0
452,245.704010963,0
453,245.748565912,0
454,245.792142868,0
455,245.828214884,0
456,245.88874507,0
457,245.940305948,0
458,245.980659008,0
459,246.012075901,0
460,246.04806304,0
461,246.088248968,0
462,246.156805038,0
463,246.203928947,0
464,246.248216867,0
465,246.300279856,0
466,246.356186867,0
467,246.416045904,0
468,246.455806017,0
469,246.496268034,0
470,246.54063201,0
471,246.580505848,0
472,276.687345982,3
473,276.724459887,3
474,276.780122042,3
475,276.824311018,3
476,276.864213943,3
477,276.928148031,3
478,276.98435092,3
479,277.024096012,3
480,277.05614686,3
481,277.088058949,3
482,277.128419876,3
483,277.160348892,3
484,277.220231056,3
485,277.274657965,3
486,277.30409503,3
487,277.348206043,3
488,277.39219594,3
489,277.432185888,3
490,277.472116947,3
491,277.524968863,3
492,277.568274021,3
493,277.60025692,3
494,277.648019075,3
495,277.688122034,3
496,277.736023903,3
497,277.768008947,3
498,277.799957991,3
499,277.85612607,1
500,277.896890879,1
501,277.948941946,1
502,278.011829853,1
503,278.072789907,1
504,278.111983061,1
505,278.18017292,1
506,278.220882893,1
507,278.276190042,1
508,278.327900887,1
509,278.377481937,1
510,278.408098936,1
511,278.440010071,1
512,278.496171951,1
513,278.556055069,1
514,278.59601593,1
515,278.636036873,1
516,278.68808198,1
517,278.744206905,1
518,278.79668808,1
519,278.848295927,1
520,278.888131857,1
521,278.928156853,1
522,278.960119963,1
523,278.993515968,1
524,279.035832882,1
525,279.080108881,1
526,309.180186987,2
527,309.220291853,2
528,309.268144846,2
529,309.299962997,2
530,309.340255976,2
531,309.384589911,2
532,309.424025059,2
533,309.476687908,2
534,309.520083904,2
535,309.560006857,2
536,309.598839998,2
537,309.636115074,2
538,309.684113979,2
539,309.723963976,2
540,309.764631033,2
541,309.804008007,2
542,309.836551905,2
543,309.871935844,2
544,309.907980919,2
545,309.959941864,2
546,310.003998041,2
547,310.048304081,2
548,310.09997797,2
549,310.140105009,2
550,310.176100969,2
551,310.208440065,2
552,310.248188972,2
553,310.308999062,2
554,310.376060963,0
555,310.435967922,0
556,310.49198699,0
557,310.543870926,0
558,310.607817888,0
559,310.668154001,0
560,310.7207129,0
561,310.760010004,0
562,310.799764872,0
563,310.844296932,0
564,310.880118847,0
565,310.924190044,0
566,310.971850872,0
567,311.023969889,0
568,311.068333864,0
569,311.112290859,0
570,311.148442984,0
571,311.191987991,0
572,311.256350994,0
573,311.3039639,0
574,311.344287872,0
575,311.392448902,0
576,341.476016045,3
577,341.539980888,3
578,341.580339909,3
579,341.624223948,3
580,341.681525946,3
581,341.71212697,3
582,341.775377035,3
583,341.816236019,3
584,341.867950916,3
585,341.912494898,3
586,341.944031954,3
587,341.988070965,3
588,342.028312922,3
589,342.072023869,3
590,342.127902985,3
591,342.189131975,3
592,342.236021996,3
593,342.284838915,3
594,342.327893019,3
595,342.396102905,3
596,342.440110922,3
597,342.496253014,1
598,342.520038843,1
599,342.552335024,1
600,342.584696054,1
601,342.619854927,1
602,342.664762974,1
603,342.707901001,1
604,342.764042854,1
605,342.808081865,1
606,342.859067917,1
607,342.888073921,1
608,342.936044931,1
609,342.976872921,1
610,343.023889065,1
611,343.07198,1
612,343.112071991,1
613,343.143933058,1
614,343.191982985,1
615,343.244108915,1
616,343.284267902,1
617,343.321542025,1
618,343.360488892,1
619,343.400173903,1
620,343.444129944,1
621,373.512053013,2
622,373.532209873,2
623,373.572527885,2
624,373.620208979,2
625,373.660508871,2
626,373.716146946,2
627,373.756155968,2
628,373.787791014,2
629,373.840025902,2
630,373.88913393,2
631,373.920116901,2
632,373.972476959,2
633,374.003867865,2
634,374.052155018,2
635,374.108074903,2
636,374.151893854,2
637,374.204552889,2
638,374.248481035,2
639,374.292775869,2
640,374.348219872,2
641,374.39656806,2
642,374.436490059,2
643,374.500429869,0
644,374.532017946,0
645,374.591719866,0
646,374.643930912,0
647,374.720854998,0
648,374.76786685,0
649,374.808250904,0
650,374.861003876,0
651,374.908200979,0
652,374.952203989,0
653,374.992267847,0
654,375.02817297,0
655,375.072354078,0
656,375.116189003,0
657,375.15987587,0
658,375.200217962,0
659,375.232728004,0
660,375.276355028,0
661,375.327933073,0
662,375.380158901,0
663,405.456246853,3
664,405.496217012,3
665,405.551980972,3
666,405.592098951,3
667,405.624626875,3
668,405.656059027,3
669,405.728080988,3
670,405.792166948,3
671,405.840201855,3
672,405.880167961,3
673,405.956167936,3
674,405.991972923,3
675,406.052393913,3
676,406.088459015,3
677,406.132143021,3
678,406.192276001,3
679,406.228363991,3
680,406.264193058,3
681,406.308102846,3
682,406.35618186,3
683,406.408221006,1
684,406.427998066,1
685,406.468639851,1
686,406.516207933,1
687,406.552269936,1
688,406.604218006,1
689,406.647914886,1
690,406.708055973,1
691,406.748189926,1
692,406.780071974,1
693,406.812160969,1
694,406.864470005,1
695,406.901473999,1
696,406.955976009,1
697,406.99229002,1
698,407.040035963,1
699,407.07200098,1
700,407.117240906,1
701,407.163996935,1
702,407.204123974,1
703,407.248345852,1
704,407.301523924,1
705,407.338224888,1
706,407.388203859,1
707,437.480071068,2
708,437.520607948,2
709,437.568192005,2
710,437.609063864,2
711,437.660058022,2
712,437.707850933,2
713,437.7450459,2
714,437.791992903,2
715,437.835939884,2
716,437.880168915,2
717,437.912598848,2
718,437.944057941,2
719,437.983990908,2
720,438.016363859,2
721,438.060162067,2
722,438.124305964,2
723,438.164022923,2
724,438.215797901,2
725,438.26394701,2
726,438.300281048,2
727,438.344182014,2
728,438.387127876,2
729,438.436408997,2
730,438.472308874,2
731,438.520123005,2
732,438.56822896,2
733,438.600218058,2
734,438.644016027,2
735,438.705348969,0
736,438.740191936,0
737,438.788178921,0
738,438.840156078,0
739,438.876137972,0
740,438.924157858,0
741,438.972024918,0
742,439.0041399,0
743,439.059983015,0
744,439.132678032,0
745,439.192121029,0
746,439.240170002,0
747,439.296083927,0
748,439.344020844,0
749,439.375892878,0
750,439.411999941,0
751,439.4519279,0
752,439.484179974,0
753,439.516578913,0
754,439.54814291,0
755,469.628216982,3
756,469.675854921,3
757,469.709217072,3
758,469.75612998,3
759,469.796629906,3
760,469.847905874,3
761,469.896223068,3
762,469.936132908,3
763,469.976305962,3
764,470.027942896,3
765,470.063888073,3
766,470.104080915,3
767,470.152039051,3
768,470.196919918,3
769,470.244061947,3
770,470.296169996,3
771,470.360056877,3
772,470.408344984,3
773,470.46022296,3
774,470.500118017,3
775,470.548116922,3
776,470.592283964,3
777,470.644844055,3
778,470.68974185,3
779,470.748178959,3
780,470.800307989,3
781,470.843693018,3
782,470.876288891,3
783,470.936162949,3
784,470.980359077,3
785,471.02420187,1
786,471.056797028,1
787,471.092011929,1
788,471.132183075,1
789,471.180084944,1
790,471.212849855,1
791,471.248352051,1
792,471.280149937,1
793,471.316206932,1
794,471.348147869,1
795,471.380467892,1
796,471.432095051,1
797,471.480076075,1
798,471.529231071,1
799,471.584050894,1
800,471.635953903,1
801,471.676069021,1
802,471.728097916,1
803,471.781446934,1
804,471.840447903,1
805,471.888139963,1
806,471.937416077,1
807,471.984214067,3
808,472.032085896,3
809,472.085144997,3
810,472.117141962,3
811,472.160073042,3
812,472.208138943,3
813,472.256551027,3
814,472.300452948,3
815,472.340126038,3
816,472.379867077,3
817,472.421133041,3
818,472.468147993,3
819,472.508229017,3
820,472.563835859,3
821,472.596293926,3
822,472.668741941,3
823,472.712415934,3
824,472.764180899,3
825,472.820134878,3
826,472.860297918,3
827,472.900526047,1
828,472.940026999,1
829,472.984274864,1
830,473.024390936,1
831,473.072929859,1
832,473.112056971,1
833,473.160357952,1
834,473.203652859,1
835,473.24414587,1
836,473.300309896,1
837,473.343999863,1
838,473.38537097,1
839,473.448073864,1
840,473.500273943,1
841,473.569032907,1
842,473.615884066,1
843,473.663977861,1
844,473.713571072,1
845,473.752012014,1
846,473.791672945,1
847,473.840386868,3
848,473.872060061,3
849,473.904412985,3
850,473.960078001,3
851,473.99999404,3
852,474.040184975,3
853,474.104264021,3
854,474.16820693,3
855,474.208082914,3
856,474.244140863,3
857,474.284031868,3
858,474.324425936,3
859,474.368278027,3
860,474.41215086,3
861,474.468096972,3
862,474.51640892,3
863,474.564000845,3
864,474.620687962,3
865,474.656167984,3
866,474.688231945,3
867,474.736321926,3
868,474.774129868,3
869,474.836174965,3
870,474.880176067,3
871,474.911876917,3
872,474.944126844,3
873,474.996496916,1
874,475.024149895,1
875,475.055999041,1
876,475.092993975,1
877,475.13596487,1
878,475.168140888,1
879,475.232275009,1
880,475.272171974,1
881,475.308932066,1
882,475.356014013,1
883,475.41602993,1
884,475.472215891,1
885,475.512839079,1
886,475.552053928,1
887,475.58404398,1
888,475.620022058,1
889,475.65207386,1
890,475.692035913,1
891,475.736176014,1
892,475.77580595,1
893,475.815770864,1
894,475.892374039,3
895,475.912244081,3
896,475.952101946,3
897,475.992126942,3
898,476.023733854,3
899,476.060154915,3
900,476.100229025,3
901,476.135984898,3
902,476.179758072,3
903,476.220327854,3
904,476.265235901,3
905,476.295939922,3
906,476.327889919,3
907,476.372498035,3
908,476.412155867,3
909,476.464158058,3
910,476.508080959,3
911,476.555223942,3
912,476.584751844,3
913,476.627971888,3
914,476.66809392,3
915,476.730511904,3
916,476.788022995,3
917,476.827919006,3
918,476.875756025,3
919,476.911923885,3
920,476.979935884,3
921,477.019825935,3
922,477.047894001,3
923,477.092082977,3
924,477.152323008,1
925,477.184077024,1
926,477.224052906,1
927,477.264270067,1
928,477.308691025,1
929,477.392597914,1
930,477.452087879,1
931,477.488136053,1
932,477.545168877,1
933,477.588275909,1
934,477.628107071,1
935,477.664044857,1
936,477.71971488,1
937,477.773156881,1
938,477.824038982,1
939,477.888356924,1
940,477.920214891,1
941,477.959935904,1
942,478.000098944,1
943,478.043972969,1
944,478.103931904,1
945,478.140295029,1
946,478.172070026,1
947,478.228165865,1
948,478.264364004,1
949,478.29617095,1
950,478.353700876,1
951,478.40389204,1
952,478.472100019,3
953,478.503859043,3
954,478.54783988,3
955,478.595890999,3
956,478.632006884,3
957,478.680616856,3
958,478.727675915,3
959,478.768315077,3
960,478.808119059,3
961,478.868057013,3
962,478.912046909,3
963,478.951883078,3
964,478.984092951,3
965,479.024144888,3
966,479.069014072,3
967,479.108095884,3
968,479.162674904,3
969,479.200247049,3
970,479.248129845,3
971,479.284013033,3
972,479.323749065,3
973,479.364385843,3
974,479.408233881,3
975,479.46466589,3
976,479.51206708,3
977,479.564140081,1
978,479.623889923,1
979,479.660250902,1
980,479.692193985,1
981,479.740191936,1
982,479.796243906,1
983,479.860146046,1
984,479.914403915,1
985,479.976124048,1
986,480.00809598,1
987,480.053039074,1
988,480.084037066,1
989,480.116232872,1
990,480.16012001,1
991,480.213801861,1
992,480.264240026,1
993,480.308877945,1
994,480.359827995,1
995,480.400755882,1
996,480.447864056,1
997,480.483981848,1
998,480.534029007,1
999,480.571583986,1
1000,480.61271596,1
1001,480.660727978,1
1002,480.724539042,3
1003,480.779808044,3
1004,480.836165905,3
1005,480.879797935,3
1006,480.920095921,3
1007,480.955864906,3
1008,480.995913982,3
1009,481.04796195,3
1010,481.088178873,3
1011,481.144760847,3
1012,481.191851854,3
1013,481.243890047,3
1014,481.296230078,3
1015,481.335978985,3
1016,481.380187035,3
1017,481.436208963,3
1018,481.476026058,3
1019,481.507827044,3
1020,481.568676949,3
1021,481.612304926,3
1022,481.660264015,3
1023,481.704228878,3
1024,481.747854948,3
1025,481.792104006,3
1026,481.844084024,3
1027,481.91230607,1
1028,481.916171074,1
1029,481.964217901,1
1030,482.009932995,1
1031,482.068248034,1
1032,482.111980915,1
1033,482.145662069,1
1034,482.204139948,1
1035,482.24158287,1
1036,482.283943892,1
1037,482.316159964,1
1038,482.36442399,1
1039,482.404356003,1
1040,482.492050886,1
1041,482.532034874,1
1042,482.575897932,1
1043,482.628114939,1
1044,482.684092045,1
1045,482.732042074,1
1046,482.784129858,1
1047,482.832859039,1
1048,482.904365063,3
1049,482.924047947,3
1050,482.964189053,3
1051,483.004095078,3
1052,483.036263943,3
1053,483.084177971,3
1054,483.148043871,3
1055,483.188252926,3
1056,483.233532906,3
1057,483.280217886,3
1058,483.311959028,3
1059,483.349807024,3
1060,483.40176487,3
1061,483.439354897,3
1062,483.501213074,3
1063,483.540276051,3
1064,483.583606005,3
1065,483.632463932,3
1066,483.68017292,3
1067,483.712164879,3
1068,483.76829505,3
1069,483.817667961,3
1070,483.876345873,1
1071,483.912127972,1
1072,483.952046871,1
1073,484.000119925,1
1074,484.052509069,1
1075,484.100489855,1
1076,484.140145063,1
1077,484.17205596,1
1078,484.211879015,1
1079,484.28805685,1
1080,484.324094057,1
1081,484.372075081,1
1082,484.404343843,1
1083,484.467452049,1
1084,484.51222086,1
1085,484.543977022,1
1086,484.584019899,1
1087,484.62447691,1
1088,484.656156063,1
1089,484.704133987,1
1090,484.760068893,1
1091,484.808238983,1
1092,484.848764896,1
1093,484.896844864,1
1094,484.956215858,1
1095,485.016022921,1
1096,485.059907913,1
1097,485.101347923,1
1098,485.132210016,1
1099,485.184264898,1
1100,515.285642862,2
1101,515.326588869,2
1102,515.373420954,2
1103,515.441315889,2
1104,515.485313892,2
1105,515.525347948,2
1106,515.573284864,2
1107,515.613288879,2
1108,515.669353962,2
1109,515.717499018,2
1110,515.762037039,2
1111,515.801445961,2
1112,515.859717846,2
1113,515.903768063,2
1114,515.951773882,2
1115,516.003825903,2
1116,516.052092075,2
1117,516.092295885,2
1118,516.140231848,2
1119,516.172714949,2
1120,516.204021931,2
1121,516.260026932,2
1122,516.323902845,2
1123,516.360133886,2
1124,516.396097898,2
1125,516.43609786,2
1126,516.508374929,0
1127,516.523926973,0
1128,516.56448698,0
1129,516.603882074,0
1130,516.652406931,0
1131,516.699976921,0
1132,516.755939007,0
1133,516.788115978,0
1134,516.856349945,0
1135,516.90425992,0
1136,516.940301895,0
1137,516.992671967,0
1138,517.03619504,0
1139,517.075958014,0
1140,517.112123966,0
1141,517.152090073,0
1142,517.188196898,0
1143,517.232198954,0
1144,517.288214922,0
1145,517.33234787,0
1146,517.37261796,0
1147,517.416287899,0
1148,517.449146986,0
1149,517.512295008,2
1150,517.544184923,2
1151,517.580236912,2
1152,517.620117903,2
1153,517.659987926,2
1154,517.712044954,2
1155,517.764698029,2
1156,517.804146051,2
1157,517.840272903,2
1158,517.888114929,2
1159,517.932241917,2
1160,517.96427393,2
1161,518.000025034,2
1162,518.050009966,2
1163,518.083925009,2
1164,518.128294945,2
1165,518.16812706,2
1166,518.224161863,2
1167,518.271981955,2
1168,518.311784983,2
1169,518.352169037,2
1170,518.388156891,2
1171,518.444180965,2
1172,518.484699011,2
1173,518.536618948,0
1174,518.584099054,0
1175,518.620158911,0
1176,518.664010048,0
1177,518.70392704,0
1178,518.753362894,0
1179,518.80812788,0
1180,518.847912073,0
1181,518.887917995,0
1182,518.940685987,0
1183,518.976036072,0
1184,519.008138895,0
1185,519.052079916,0
1186,519.087977886,0
1187,519.120065928,0
1188,519.163817883,0
1189,519.207828045,0
1190,519.252907038,0
1191,519.284301996,0
1192,519.336068869,0
1193,519.384176016,0
1194,519.424017906,0
1195,519.47199297,0
1196,519.51357007,0
1197,519.572129965,0
1198,519.633260012,2
1199,519.663967848,2
1200,519.712481976,2
1201,519.760192871,2
1202,519.792150021,2
1203,519.828216076,2
1204,519.871983051,2
1205,519.920314074,2
1206,519.964210987,2
1207,520.000163078,2
1208,520.032294989,2
1209,520.084465981,2
1210,520.124266863,2
1211,520.16012907,2
1212,520.208498955,2
1213,520.248106003,2
1214,520.303936005,2
1215,520.351996899,2
1216,520.392390013,2
1217,520.435992002,2
1218,520.500223875,2
1219,520.539923906,2
1220,520.580849886,2
1221,520.636991978,2
1222,520.697646856,2
1223,520.748308897,2
1224,520.811845064,2
1225,520.851732016,2
1226,520.915796041,0
1227,520.960357904,0
1228,521.000094891,0
1229,521.044188023,0
1230,521.09573698,0
1231,521.128129005,0
1232,521.164165974,0
1233,521.220197916,0
1234,521.255840063,0
1235,521.291749001,0
1236,521.328414917,0
1237,521.360336065,0
1238,521.428024054,0
1239,521.475906849,0
1240,521.524116039,0
1241,521.580056906,0
1242,521.626883984,0
1243,521.676224947,0
1244,521.721771955,0
1245,521.760552883,0
1246,521.79229188,0
1247,521.840293884,0
1248,521.880008936,0
1249,521.912006855,0
1250,521.95216608,0
1251,521.983981848,0
1252,522.020181894,0
1253,522.084478855,2
1254,522.124533892,2
1255,522.176362991,2
1256,522.216295958,2
1257,522.24908185,2
1258,522.280148029,2
1259,522.324217081,2
1260,522.356214046,2
1261,522.419965029,2
1262,522.466140985,2
1263,522.522395849,2
1264,522.560046911,2
1265,522.600118876,2
1266,522.648079872,2
1267,522.701081038,2
1268,522.76046896,2
1269,522.808089972,2
1270,522.84820199,2
1271,522.888257027,2
1272,522.94068408,2
1273,522.980175972,2
1274,523.024441004,2
1275,523.072478056,2
1276,523.152375937,2
1277,523.196291924,2
1278,523.248308897,0
1279,523.28438592,0
1280,523.337226868,0
1281,523.376852989,0
1282,523.432239056,0
1283,523.473074913,0
1284,523.512807846,0
1285,523.572072983,0
1286,523.608068943,0
1287,523.640496969,0
1288,523.675946951,0
1289,523.75209403,0
1290,523.789373875,0
1291,523.828130007,0
1292,523.872218847,0
1293,523.920238972,0
1294,523.968419075,0
1295,524.008113861,0
1296,524.060175896,0
1297,524.104291916,0
1298,524.136112928,0
1299,524.184406996,0
1300,524.228750944,0
1301,524.261107922,0
1302,524.316185951,0
1303,524.356046915,0
1304,524.408968925,0
1305,524.452296019,0
1306,524.516923904,0
1307,524.576320887,2
1308,524.627548933,2
1309,524.664105892,2
1310,524.700934887,2
1311,524.746528864,2
1312,524.820374012,2
1313,524.872204065,2
1314,524.916182995,2
1315,524.952105999,2
1316,524.996341944,2
1317,525.048696041,2
1318,525.104212999,2
1319,525.14429903,2
1320,525.188068867,2
1321,525.228266001,2
1322,525.280452013,2
1323,525.340148926,2
1324,525.388361931,2
1325,525.443896055,2
1326,525.508417845,2
1327,525.563940048,2
1328,525.624083042,2
1329,525.684252024,2
1330,525.760069847,2
1331,525.835983992,2
1332,525.87646699,2
1333,525.940104961,2
1334,525.984184027,2
1335,526.040292978,0
1336,526.100960016,0
1337,526.156105995,0
1338,526.199954987,0
1339,526.252213001,0
1340,526.308410883,0
1341,526.344336987,0
1342,526.392200947,0
1343,526.432090044,0
1344,526.472562075,0
1345,526.512238026,0
1346,526.556257963,0
1347,526.604177952,0
1348,526.66050005,0
1349,526.699928045,0
1350,526.757713079,0
1351,526.814533949,0
1352,526.852046013,0
1353,526.896398067,0
1354,526.944056988,0
1355,526.984195948,0
1356,527.023829937,0
1357,527.068029881,0
1358,527.124237061,0
1359,527.164172888,0
1360,527.220299006,2
1361,527.260232925,2
1362,527.30428195,2
1363,527.344403028,2
1364,527.376046896,2
1365,527.40782094,2
1366,527.444798946,2
1367,527.48376894,2
1368,527.528316021,2
1369,527.576174974,2
1370,527.616116047,2
1371,527.648987055,2
1372,527.70419693,2
1373,527.755960941,2
1374,527.811867952,2
1375,527.852071047,2
1376,527.891668081,2
1377,527.935814857,2
1378,527.967798948,2
1379,528.015995979,2
1380,528.068500996,2
1381,528.115927935,2
1382,528.184184074,2
1383,528.216029882,2
1384,528.255935907,2
1385,528.30428195,2
1386,528.368237019,2
1387,528.400009871,2
1388,528.455884933,2
1389,528.492661953,2
1390,528.552228928,0
1391,528.596189022,0
1392,528.632063866,0
1393,528.676158905,0
1394,528.716569901,0
1395,528.76915288,0
1396,528.807829857,0
1397,528.848057985,0
1398,528.888728857,0
1399,528.963922024,0
1400,529.008138895,0
1401,529.052212,0
1402,529.09314394,0
1403,529.165607929,0
1404,529.200085878,0
1405,529.236140966,0
1406,529.276187897,0
1407,529.328518867,0
1408,529.368006945,0
1409,529.404216051,0
1410,529.448067904,0
1411,529.488019943,0
1412,529.544617891,0
1413,529.584004879,0
1414,529.648110867,0
1415,529.696843863,0
1416,559.804527998,3
1417,559.879987001,3
1418,559.920238018,3
1419,559.96825099,3
1420,560.016185045,3
1421,560.068201065,3
1422,560.115947008,3
1423,560.180238962,3
1424,560.228321075,3
1425,560.272372007,3
1426,560.319805861,3
1427,560.359781027,3
1428,560.404394865,3
1429,560.460160017,3
1430,560.50010705,3
1431,560.552207947,3
1432,560.588186979,3
1433,560.628104925,3
1434,560.669380903,3
1435,560.70806098,3
1436,560.776673079,3
1437,560.824908018,3
1438,560.860813856,3
1439,560.892869949,3
1440,560.944459915,3
1441,560.996845961,3
1442,561.056309938,1
1443,561.06064105,1
1444,561.100117922,1
1445,561.168438911,1
1446,561.212187052,1
1447,561.260324955,1
1448,561.300307989,1
1449,561.340138912,1
1450,561.384312868,1
1451,561.432971954,1
1452,561.484706879,1
1453,561.5245049,1
1454,561.556108952,1
1455,561.600126028,1
1456,561.63229394,1
1457,561.677353859,1
1458,561.716609001,1
1459,561.75968194,1
1460,561.80014205,1
1461,561.85232091,1
1462,561.891936064,1
1463,561.932024002,1
1464,561.967861891,1
1465,562.015861988,1
1466,562.060320854,1
1467,562.108356953,1
1468,562.164090872,1
1469,562.208217859,1
1470,562.248486996,1
1471,562.304230928,3
1472,562.356135845,3
1473,562.399981976,3
1474,562.448122025,3
1475,562.492117882,3
1476,562.548081875,3
1477,562.592242956,3
1478,562.632670879,3
1479,562.672518015,3
1480,562.704335928,3
1481,562.740159988,3
1482,562.77984786,3
1483,562.823920965,3
1484,562.861598015,3
1485,562.899989843,3
1486,562.940407991,3
1487,562.980007887,3
1488,563.029219866,3
1489,563.064004898,3
1490,563.124474049,3
1491,563.176110029,3
1492,563.21725297,3
1493,563.263994932,3
1494,563.308256865,3
1495,563.368025064,3
1496,563.416176081,3
1497,563.452620029,3
1498,563.491896868,3
1499,563.544236898,3
1500,563.583796978,3
1501,563.632271051,1
1502,563.656116009,1
1503,563.704343081,1
1504,563.744029999,1
1505,563.792052984,1
1506,563.840363026,1
1507,563.875907898,1
1508,563.924108982,1
1509,563.971818924,1
1510,564.004096985,1
1511,564.052175045,1
1512,564.088129044,1
1513,564.135849953,1
1514,564.191801071,1
1515,564.258046865,1
1516,564.291842937,1
1517,564.343965054,1
1518,564.387168884,1
1519,564.416163921,1
1520,564.476119995,1
1521,564.511955023,1
1522,564.564409018,3
1523,564.596109867,3
1524,564.640565872,3
1525,564.672102928,3
1526,564.720361948,3
1527,564.772026062,3
1528,564.804203033,3
1529,564.852331877,3
1530,564.904217005,3
1531,564.936269045,3
1532,564.973396063,3
1533,565.012400866,3
1534,565.052690029,3
1535,565.104162931,3
1536,565.139950037,3
1537,565.196142912,3
1538,565.236260891,3
1539,565.280184031,3
1540,565.320178032,3
1541,565.384248972,3
1542,565.436867952,3
1543,565.484133005,3
1544,565.545343876,1
1545,565.576014042,1
1546,565.620255947,1
1547,565.66028595,1
1548,565.700231075,1
1549,565.736185074,1
1550,565.784307003,1
1551,565.840595961,1
1552,565.87568903,1
1553,565.920001984,1
1554,565.951801062,1
1555,565.991729975,1
1556,566.035722017,1
1557,566.092089891,1
1558,566.131808043,1
1559,566.175971985,1
1560,566.218903065,1
1561,566.268064976,1
1562,566.308042049,1
1563,566.340117931,1
1564,566.375818014,1
1565,566.416215897,1
1566,566.464814901,1
1567,566.51214385,1
1568,566.568054914,1
1569,566.608671904,1
1570,566.648082018,1
1571,566.69469285,1
1572,566.740911007,1
1573,566.80801487,1
1574,596.88797307,2
1575,596.936172962,2
1576,596.988970995,2
1577,597.032302856,2
1578,597.072289944,2
1579,597.105057001,2
1580,597.136313915,2
1581,597.184247971,2
1582,597.232671022,2
1583,597.272119045,2
1584,597.312376022,2
1585,597.35629487,2
1586,597.400264978,2
1587,597.436159849,2
1588,597.472295046,2
1589,597.540158987,2
1590,597.60027194,2
1591,597.64831686,2
1592,597.688212872,2
1593,597.724370956,2
1594,597.787750959,2
1595,597.844228029,2
1596,597.904111862,2
1597,597.948174953,2
1598,597.988167048,2
1599,598.032237053,2
1600,598.072955847,2
1601,598.104008913,2
1602,598.188595057,0
1603,598.20005703,0
1604,598.236125946,0
1605,598.268147945,0
1606,598.308062077,0
1607,598.340005875,0
1608,598.38812685,0
1609,598.452323914,0
1610,598.492606878,0
1611,598.555961847,0
1612,598.619931936,0
1613,598.668390036,0
1614,598.710608959,0
1615,598.752390862,0
1616,598.808080912,0
1617,598.860009909,0
1618,598.900861025,0
1619,598.956012964,0
1620,599.004144907,0
1621,599.052103996,0
1622,599.091922045,0
1623,599.131989002,0
1624,599.172204018,0
1625,599.228168964,0
1626,599.263902903,0
1627,599.31614089,2
1628,599.352087021,2
1629,599.38853097,2
1630,599.428164005,2
1631,599.476620913,2
1632,599.520271063,2
1633,599.559929848,2
1634,599.599969864,2
1635,599.640140057,2
1636,599.688626051,2
1637,599.727975845,2
1638,599.78471899,2
1639,599.833404064,2
1640,599.867704868,2
1641,599.923918009,2
1642,599.964911938,2
1643,600.008061886,2
1644,600.0559659,2
1645,600.093468904,2
1646,600.152057886,2
1647,600.192219973,2
1648,600.231858969,2
1649,600.263834953,2
1650,600.30832386,2
1651,600.340108871,2
1652,600.387987852,2
1653,600.43609786,2
1654,600.48553896,2
1655,600.556220055,2
1656,600.60820508,0
1657,600.628015995,0
1658,600.672307968,0
1659,600.724276066,0
1660,600.787728071,0
1661,600.836313963,0
1662,600.86816597,0
1663,600.905359983,0
1664,600.952059984,0
1665,600.996073961,0
1666,601.059697866,0
1667,601.104058027,0
1668,601.135988951,0
1669,601.167878866,0
1670,601.204046011,0
1671,601.243975878,0
1672,601.288570881,0
1673,601.3397789,0
1674,601.388301849,0
1675,601.428196907,0
1676,601.46005702,0
1677,601.508220911,0
1678,601.567864895,0
1679,601.623517036,0
1680,601.660145998,0
1681,601.700563908,0
1682,601.736295938,0
1683,601.772930861,0
1684,631.859906912,3
1685,631.912178993,3
1686,631.956270933,3
1687,631.992187977,3
1688,632.036682844,3
1689,632.078320026,3
1690,632.15869689,3
1691,632.238003969,3
1692,632.314099073,3
1693,632.374168873,3
1694,632.426045895,3
1695,632.469877958,3
1696,632.54175806,3
1697,632.61400485,3
1698,632.685930014,3
1699,632.736289978,3
1700,632.788053036,3
1701,632.848528862,3
1702,632.891064882,3
1703,632.94796896,3
1704,633.009850025,3
1705,633.065629005,3
1706,633.137925863,3
1707,633.217948914,1
1708,633.294800043,1
1709,633.35371995,1
1710,633.435891867,1
1711,633.477077961,1
1712,633.52016592,1
1713,633.564044952,1
1714,633.60430789,1
1715,633.648048878,1
1716,634.003731966,1
1717,634.00514698,1
1718,634.006504059,1
1719,634.007813931,1
1720,634.009141922,1
1721,634.010483027,1
1722,634.011788845,1
1723,634.013088942,1
1724,634.073058844,1
1725,634.116150856,1
1726,634.148478985,1
1727,634.188052893,1
1728,664.308080912,2
1729,664.34454298,2
1730,664.39647603,2
1731,664.460932016,2
1732,664.492233038,2
1733,664.532268047,2
1734,664.584404945,2
1735,664.624177933,2
1736,664.664128065,2
1737,664.71222806,2
1738,664.776318073,2
1739,664.83614707,2
1740,664.8805089,2
1741,664.916081905,2
1742,664.972110987,2
1743,665.012158871,2
1744,665.052953005,2
1745,665.088274956,2
1746,665.123967886,2
1747,665.171896935,2
1748,665.212095976,2
1749,665.244405985,2
1750,665.288123846,2
1751,665.327940941,2
1752,665.368252993,2
1753,665.400012016,2
1754,665.448199987,2
1755,665.492269039,2
1756,665.53224206,2
1757,665.580113888,0
1758,665.616622925,0
1759,665.647944927,0
1760,665.688199997,0
1761,665.74812007,0
1762,665.787976027,0
1763,665.836192846,0
1764,665.877619982,0
1765,665.91595602,0
1766,665.952009916,0
1767,666.004416943,0
1768,666.044087887,0
1769,666.075993061,0
1770,666.116065025,0
1771,666.157294989,0
1772,666.196310997,0
1773,666.22811389,0
1774,666.284039021,0
1775,666.328147888,0
1776,666.368629932,0
1777,696.472254038,3
1778,696.515817881,3
1779,696.568084955,3
1780,696.62015605,3
1781,696.668882847,3
1782,696.707781076,3
1783,696.763774872,3
1784,696.807991028,3
1785,696.872377872,3
1786,696.916383028,3
1787,696.976163864,3
1788,697.023797989,3
1789,697.061109066,3
1790,697.112300873,3
1791,697.144033909,3
1792,697.184525013,3
1793,697.224195004,3
1794,697.259857893,3
1795,697.292581081,3
1796,697.332248926,3
1797,697.400080919,1
1798,697.439831972,1
1799,697.504052877,1
1800,697.555896997,1
1801,697.596204996,1
1802,697.641748905,1
1803,697.680024862,1
1804,697.732466936,1
1805,697.776401043,1
1806,697.833075047,1
1807,697.89606905,1
1808,697.928173065,1
1809,697.988033056,1
1810,698.03192091,1
1811,698.087709904,1
1812,698.148166895,1
1813,698.224412918,1
1814,698.275887012,1
1815,698.319831848,1
1816,698.372601986,1
1817,698.427764893,1
1818,698.495840073,1
1819,698.559742928,1
1820,698.611809969,1
1821,698.679887056,1
1822,698.736366034,1
1823,698.80389595,1
1824,698.856345892,1
1825,698.908004999,1
1826,729.016180992,2
1827,729.056061029,2
1828,729.104045868,2
1829,729.144439936,2
1830,729.180146933,2
1831,729.232466936,2
1832,729.272083044,2
1833,729.312237978,2
1834,729.367734909,2
1835,729.400240898,2
1836,729.456219912,2
1837,729.495990038,2
1838,729.54008007,2
1839,729.58792305,2
1840,729.656228065,2
1841,729.688163996,2
1842,729.736089945,2
1843,729.775897026,2
1844,729.808088064,2
1845,729.864210844,2
1846,729.921263933,2
1847,729.968170881,2
1848,730.004155874,2
1849,730.036454916,2
1850,730.088224888,2
1851,730.126098871,2
1852,730.168066025,2
1853,730.208124876,2
1854,730.240237951,2
1855,730.28390193,2
1856,730.327780008,0
1857,730.364156961,0
1858,730.416559935,0
1859,730.47616601,0
1860,730.504021883,0
1861,730.548877001,0
1862,730.58920002,0
1863,730.635774851,0
1864,730.688009977,0
1865,730.740081072,0
1866,730.77325201,0
1867,730.81270504,0
1868,730.856008053,0
1869,730.903993845,0
1870,730.968147039,0
1871,731.008343935,0
1872,731.060162067,0
1873,731.116143942,0
1874,731.156220913,0
1875,731.207901001,0
1876,731.280722857,0
1877,761.364058971,3
1878,761.421115875,3
1879,761.473346949,3
1880,761.523814917,3
1881,761.576318026,3
1882,761.616008997,3
1883,761.660142899,3
1884,761.713654995,3
1885,761.758697033,3
1886,761.803962946,3
1887,761.854003906,3
1888,761.912081003,3
1889,761.95597291,3
1890,762.000547886,3
1891,762.035881996,3
1892,762.080313921,3
1893,762.136224985,3
1894,762.17621398,3
1895,762.236731052,3
1896,762.2762959,3
1897,762.320924044,3
1898,762.368221045,3
1899,762.400614977,3
1900,762.448163986,3
1901,762.492193937,3
1902,762.541097879,3
1903,762.600209951,1
1904,762.627846003,1
1905,762.675966978,1
1906,762.739943981,1
1907,762.771836042,1
1908,762.824495077,1
1909,762.876507998,1
1910,762.915915012,1
1911,762.980913877,1
1912,763.032279015,1
1913,763.068206072,1
1914,763.113216877,1
1915,763.165158987,1
1916,763.212172031,1
1917,763.252738953,1
1918,763.305208921,1
1919,763.352040052,1
1920,763.400235891,1
1921,763.440300941,1
1922,763.480059862,1
1923,763.544270039,3
1924,763.596137047,3
1925,763.63604188,3
1926,763.688581944,3
1927,763.740119934,3
1928,763.78409791,3
1929,763.820047855,3
1930,763.871670961,3
1931,763.923909903,3
1932,763.975975037,3
1933,764.024179935,3
1934,764.081618071,3
1935,764.120398998,3
1936,764.163980007,3
1937,764.204056978,3
1938,764.240264893,3
1939,764.287950993,3
1940,764.320133924,3
1941,764.384177923,3
1942,764.448171854,3
1943,764.480315924,3
1944,764.528468847,3
1945,764.56023097,3
1946,764.592212915,3
1947,764.648181915,3
1948,764.704092026,3
1949,764.749002934,3
1950,764.796112061,3
1951,764.858141899,1
1952,764.895914078,1
1953,764.960623026,1
1954,765.000298977,1
1955,765.036352873,1
1956,765.08008194,1
1957,765.124163866,1
1958,765.163985014,1
1959,765.220046997,1
1960,765.260231972,1
1961,765.304136038,1
1962,765.344380856,1
1963,765.379370928,1
1964,765.416149855,1
1965,765.456001043,1
1966,765.503998041,1
1967,765.540076971,1
1968,765.584097862,1
1969,765.620020866,1
1970,765.652121067,1
1971,765.692482948,1
1972,765.724179029,1
1973,765.768750906,1
1974,765.803936005,1
1975,765.838963985,1
1976,765.880027056,1
1977,765.932188034,1
1978,765.984405041,3
1979,766.011931896,3
1980,766.065104008,3
1981,766.096077919,3
1982,766.128174067,3
1983,766.164057016,3
1984,766.200092077,3
1985,766.231895924,3
1986,766.264294863,3
1987,766.312299013,3
1988,766.364197969,3
1989,766.404908895,3
1990,766.452301979,3
1991,766.50417304,3
1992,766.544312954,3
1993,766.584276915,3
1994,766.616214037,3
1995,766.656131029,3
1996,766.71231389,3
1997,766.744080067,3
1998,766.79571104,3
1999,766.836209059,3
2000,766.876179934,3
