PacketSeqNo,GeneratedTime(sec),ArrivalTime(sec),MulticastIdx
1,0.4637432098388672,1.766258716583252,1
2,0.5437047481536865,1.8407509326934814,1
3,0.5913154010939012,1.8946533203125,1
4,0.6468216797692276,1.9467487335205078,1
5,0.695991039276123,1.9942712783813477,1
6,0.7399966716766357,2.03773832321167,1
7,0.791982889175415,2.098217010498047,1
8,0.8479855060577393,2.1454973220825195,1
9,0.9079849720001221,2.2065587043762207,1
10,0.9440090656280518,2.251028060913086,1
11,0.9960043430328369,2.2938897609710693,1
12,1.0639827251434326,2.3620572090148926,1
13,1.1160013675689697,2.413949728012085,1
14,1.180006504058838,2.481823205947876,1
15,1.2239856719970703,2.523895025253296,1
16,1.271986961364746,2.573890447616577,1
17,1.3159902095794678,2.6145122051239014,1
18,1.3560090065002441,2.6581532955169678,1
19,1.3999872207641602,2.70235276222229,1
20,1.4559886455535889,2.7533373832702637,1
21,1.4999868869781494,2.8027873039245605,1
22,1.543807029724121,2.845571517944336,1
23,1.587975263595581,2.8849470615386963,1
24,1.6359423015415917,2.970813274383545,1
25,1.7159998416900635,3.0123131275177,1
26,1.7678251266479492,3.065967321395874,1
27,1.8271373634259207,3.1346027851104736,1
28,1.879993200302124,3.1815743446350098,1
29,1.9239072799682617,3.237893581390381,1
30,2.0000059604644775,3.3140482902526855,1
31,2.067992687225342,3.3651771545410156,1
32,2.115919828414917,3.413587808609009,1
33,2.1760051250457764,3.476991891860962,1
34,2.275850772857666,3.57367205619812,1
35,2.3199336528778076,3.6277835369110107,1
36,2.383908271789551,3.681689739227295,1
37,2.4352213316790414,3.733954429626465,1
38,2.4720089435577393,3.778371572494507,1
39,2.539825677871704,3.8451082706451416,1
40,2.6039700508117676,3.9051501750946045,1
41,2.663989305496216,3.974400043487549,1
42,2.723949909210205,4.025629043579102,1
43,2.7799031734466553,4.087064981460571,1
44,2.8319947719573975,4.141218662261963,1
45,2.915935516357422,4.222777605056763,1
46,2.967885971069336,4.273944854736328,1
47,3.0239462852478027,4.338546991348267,1
48,3.0878548622131348,4.386224746704102,1
49,3.1279945373535156,4.424677133560181,1
50,3.175802707672119,4.47768235206604,1
51,3.2440006732940674,4.551325082778931,1
52,3.3079426288604736,4.605123519897461,1
53,3.355862617492676,4.658479452133179,1
54,3.4279327392578125,6.974064826965332,2
55,3.491903781890869,7.0126612186431885,2
56,3.5321879386901855,7.046178340911865,2
57,3.599907159805298,7.08065128326416,2
58,3.691868782043457,7.121224403381348,2
59,3.7473009528403347,7.158540725708008,2
60,3.779999017715454,7.20629620552063,2
61,3.8239355087280273,7.261576414108276,2
62,3.900003433227539,7.305710792541504,2
63,3.939967393875122,7.353440761566162,2
64,3.991940498352051,7.389388561248779,2
65,4.055707705804422,7.4422924518585205,2
66,4.103879690170288,7.488453388214111,2
67,4.155901908874512,7.525096893310547,2
68,4.203927040100098,7.5700523853302,2
69,4.2838239669799805,7.617948293685913,2
70,4.343909978866577,7.661679744720459,2
71,4.391841888427734,7.697829961776733,2
72,4.431998014450073,7.741966724395752,2
73,4.495684385299683,7.793523788452148,2
74,4.543962478637695,7.84566068649292,2
75,4.608003616333008,7.909210920333862,2
76,4.659901857376099,7.95747184753418,2
77,4.715993881225586,8.006201267242432,2
78,4.7839930057525635,8.065260171890259,2
79,4.8239030838012695,8.11035704612732,2
80,4.9198853969573975,8.170119762420654,2
81,4.972403526306152,8.205579280853271,2
82,5.039994478225708,8.253844261169434,2
83,5.079992771148682,8.29407525062561,2
84,5.115919828414917,8.329988718032837,2
85,5.171989917755127,8.37401032447815,2
86,5.2319395542144775,8.429836988449097,2
87,5.2719879150390625,8.485959768295288,2
88,5.339900255203247,8.526120901107788,2
89,5.387876749038696,8.575236797332764,2
90,5.447936773300171,8.617884635925293,2
91,5.503988981246948,8.654388427734375,2
92,7.3999152183532715,8.704206466674805,2
93,7.4799394607543945,8.782071590423584,2
94,7.531864643096924,8.839540481567383,2
95,7.595768928527832,8.89690351486206,2
96,7.655954837799072,8.958608627319336,2
97,7.743807077407837,9.046194314956665,2
98,7.791757583618164,9.093595504760742,2
99,7.8439247608184814,9.145950317382812,2
100,7.899842739105225,9.201947212219238,2
101,7.955896615982056,9.254526853561401,2
102,8.015871524810791,9.312993288040161,2
103,8.051958799362183,9.353926181793213,2
104,8.119038920205863,9.422131776809692,2
105,8.171995878219604,9.473605632781982,2
106,8.23999547958374,9.53816819190979,2
107,8.283878326416016,9.581405639648438,2
108,8.35577130317688,9.662226915359497,2
109,8.43181848526001,9.73493242263794,2
110,8.475935459136963,9.78364610671997,2
111,8.559981346130371,9.861533641815186,2
112,8.615658521652222,9.913181066513062,2
113,8.66016697883606,9.978619575500488,2
114,8.727901935577393,10.05391263961792,2
115,8.811387365997703,10.109135627746582,2
116,8.879996299743652,10.182403087615967,2
117,8.93582010269165,10.234700679779053,2
118,8.991851568222046,10.30211877822876,2
119,9.043754610267436,10.350038528442383,2
120,9.104003429412842,10.402137517929077,2
121,9.151887655258179,10.450021505355835,2
122,9.19951223954039,10.496811151504517,2
123,9.25599455833435,10.5625581741333,2
124,9.307751893997192,10.61748480796814,2
125,9.359959125518799,10.663671731948853,2
126,9.403874635696411,10.70258092880249,2
127,9.447991847991943,10.749943733215332,2
128,9.49199390411377,10.790032386779785,2
129,9.531991004943848,10.849214315414429,2
130,9.599995851516724,10.902788400650024,2
131,9.655955076217651,10.957557439804077,2
132,9.719901323318481,11.017838716506958,2
133,9.771995067596436,11.078042030334473,2
134,9.823449844689637,11.133554458618164,2
135,9.871906042098999,11.19003701210022,2
136,9.955631427996932,11.261502742767334,2
137,10.003989219665527,11.30397915840149,2
138,10.059966802597046,11.370224714279175,2
139,10.11201024055481,11.418180704116821,2
140,10.155969381332397,11.458327770233154,2
141,10.219889879226685,11.529874563217163,2
142,10.307828187942505,11.614119052886963,2
143,10.367994785308838,11.670212030410767,2
144,10.42790174484253,11.725648403167725,2
145,10.475857734680176,11.77738070487976,2
146,10.535933017730713,11.852489709854126,2
147,10.591926097869873,11.902072668075562,2
148,10.659952163696289,11.96009087562561,2
149,10.703957319259644,12.00689172744751,2
150,10.76394510269165,12.070156812667847,2
151,10.81601595878601,12.114107370376587,2
152,10.863891124725342,12.16602087020874,2
153,10.92395806312561,12.225120306015015,2
154,10.967945098876953,12.277986764907837,2
155,11.019947290420532,12.32189655303955,2
156,11.071967124938965,12.37369966506958,2
157,11.151774406433105,12.44983720779419,2
158,11.204017877578735,12.513841390609741,2
159,11.280019283294678,12.576733827590942,2
160,11.32794189453125,12.630248069763184,2
161,11.383997201919556,12.68473219871521,2
162,11.439897298812866,12.73988389968872,2
163,11.491965293884277,12.788611650466919,2
164,11.523834705352783,12.8281831741333,2
165,11.627983570098877,12.925711631774902,2
166,11.671942710876465,12.96870756149292,2
167,11.715988636016846,13.022689580917358,2
168,11.771955728530884,13.081217527389526,2
169,11.823833942603432,13.128730773925781,2
170,11.872045755386353,13.170151472091675,2
171,11.919879674911499,13.225870370864868,2
172,11.983960151672363,13.287331581115723,2
173,12.027926445007324,13.326658010482788,2
174,12.08399748802185,13.38724136352539,2
175,12.131942510604858,13.435047388076782,2
176,12.183997869491577,13.493312120437622,2
177,12.239910364151001,13.53686809539795,2
178,12.279457182177955,13.577980518341064,2
179,12.3319571018219,13.632807731628418,2
180,12.38394546508789,13.697476863861084,2
181,12.459778785705566,13.761867761611938,2
182,12.503922462463379,13.80323052406311,2
183,12.559981107711792,13.874090194702148,2
184,12.619983955517052,13.931860208511353,2
185,12.679819583892822,13.982717990875244,2
186,12.736003398895264,14.03319263458252,2
187,12.78400468826294,14.088607549667358,2
188,12.832003355026245,14.129505634307861,2
189,12.87215256690979,14.181689739227295,2
190,12.94004511833191,14.246183395385742,2
191,12.98796534538269,14.28697919845581,2
192,13.039998054504395,14.34514045715332,2
193,13.088006019592285,14.393720388412476,2
