PacketSeqNo,GeneratedTime(sec),ArrivalTime(sec),MulticastIdx
1,0.4625527858734131,2.81795334815979,1
2,0.4919881820678711,2.8493802547454834,1
3,0.5682199001312256,2.9271934032440186,1
4,0.6362524032592773,2.9982006549835205,1
5,0.6802241802215576,3.038830280303955,1
6,0.7393782798682124,3.098642110824585,1
7,0.7842206954956055,3.1423826217651367,1
8,0.8282222747802734,3.1863973140716553,1
9,0.8762190341949463,3.2340033054351807,1
10,0.9193241497999753,3.2781317234039307,1
11,0.9682178497314453,3.3379733562469482,1
12,1.0283055305480957,3.3892982006073,1
13,1.0799803733825684,3.439534902572632,1
14,1.1359937191009521,3.498520612716675,1
15,1.1962199211120605,3.5546655654907227,1
16,1.252234697341919,3.6105406284332275,1
17,1.2922415733337402,3.649984121322632,1
18,1.3432798988376038,3.702461004257202,1
19,1.3756818261376877,3.734056234359741,1
20,1.420219898223877,3.7782342433929443,1
21,1.460172414779663,3.823549509048462,1
22,1.5202195644378662,3.8823113441467285,1
23,1.572216510772705,3.9338161945343018,1
24,1.6241590976715088,3.9827544689178467,1
25,1.6682226657867432,4.028009653091431,1
26,1.7281267642974854,4.087240219116211,1
27,1.768096923828125,4.129732608795166,1
28,1.8274526805826519,4.1990065574646,1
29,1.8803036212921143,4.243972539901733,1
30,1.9240943960364805,4.282686710357666,1
31,1.9637947821290922,4.326168060302734,1
32,2.0162291526794434,4.374922752380371,1
33,2.0760114192962646,4.4400599002838135,1
34,2.1242237091064453,4.482880115509033,1
35,2.180229425430298,4.543138027191162,1
36,2.2402236461639404,4.598674774169922,1
37,2.2802231311798096,4.639193534851074,1
38,2.324150800704956,4.681843280792236,1
39,2.364220380783081,4.7231528759002686,1
40,2.4037447979422164,4.770385026931763,1
41,2.4481277465820312,4.806522607803345,1
42,2.496096134185791,4.863013744354248,1
43,2.5482232570648193,4.918644428253174,1
44,2.628286361694336,4.991559267044067,1
45,2.6801750659942627,5.042527437210083,1
46,2.732131242752075,5.0907652378082275,1
47,2.7721638679504395,5.137792587280273,1
48,2.824084758758545,5.182040691375732,1
49,2.8680813312530518,5.226088047027588,1
50,2.9121015071868896,5.269593000411987,1
51,2.951975107192993,5.322506904602051,1
52,2.9991907571345835,5.361687183380127,1
53,3.0400843620300293,5.402200222015381,1
54,3.0838565826416016,5.450574159622192,1
55,3.152158498764038,5.522688627243042,1
56,3.2233369369538925,5.773277044296265,2
57,3.255198365228561,5.814130067825317,2
58,3.3080942630767822,5.855602979660034,2
59,3.352154493331909,5.9128265380859375,2
60,3.4240705966949463,6.025185585021973,2
61,3.476229667663574,6.06164813041687,2
62,3.539957046508789,6.112252235412598,2
63,3.5921881198883057,6.168914556503296,2
64,3.6601057052612305,6.213239431381226,2
65,3.744138240814209,6.2755138874053955,2
66,3.784156560897827,6.321754693984985,2
67,3.852210283279419,6.361812114715576,2
68,3.9116577768615244,6.429523229598999,2
69,3.960254430770874,6.470703601837158,2
70,4.008103132247925,6.541136264801025,2
71,4.064022064208984,6.5802435874938965,2
72,4.1080873012542725,6.637263774871826,2
73,4.1802308559417725,6.696730852127075,2
74,4.236210346221924,6.762619495391846,2
75,4.311968803405762,6.804697751998901,2
76,4.364073991775513,6.87385106086731,2
77,4.424184560775757,6.917333602905273,2
78,4.484083414077759,6.94874382019043,2
79,4.5402305126190186,6.9904465675354,2
80,4.596091032028198,7.052527189254761,2
81,4.632230043411255,7.088834285736084,2
82,4.684117078781128,7.133063316345215,2
83,4.776228666305542,7.189418077468872,2
84,4.82411527633667,7.244314193725586,2
85,4.895910024642944,7.306877374649048,2
86,4.952235221862793,7.369857549667358,2
87,5.020212411880493,7.409818649291992,2
88,5.087918758392334,7.481393814086914,2
89,5.14429497718811,7.533876657485962,2
90,5.192076683044434,7.582017660140991,2
91,5.264264106750488,7.649454355239868,2
92,5.311381306719179,7.713518857955933,2
93,5.37622594833374,7.77364444732666,2
94,5.420222282409668,7.8259828090667725,2
95,5.468230485916138,7.863934755325317,2
96,5.512318849563599,7.936513423919678,2
97,5.584043264389038,7.970992565155029,2
98,5.636207580566406,8.02819538116455,2
99,5.696138858795166,8.073411703109741,2
100,5.736120700836182,8.138826131820679,2
101,5.79611611366272,8.20158052444458,2
102,5.883294511463547,8.248515605926514,2
103,5.928041934967041,8.32571530342102,2
104,5.987950086593628,8.373108148574829,2
105,6.048096418380737,8.438246250152588,2
106,6.108036041259766,8.517884969711304,2
107,6.176023721694946,8.568422555923462,2
108,6.248039722442627,8.644885540008545,2
109,6.3282294273376465,8.740493297576904,2
110,6.38810396194458,8.805967092514038,2
111,6.456308364868164,8.858034610748291,2
112,6.532223463058472,8.929330587387085,2
113,6.576122760772705,8.970125913619995,2
114,6.616062879562378,9.022276639938354,2
115,6.6713712628583774,9.080358505249023,2
116,6.71068824202653,9.118926525115967,2
117,6.759989976882935,9.177882432937622,2
118,6.80403208732605,9.222265720367432,2
119,6.880193710327148,9.273556470870972,2
120,6.9240663051605225,9.313725233078003,2
121,6.972015619277954,9.373700618743896,2
122,7.048202276229858,9.441350221633911,2
123,7.124042272567749,9.517534971237183,2
124,7.168052434921265,9.57371187210083,2
125,7.216470956802368,9.612035989761353,2
126,7.276035785675049,9.68168592453003,2
127,7.3401782512664795,9.728910207748413,2
128,7.380135536193848,9.78248119354248,2
129,7.456224203109741,9.854324102401733,2
130,7.524043798446655,9.913792610168457,2
131,7.588160037994385,9.967751026153564,2
132,7.623905420303345,10.010139226913452,2
133,7.67587947845459,10.061671257019043,2
134,7.7319254875183105,10.131911516189575,2
135,7.796285390853882,10.197644472122192,2
136,7.848068475723267,10.23343539237976,2
137,7.9041876792907715,10.297936916351318,2
138,7.952081680297852,10.337048768997192,2
139,8.011970043182373,10.401771545410156,2
140,8.05623984336853,10.448467493057251,2
141,8.096215724945068,10.496901750564575,2
142,8.160068988800049,10.553748846054077,2
143,8.243945121765137,10.625008821487427,2
144,8.300167083740234,10.710404872894287,2
145,8.372116565704346,10.765180587768555,2
146,8.432165622711182,10.825685262680054,2
147,8.504002571105957,10.894362926483154,2
148,8.575659456857458,10.966323137283325,2
149,8.631975650787354,11.025182247161865,2
150,8.70005989074707,11.10850739479065,2
151,8.764178037643433,11.162247657775879,2
152,8.828020095825195,11.208774328231812,2
153,8.88807725906372,11.277037620544434,2
154,8.940218448638916,11.345701456069946,2
155,9.00028944015503,11.397026062011719,2
156,9.044155836105347,11.44569206237793,2
157,9.100034713745117,11.50054121017456,2
158,9.179492573118575,11.562021255493164,2
159,9.219998121261597,11.617504119873047,2
160,9.2719886302948,11.64861273765564,2
161,9.30821681022644,11.6978759765625,2
162,9.356205224990845,11.741325855255127,2
163,9.39613389968872,11.781415462493896,2
164,9.452110767364502,11.837868213653564,2
165,9.500208854675293,11.88158893585205,2
166,9.544137239456177,11.952970266342163,2
167,9.584094762802124,11.99335789680481,2
168,9.63214635848999,12.053413391113281,2
169,9.688035726547241,12.113370895385742,2
170,9.747975826263428,12.153452157974243,2
171,9.796098947525024,12.210059642791748,2
172,9.844189167022705,12.258848905563354,2
173,9.892240285873413,12.296823978424072,2
174,9.952109575271606,12.36412763595581,2
175,9.996038675308228,12.418766498565674,2
176,10.05211615562439,12.485239028930664,2
177,10.10020136833191,12.533530712127686,2
178,10.155960083007812,12.569246292114258,2
179,10.207994222640991,12.633026123046875,2
180,10.268127679824829,12.681507349014282,2
181,10.316018342971802,12.713764190673828,2
182,10.36811900138855,12.75752878189087,2
183,10.40799880027771,12.810396671295166,2
184,10.460135698318481,12.858375549316406,2
185,10.50427770614624,12.913054704666138,2
186,10.560107231140137,12.965726375579834,2
187,10.61217713356018,13.013323783874512,2
188,10.680026292800903,13.066414833068848,2
189,10.73624324798584,13.114158153533936,2
190,10.78417181968689,13.179136514663696,2
191,10.84838604927063,13.241096496582031,2
192,10.924146890640259,13.313863515853882,2
193,10.968112468719482,13.369385957717896,2
194,11.04010558128357,13.429643869400024,2
195,11.1042160987854,13.50606107711792,2
196,11.171967506408691,13.56327509880066,2
197,11.22014856338501,13.630127191543579,2
198,11.300004005432129,13.681851387023926,2
199,11.355997562408447,13.734268426895142,2
200,11.408181428909302,13.796586513519287,2
201,11.471959114074707,13.86701774597168,2
202,11.5240797996521,13.901201725006104,2
203,11.584049224853516,13.970575094223022,2
204,11.632173299789429,14.033648014068604,2
205,11.71208667755127,14.102102518081665,2
206,11.759967565536499,14.156449794769287,2
207,11.81205940246582,14.218158483505249,2
208,11.884051322937012,14.264962911605835,2
209,11.927920818328857,14.313669681549072,2
210,11.980343580245972,14.394497871398926,2
211,12.056068420410156,14.441076517105103,2
212,12.127311314243501,14.558755874633789,2
213,12.192071437835693,14.601815223693848,2
214,12.236124753952026,14.662638664245605,2
215,12.31607699394226,14.725599527359009,2
216,12.364105701446533,14.772471189498901,2
217,12.428089141845703,14.81212568283081,2
218,12.479918003082275,14.86523151397705,2
219,12.536057472229004,14.92850637435913,2
220,12.61207389831543,15.007163286209106,2
221,12.663991212844849,15.065779447555542,2
222,12.732182025909424,15.127738237380981,2
223,12.796203136444092,15.198320627212524,2
224,12.876239776611328,15.258067607879639,2
225,12.940229177474976,15.337403059005737,2
226,13.012106657028198,15.405826568603516,2
227,13.096235752105713,15.488709211349487,2
228,13.156052350997925,15.538362741470337,2
229,13.228051900863647,15.633690595626831,2
230,13.292060136795044,15.694170475006104,2
231,13.34010910987854,15.74871015548706,2
232,13.384162902832031,15.795548915863037,2
233,13.440098524093628,15.861109256744385,2
234,13.496241092681885,15.901865243911743,2
235,13.540015935897827,15.953503370285034,2
236,13.60023808479309,15.997019290924072,2
237,13.660134315490723,16.04961633682251,2
238,13.71639609336853,16.120298385620117,2
239,13.784094333648682,16.18254828453064,2
240,13.843936681747437,16.233011722564697,2
241,13.90804123878479,16.298187971115112,2
242,13.95216417312622,16.363520622253418,2
243,14.000232219696045,16.410032033920288,2
244,14.084003925323486,16.465457677841187,2
245,14.151831111239687,16.563958883285522,2
246,14.217249870300293,16.601125717163086,2
247,14.283618312157742,16.671003341674805,2
248,14.320204496383667,16.712104082107544,2
249,14.380112886428833,16.769034385681152,2
250,14.443401134531365,16.82203960418701,2
251,14.484010457992554,16.86015272140503,2
252,14.528165340423584,16.90984010696411,2
253,14.584249258041382,16.978126287460327,2
254,14.664220809936523,17.06019139289856,2
255,14.728113651275635,17.11528730392456,2
256,14.799972295761108,17.195169925689697,2
257,14.856733322143555,17.254097938537598,2
258,14.928104639053345,17.31716299057007,2
259,14.988263607025146,17.381459951400757,2
260,15.047912120819092,17.429840564727783,2
261,15.112284660339355,17.490660667419434,2
262,15.19551082647611,17.585387468338013,2
263,15.240240335464478,17.645447254180908,2
264,15.300125122070312,17.717053174972534,2
265,15.352409362792969,17.764887809753418,2
266,15.404160261154175,17.8043110370636,2
267,15.463295786945825,17.8411602973938,2
268,15.499871015548706,17.893880367279053,2
269,15.544246912002563,17.956218242645264,2
270,15.588175058364868,17.984301567077637,2
271,15.6560640335083,18.04568910598755,2
272,15.712152004241943,18.0969181060791,2
273,15.772005558013916,18.197093963623047,2
274,15.855961799621582,18.262075662612915,2
275,15.93618655204773,18.312866926193237,2
276,15.980200052261353,18.35751962661743,2
277,16.03203010559082,18.416834831237793,2
278,16.096132516860962,18.484818935394287,2
279,16.184296131134033,18.585168838500977,2
280,16.23921331732543,18.625303030014038,2
281,16.280081272125244,18.670207500457764,2
282,16.32017683982849,18.717840909957886,2
283,16.36397409439087,18.78266215324402,2
284,16.412114143371582,18.861161470413208,2
285,16.464088439941406,18.897530555725098,2
286,16.5120587348938,18.939634799957275,2
287,16.560136079788208,18.97231674194336,2
288,16.612065315246582,19.02163076400757,2
289,16.67209219932556,19.057547569274902,2
290,16.716398000717163,19.11760902404785,2
291,16.780057668685913,19.177421808242798,2
292,16.83602809906006,19.221892595291138,2
293,16.87595921848791,19.2566397190094,2
294,16.91213607788086,19.327038764953613,2
295,16.960130214691162,19.38481879234314,2
296,17.024186849594116,19.421640634536743,2
297,17.076047658920288,19.470094680786133,2
298,17.14012622833252,19.525306701660156,2
299,17.2081356048584,19.613336086273193,2
300,17.259947776794434,19.658631324768066,2
301,17.336394548416138,19.730038166046143,2
302,17.388155698776245,19.776445388793945,2
303,17.43605351448059,19.817461490631104,2
304,17.484103202819824,19.867979526519775,2
305,17.53213906288147,19.90955352783203,2
306,17.592082738876343,19.97718620300293,2
307,17.640185594558716,20.041906595230103,2
308,17.72008776664734,21.088452339172363,2
309,17.76410675048828,21.091455936431885,2
310,17.808149099349976,21.09467911720276,2
311,17.888278245925903,21.097067832946777,2
312,17.944223403930664,21.098184823989868,2
313,18.000166177749634,21.099108457565308,2
314,18.047926664352417,21.100104093551636,2
315,18.096144914627075,21.101454496383667,2
316,18.159918785095215,21.10263967514038,2
317,18.21219038963318,21.10360550880432,2
318,18.25206232070923,21.104580879211426,2
319,18.300190687179565,21.106151580810547,2
320,18.348175048828125,21.107523202896118,2
321,18.41609525680542,21.108527898788452,2
322,18.480246543884277,21.1095027923584,2
323,18.527987241744995,21.110692501068115,2
324,18.591849088668823,21.111733198165894,2
325,18.640015602111816,21.11271643638611,2
326,18.732033252716064,21.116703033447266,2
327,18.79215145111084,21.180368900299072,2
328,18.844041347503662,21.239951610565186,2
329,18.896130561828613,21.296790838241577,2
330,18.96410083770752,21.362256050109863,2
331,19.03221035003662,21.43605899810791,2
332,19.088123083114624,21.4851233959198,2
333,19.156078577041626,21.537874221801758,2
334,19.212358474731445,21.61212420463562,2
335,19.29214906692505,21.672255516052246,2
336,19.356181621551514,21.745882272720337,2
337,19.40420126914978,21.78591752052307,2
338,19.468005180358887,21.85950541496277,2
339,19.519864082336426,21.934596300125122,2
340,19.55189299583435,21.99530267715454,2
341,19.592267990112305,22.053322553634644,2
342,19.652206659317017,22.09769558906555,2
343,19.7520809173584,22.15314030647278,2
344,19.796115159988403,22.19372010231018,2
345,19.87617826461792,22.269928693771362,2
346,19.93609929084778,22.328350067138672,2
347,19.988126039505005,22.369007110595703,2
348,20.03617286682129,22.412352561950684,2
349,20.07981683547336,22.470306396484375,2
350,20.123773534213452,22.52534818649292,2
351,20.195884769387252,22.581843852996826,2
352,20.232117891311646,22.634230136871338,2
353,20.300233364105225,22.689292669296265,2
354,20.335918188095093,22.720588445663452,2
355,20.40803551673889,22.800893306732178,2
356,20.468381881713867,22.886149883270264,2
357,20.575953006744385,22.963013887405396,2
358,20.668124437332153,23.058049201965332,2
359,20.743860039677543,23.133780241012573,2
360,20.792136192321777,23.172699213027954,2
361,20.847584562097623,23.23447823524475,2
362,20.883890628814697,23.290202856063843,2
363,20.93903858239528,23.34113311767578,2
364,20.984197854995728,23.38595747947693,2
365,21.052261352539062,23.450300216674805,2
366,21.124114990234375,23.521230459213257,2
367,21.19608095302179,23.590283393859863,2
368,21.260111331939697,23.640568733215332,2
369,21.29609227180481,23.67673087120056,2
370,21.34809136390686,23.73777484893799,2
371,21.412144660949707,23.813917875289917,2
372,21.480226039886475,23.86949396133423,2
373,21.53595209121704,23.917956590652466,2
374,21.604063749313354,23.997402667999268,2
375,21.66399598121643,24.049978733062744,2
376,21.712063312530518,24.113019227981567,2
377,21.764164686203003,24.174055576324463,2
378,21.828436851501465,24.22986912727356,2
379,21.876218795776367,24.27788734436035,2
380,21.92816710472107,24.337623119354248,2
381,21.972193002700806,24.388067960739136,2
382,22.020026683807373,24.43722891807556,2
383,22.07196307182312,24.479552507400513,2
384,22.124032735824585,24.526844263076782,2
385,22.192189693450928,24.573840618133545,2
386,22.2402184009552,24.643360137939453,2
387,22.30412769317627,24.69718909263611,2
388,22.3962459564209,24.790333032608032,2
389,22.448182582855225,24.84579348564148,2
390,22.500142097473145,24.930306434631348,2
391,22.584456205368042,24.96898102760315,2
392,22.640088081359863,25.03488516807556,2
393,22.70819878578186,25.106297254562378,2
394,22.752175331115723,25.171029567718506,2
395,22.832006454467773,25.226564168930054,2
396,22.90827488899231,25.302406072616577,2
397,22.97208070755005,25.353965997695923,2
398,23.01993703842163,25.40190315246582,2
399,23.068174839019775,25.44843101501465,2
400,23.10816192626953,25.4985249042511,2
401,23.171973705291748,25.560184001922607,2
402,23.22429585456848,25.6398184299469,2
403,23.292002201080322,25.690929651260376,2
404,23.32791566848755,25.733762979507446,2
405,23.391221473025098,25.77389621734619,2
406,23.43214249610901,25.821413040161133,2
407,23.492154836654663,25.87042999267578,2
408,23.560075044631958,25.94236993789673,2
409,23.60798954963684,25.996402502059937,2
410,23.676181077957153,26.068580865859985,2
411,23.771739768709256,26.181190967559814,2
412,23.836178302764893,26.226194381713867,2
413,23.896016597747803,26.285998106002808,2
414,23.96432328224182,26.377842664718628,2
415,24.0362331867218,26.42080545425415,2
416,24.092118978500366,26.49001908302307,2
417,24.144193410873413,26.52553415298462,2
418,24.19219136238098,26.576502084732056,2
419,24.25602674484253,26.63703179359436,2
420,24.300212621688843,26.68093752861023,2
421,24.344069242477417,26.73235511779785,2
422,24.38813431406687,26.77690100669861,2
423,24.424154043197632,26.830506801605225,2
424,24.50015926361084,26.88666343688965,2
425,24.55617356300354,26.958230018615723,2
426,24.61603307723999,27.004579305648804,2
427,24.672107219696045,27.072760105133057,2
428,24.719439720982567,27.105799198150635,2
429,24.771979570388794,27.163488388061523,2
430,24.81198787689209,27.21189570426941,2
431,24.892067909240723,27.282456398010254,2
432,24.955437249702396,27.353138208389282,2
433,25.004128456115723,27.392139673233032,2
434,25.060171604156494,27.470142602920532,2
435,25.14822244644165,27.53859257698059,2
436,25.19591188430786,27.596904516220093,2
437,25.275970935821533,27.67088031768799,2
438,25.319913387298584,27.722713232040405,2
439,25.38411808013916,27.771671056747437,2
440,25.444148540496826,27.82516598701477,2
441,25.488027572631836,27.875341415405273,2
442,25.556192874908447,27.942715644836426,2
443,25.624349117279053,28.01364755630493,2
444,25.68403172492981,28.064924478530884,2
445,25.720091104507446,28.101351261138916,2
446,25.772050857543945,28.173972606658936,2
447,25.832213640213013,28.242404222488403,2
448,25.888126611709595,28.297576904296875,2
449,25.94405508041382,28.338072061538696,2
450,25.98412847518921,28.38532829284668,2
451,26.06415367126465,28.449222564697266,2
452,26.116108179092407,28.511674165725708,2
453,26.184173345565796,28.56556749343872,2
454,26.236130475997925,28.62898087501526,2
455,26.296093463897705,28.662479400634766,2
456,26.351999521255493,28.750133752822876,2
457,26.404136180877686,28.80220127105713,2
458,26.464200735092163,28.854376316070557,2
459,26.524289846420288,28.91298818588257,2
460,26.572181463241577,28.95379614830017,2
461,26.63600754737854,29.030100107192993,2
462,26.683886289596558,29.07682204246521,2
463,26.740148305892944,29.12562894821167,2
464,26.77568903972607,29.175089836120605,2
465,26.820155382156372,29.225754499435425,2
466,26.86408281326294,29.26131844520569,2
467,26.915614202998363,29.296632528305054,2
468,26.955899953842163,29.358095407485962,2
469,27.04415798187256,29.429630279541016,2
470,27.09229874610901,29.4885356426239,2
471,27.200081825256348,29.59331703186035,2
472,27.272090911865234,29.662415742874146,2
473,27.328227758407593,29.733986616134644,2
474,27.38806176185608,29.790453672409058,2
475,27.42827534675598,29.83346939086914,2
476,27.484164714813232,29.893476963043213,2
477,27.53218960762024,29.963422298431396,2
478,27.59605050086975,30.004915475845337,2
479,27.652095794677734,30.045317888259888,2
480,27.712226390838623,30.113330125808716,2
481,27.78419780731201,30.180326223373413,2
482,27.851972341537476,30.249372005462646,2
483,27.908071041107178,30.296101570129395,2
484,27.956095933914185,30.33650231361389,2
485,28.012064456939697,30.400120496749878,2
486,28.06816077232361,30.462494373321533,2
487,28.136139631271362,30.5124933719635,2
488,28.180129766464233,30.574162483215332,2
489,28.224087715148926,30.619860887527466,2
490,28.27214765548706,30.65888214111328,2
491,28.316458225250244,30.720158100128174,2
492,28.404284477233887,30.78507375717163,2
493,28.476059436798096,30.86984896659851,2
494,28.53215265274048,30.924477577209473,2
495,28.59199810028076,30.98179578781128,2
496,28.648195266723633,31.031834363937378,2
497,28.68422031402588,31.076388359069824,2
498,28.731860876083374,31.12042474746704,2
499,28.78403663635254,31.18081545829773,2
500,28.83259105682373,31.24324607849121,2
501,28.9121675491333,31.293675661087036,2
502,28.947875022888184,31.353986740112305,2
503,28.99586319923401,31.39803123474121,2
504,29.04339263576935,31.440876007080078,2
505,29.104137182235718,31.489951610565186,2
506,29.156110525131226,31.56360149383545,2
507,29.22031879425049,31.617929935455322,2
508,29.25545883178711,31.6638925075531,2
509,29.34417152404785,31.72641921043396,2
510,29.403876066207886,31.788390159606934,2
511,29.46417498588562,31.845664501190186,2
512,29.507893800735474,31.887928009033203,2
513,29.5521457195282,31.9378182888031,2
514,29.620411157608032,32.009159326553345,2
515,29.68022108078003,32.08201837539673,2
516,29.739935450836448,32.133397340774536,2
517,29.780099868774414,32.177356481552124,2
518,29.832237243652344,32.238261699676514,2
519,29.896093130111694,32.29634380340576,2
520,29.952232599258423,32.341463804244995,2
521,30.024260759353638,32.40500998497009,2
522,30.093979120254517,32.49217128753662,2
523,30.15215826034546,32.54555940628052,2
524,30.208027124404907,32.609328508377075,2
525,30.26779429113875,32.65020227432251,2
526,30.308143377304077,32.71388578414917,2
527,30.37988257408142,32.77522158622742,2
528,30.43597102165222,32.84322142601013,2
529,30.496468544006348,32.90562033653259,2
530,30.544174909591675,32.943533182144165,2
531,30.612117767333984,32.99726438522339,2
532,30.664153814315796,33.057464599609375,2
533,30.740108013153076,33.12109136581421,2
534,30.79188632965088,33.18137288093567,2
535,30.839961051940918,33.228588581085205,2
536,30.899467710970846,33.28253388404846,2
537,30.94402766227722,33.35421657562256,2
538,31.004167556762695,33.393749952316284,2
539,31.064072608947754,33.45486807823181,2
540,31.1162531375885,33.50871205329895,2
541,31.1829825383279,33.56544518470764,2
542,31.220231533050537,33.632899045944214,2
543,31.276219606399536,33.68275284767151,2
544,31.320218086242676,33.7423038482666,2
545,31.359857277981813,33.79307699203491,2
546,31.412036180496216,33.83455729484558,2
547,31.456024885177612,33.88925075531006,2
548,31.532286167144775,33.925230741500854,2
549,31.63208031654358,34.04267072677612,2
550,31.696237325668335,34.086010456085205,2
551,31.784002542495728,34.180861711502075,2
552,31.824100017547607,34.241517066955566,2
553,31.875889539718628,34.27366399765015,2
554,31.948235034942627,34.35736846923828,2
555,32.04423427581787,34.45579957962036,2
556,32.088088035583496,34.47202181816101,2
557,32.14886900206938,34.53648090362549,2
558,32.19613456726074,34.589691162109375,2
559,32.26023077964783,34.65544843673706,2
560,32.30812191963196,34.70461416244507,2
561,32.36423087120056,34.750325441360474,2
562,32.416008710861206,34.81476068496704,2
563,32.5003559589386,34.88587307929993,2
564,32.552034854888916,34.953829526901245,2
565,32.600385665893555,35.01303434371948,2
566,32.672141790390015,35.065489292144775,2
567,32.73217844963074,35.13353705406189,2
568,32.78014636039734,35.190542459487915,2
569,32.83188724517822,35.23501253128052,2
570,32.8760130405426,35.273154497146606,2
571,32.94823360443115,35.33794665336609,2
572,33.000117778778076,35.39768385887146,2
573,33.076071977615356,35.47339963912964,2
574,33.1362144947052,35.54639196395874,2
575,33.18416237831116,35.58615469932556,2
576,33.26003432273865,35.65819501876831,2
577,33.32397222518921,35.70531725883484,2
578,33.36010789871216,35.74988389015198,2
579,33.424060583114624,35.805556297302246,2
580,33.47210359573364,35.867931842803955,2
581,33.53209376335144,35.92007851600647,2
582,33.60014724731445,36.00225281715393,2
583,33.68805956840515,36.08130741119385,2
584,33.74806499481201,36.13325524330139,2
585,33.795980757973,36.1824312210083,2
586,33.84802484512329,36.24499320983887,2
587,33.90812945365906,36.285114765167236,2
588,33.97615313529968,36.37405562400818,2
589,34.02419137954712,36.429871559143066,2
590,34.08435893058777,36.477580070495605,2
591,34.14020037651062,36.52156686782837,2
592,34.18818283081055,36.576754570007324,2
593,34.2277946472168,36.6334011554718,2
594,34.28800392150879,36.692113637924194,2
595,34.380263328552246,36.79678773880005,2
596,34.455960750579834,36.857171058654785,2
597,34.508190870285034,36.89766526222229,2
598,34.55214047431946,36.96217441558838,2
599,34.59058213233948,37.01332402229309,2
600,34.64031505584717,37.06612205505371,2
601,34.69205069541931,37.126925468444824,2
602,34.747521965763035,37.182103395462036,2
603,34.78828454017639,37.245277881622314,2
604,34.852067947387695,37.297027349472046,2
605,34.91960192153785,37.33406090736389,2
606,34.97073970826011,37.409210443496704,2
607,35.0182285533506,37.46968984603882,2
608,35.072299003601074,37.52035117149353,2
609,35.14812684059143,37.56685495376587,2
610,35.25606679916382,37.64161419868469,2
611,35.31623077392578,37.695311307907104,2
612,35.36406326293945,37.767646074295044,2
613,35.42804455757141,37.80824255943298,2
614,35.47209882736206,37.85359859466553,2
615,35.52402488891396,37.92575144767761,2
616,35.57097872602672,37.96963953971863,2
617,35.620227575302124,38.0176305770874,2
618,35.688180685043335,38.070544481277466,2
619,35.72423052787781,38.12195062637329,2
620,35.78004574775696,38.15703749656677,2
621,35.82799053192139,38.223345041275024,2
622,35.87618112564087,38.2818648815155,2
623,35.92009139060974,38.32473039627075,2
624,35.96822118759155,38.36504888534546,2
625,36.03235125541687,38.442888498306274,2
626,36.09617495536804,38.49269771575928,2
627,36.14812350273132,38.546321868896484,2
628,36.200122594833374,38.588913440704346,2
629,36.26410698890686,38.65603518486023,2
630,36.33597610216017,38.73360848426819,2
631,36.38398194313049,38.78532266616821,2
632,36.451943159103394,38.85814952850342,2
633,36.51213049888611,38.897380113601685,2
634,36.5681357383728,38.953452587127686,2
635,36.631442320768976,39.022260665893555,2
636,36.68029594421387,39.08186078071594,2
637,36.736106872558594,39.138028621673584,2
638,36.796056270599365,39.18059492111206,2
639,36.85613203048706,39.25347447395325,2
640,36.928197622299194,39.337411642074585,2
641,36.99613380432129,39.39036178588867,2
642,37.072001457214355,39.44960975646973,2
643,37.14404058456421,39.52522611618042,2
644,37.19612741470337,39.60185694694519,2
645,37.26029849052429,39.64040231704712,2
646,37.31615877151489,39.70193648338318,2
647,37.37621784210205,39.75711250305176,2
648,37.42422580718994,39.80341863632202,2
649,37.475454129906815,39.87648940086365,2
650,37.5121328830719,39.92298221588135,2
651,37.5522186756134,39.96581315994263,2
652,37.60754871585003,40.00132393836975,2
653,37.66799569129944,40.06203365325928,2
654,37.71200370788574,40.12713074684143,2
655,37.77200412750244,40.177008390426636,2
656,37.81605648994446,40.241589307785034,2
657,37.8681480884552,40.2910053730011,2
658,37.928030014038086,40.34631156921387,2
659,37.971978187561035,40.39333391189575,2
660,38.02399039268494,40.4496533870697,2
661,38.08407425880432,40.50060057640076,2
662,38.13631057739258,40.55284142494202,2
663,38.18809127807617,40.59717631340027,2
664,38.232107400894165,40.66584825515747,2
665,38.27213764190674,40.72154450416565,2
666,38.320229053497314,40.76144194602966,2
667,38.39611768722534,40.800827741622925,2
668,38.44412398338318,40.85689115524292,2
669,38.51618504524231,40.91326117515564,2
670,38.56418204307556,40.94916391372681,2
671,38.608176708221436,41.00690412521362,2
672,38.67530988476623,41.065712213516235,2
673,38.736220598220825,41.145010471343994,2
674,38.79622292518616,41.182685136795044,2
675,38.83993315696716,41.249284505844116,2
676,38.89603805541992,41.29409718513489,2
677,38.944138526916504,41.34292984008789,2
678,39.00406503677368,41.39644742012024,2
679,39.064234495162964,41.45787072181702,2
680,39.1483051776886,41.533024072647095,2
681,39.20020294189453,41.58124756813049,2
682,39.26017665863037,41.64734363555908,2
683,39.32809519767761,41.71781086921692,2
684,39.392123222351074,41.778194427490234,2
685,39.46010864629131,41.88451361656189,2
686,39.52754753584794,41.931721210479736,2
687,39.564104318618774,41.99186682701111,2
688,39.62416195869446,42.04041814804077,2
689,39.6879096031189,42.082093715667725,2
690,39.735596153890036,42.145357847213745,2
691,39.784209966659546,42.19988560676575,2
692,39.84396052360535,42.25507712364197,2
693,39.91208505630493,42.31339716911316,2
694,39.98415017127991,42.36434054374695,2
695,40.032127380371094,42.42569088935852,2
696,40.09207630157471,42.4785361289978,2
697,40.1440155506134,42.526753425598145,2
698,40.203840017318726,42.5896680355072,2
699,40.27603077888489,42.68153381347656,2
700,40.33512620817331,42.741790533065796,2
701,40.37603044509888,42.810163259506226,2
702,40.42410111427307,42.8529314994812,2
703,40.49224090576172,42.892481565475464,2
704,40.559934854507446,42.95431852340698,2
705,40.620084285736084,43.009401082992554,2
706,40.69216799736023,43.08263301849365,2
707,40.74000287055969,43.1214644908905,2
708,40.796223402023315,43.17799949645996,2
709,40.84020638465881,43.26603674888611,2
710,40.91197204589844,43.30421686172485,2
711,40.96016550064087,43.37012028694153,2
712,41.052035331726074,43.43638348579407,2
713,41.10411596298218,43.502445697784424,2
714,41.164056062698364,43.55384826660156,2
715,41.224106788635254,43.613120317459106,2
716,41.280029876379004,43.68351364135742,2
717,41.32814407348633,43.72555685043335,2
718,41.40422248840332,43.79358911514282,2
719,41.47222447395325,43.865424156188965,2
720,41.548147201538086,43.931225061416626,2
721,41.592225790023804,43.97745728492737,2
722,41.64438199996948,44.05368900299072,2
723,41.720118284225464,44.11380481719971,2
724,41.772292613983154,44.16577649116516,2
725,41.840073585510254,44.226404905319214,2
726,41.88816428184509,44.28951716423035,2
727,41.9515912701893,44.35003733634949,2
728,41.99618053436279,44.40133237838745,2
729,42.04408860206604,44.455283641815186,2
730,42.11612343788147,44.52993869781494,2
731,42.16806626319885,44.57290840148926,2
732,42.21621322631836,44.62987303733826,2
733,42.29623222351074,44.68968319892883,2
734,42.37215518951416,44.761826276779175,2
735,42.443973779678345,44.84162926673889,2
736,42.51225709915161,44.91368079185486,2
737,42.576239585876465,44.965763568878174,2
738,42.62810015678406,45.025991678237915,2
739,42.6842143535614,45.08548021316528,2
740,42.755897760391235,45.14974522590637,2
741,42.812241077423096,45.21160125732422,2
742,42.89219522476196,45.28511428833008,2
743,42.9481635093689,45.33021020889282,2
744,42.99594497680664,45.40223264694214,2
745,43.0603289604187,45.456584453582764,2
746,43.13604974746704,45.53070878982544,2
747,43.212215423583984,45.60222005844116,2
748,43.272183418273926,45.65774750709534,2
749,43.336158990859985,45.721925020217896,2
750,43.37597346305847,45.7606143951416,2
751,43.42012429237366,45.81292176246643,2
752,43.48420691490173,45.8819465637207,2
753,43.5430945264725,45.93210530281067,2
754,43.584219217300415,45.98110342025757,2
755,43.647921323776245,46.05179214477539,2
756,43.69627642631531,46.10016751289368,2
757,43.74823832511902,46.137507915496826,2
758,43.81616258621216,46.20663619041443,2
759,43.88818097114563,46.27442908287048,2
760,43.93625545501709,46.33840274810791,2
761,43.99623346328735,46.39695692062378,2
762,44.04822897911072,46.43818426132202,2
763,44.11218786239624,46.51737594604492,2
764,44.18425464630127,46.57612609863281,2
765,44.24817514419556,46.63332748413086,2
766,44.30401921272278,46.690229415893555,2
767,44.344096185676364,46.73212671279907,2
768,44.388041734695435,46.77746915817261,2
769,44.452091455459595,46.83783411979675,2
770,44.52014183998108,46.912535429000854,2
771,44.58011293411255,46.98979425430298,2
772,44.63961168035674,47.03794264793396,2
773,44.70014667510986,47.10663890838623,2
774,44.77207112312317,47.17333126068115,2
775,44.8439781665802,47.24073052406311,2
776,44.89609932899475,47.301350116729736,2
777,44.95613479614258,47.36246061325073,2
778,45.00808930397034,47.426154375076294,2
779,45.06821537017822,47.4695839881897,2
780,45.15201115608215,47.53307843208313,2
781,45.19600510597229,47.585050106048584,2
782,45.24017524719238,47.638641595840454,2
783,45.307936906814575,47.696924686431885,2
784,45.36011719703674,47.74917793273926,2
785,45.432151079177856,47.83431935310364,2
786,45.49217391014099,47.88562989234924,2
787,45.56405830383301,47.94498634338379,2
788,45.61619281768799,47.998069047927856,2
789,45.66422414779663,48.07868003845215,2
790,45.73605728149414,48.1252863407135,2
791,45.82407593727112,48.22211194038391,2
792,45.872008085250854,48.27030920982361,2
793,45.948124408721924,48.342856884002686,2
794,46.00797669813106,48.409226417541504,2
795,46.07200765609741,48.45358943939209,2
796,46.13215517997742,48.5189254283905,2
797,46.168152809143066,48.57476878166199,2
798,46.22409653663635,48.630468130111694,2
799,46.264142751693726,48.681652307510376,2
800,46.327982902526855,48.72596549987793,2
801,46.37610125541687,48.76122689247131,2
802,46.43610382080078,48.82231283187866,2
803,46.4879686832428,48.87413811683655,2
804,46.540151834487915,48.9263596534729,2
805,46.61207342147827,49.00370264053345,2
806,46.66776266603806,49.0688955783844,2
807,46.72410345077515,49.13788461685181,2
808,46.788159132003784,49.19378328323364,2
809,46.85223603248596,49.24924397468567,2
810,46.89610028266907,49.309736013412476,2
811,46.97610092163086,49.35772371292114,2
812,47.020195722579956,49.41088151931763,1
813,47.10396933555603,49.460949659347534,1
814,47.15196901165794,49.50932788848877,1
815,47.18415451049805,49.541707038879395,1
816,47.23616814613342,49.60099768638611,1
817,47.28801202774048,49.653390645980835,1
818,47.34824085235596,49.70983695983887,1
819,47.40013647079468,49.76598572731018,1
820,47.46410822868347,49.834771394729614,1
821,47.532207012176514,49.894935607910156,1
822,47.596184730529785,49.96603870391846,1
823,47.648253202438354,50.005666971206665,1
824,47.69623136520386,50.061463356018066,1
825,47.74391746520996,50.1028995513916,1
826,47.81179728961483,50.17658185958862,1
827,47.86011505126953,50.23004913330078,1
828,47.920024394989014,50.282291889190674,1
829,47.972240924835205,50.33303165435791,1
830,48.04017615318298,50.40218925476074,1
831,48.12822890281677,50.494080781936646,1
832,48.17610502243042,50.54533362388611,1
833,48.228172302246094,50.61108708381653,1
834,48.29994082450867,50.66513514518738,1
835,48.36802411079407,50.725552797317505,1
836,48.4120659828186,50.7691171169281,1
837,48.459364298708806,50.81809067726135,1
838,48.49621367454529,50.88640785217285,1
839,48.59201431274414,50.95760726928711,1
840,48.652161836624146,51.01304912567139,1
841,48.696227073669434,51.061479330062866,1
842,48.74394384746598,51.108267307281494,1
843,48.79608392715454,51.15306377410889,1
844,48.83954547883257,51.20092582702637,1
845,48.884068727493286,51.24973273277283,1
846,48.936243534088135,51.31033182144165,1
847,48.992186069488525,51.34958243370056,1
848,49.059850454330444,51.41879653930664,1
849,49.092090368270874,51.44886016845703,1
850,49.14003586769104,51.50151705741882,1
851,49.2000732421875,51.57511305809021,1
852,49.259894609451294,51.61991786956787,1
853,49.311883211135864,51.66933989524841,1
854,49.35190391540527,51.70819330215454,1
855,49.39550803536035,51.765713930130005,1
856,49.444188594818115,51.805516958236694,1
857,49.5120952129364,51.8733913898468,1
858,49.548216819763184,51.9047908782959,1
859,49.61188769340515,51.969236612319946,1
860,49.65619874000549,52.026594161987305,1
861,49.716214179992676,52.081732988357544,1
862,49.764052629470825,52.13136863708496,1
863,49.81238079071045,52.18701958656311,1
864,49.88010215759277,52.242103576660156,1
865,49.936131715774536,52.30154538154602,1
866,49.98819947242737,52.34987115859985,1
867,50.04427242279053,52.4054594039917,1
868,50.099966287612915,52.47163391113281,1
869,50.15612721443176,52.51383423805237,1
870,50.20397360582268,52.57024669647217,1
871,50.26408910751343,52.624446868896484,1
872,50.32011818885803,52.68210458755493,1
873,50.37618899345398,52.74172520637512,1
874,50.464149951934814,52.82189631462097,1
875,50.5119223742566,52.87387275695801,1
876,50.556098222732544,52.91870641708374,1
877,50.61186504364014,52.97457242012024,1
878,50.65949944646365,53.019887924194336,1
879,50.70413541793823,53.066293478012085,1
880,50.764000415802,53.12084102630615,1
881,50.820093870162964,53.19881081581116,1
882,50.884082317352295,53.24760365486145,1
883,50.935741893494836,53.30289077758789,1
884,50.988025426864624,53.35262107849121,1
885,51.05221915245056,53.4100558757782,1
886,51.12021327018738,53.486297369003296,1
887,51.18014121055603,53.53984355926514,1
888,51.23219585418701,53.60514688491821,1
889,51.29136688018561,53.65329360961914,1
890,51.336013353700324,53.7023651599884,1
891,51.375996351242065,53.73357605934143,1
892,51.45236349105835,53.817633867263794,1
893,51.516361236572266,53.896641969680786,1
894,51.580262422561646,53.961448431015015,1
895,51.65988755226135,54.02123785018921,1
896,51.71214008331299,54.078614950180054,1
897,51.771920680999756,54.130544662475586,1
898,51.824146032333374,54.197383403778076,1
899,51.94821906089783,54.31876301765442,1
900,52.02438545227051,54.38504457473755,1
901,52.072006940841675,54.43070030212402,1
902,52.11611342430115,54.475109577178955,1
903,52.16409492492676,54.52528166770935,1
904,52.21204733848572,54.57507824897766,1
905,52.26402163505554,54.629870653152466,1
906,52.32340669095649,54.682276010513306,1
907,52.36022067070007,54.724682092666626,1
908,52.41194415092468,54.776909828186035,1
909,52.464173316955566,54.82121777534485,1
910,52.52402472496033,54.88861274719238,1
911,52.5721755027771,54.933841943740845,1
912,52.62831425666809,55.000653982162476,1
913,52.68794918060303,55.04673933982849,1
914,52.76401209831238,55.13140153884888,1
915,52.824235677719116,55.20021867752075,1
916,52.87983388939459,55.25076103210449,1
917,52.93220043182373,55.29402017593384,1
918,52.9719603061676,55.3299765586853,1
919,53.016135931015015,55.384992599487305,1
920,53.07204747200012,55.43683362007141,1
921,53.18344138376518,55.545421838760376,1
922,53.22404503822327,55.58620095252991,1
923,53.27163366690697,55.62980914115906,1
924,53.302867437955186,55.665199995040894,1
925,53.348069190979004,55.70487403869629,1
926,53.39227294921875,55.776713848114014,1
927,53.4640896320343,55.82208800315857,1
928,53.548168897628784,55.90988302230835,1
929,53.60024046897888,55.974318981170654,1
930,53.67192339897156,56.02885675430298,1
931,53.70399808883667,56.0631058216095,1
932,53.75614809989929,56.1142578125,1
933,53.80008339881897,56.16234040260315,1
934,53.85615873336792,56.22282648086548,1
935,53.90802836418152,56.26979660987854,1
936,53.9562201499939,56.329235553741455,1
937,54.04025053977966,56.40623450279236,1
938,54.10402059555054,56.46200346946716,1
939,54.148043632507324,56.505401849746704,1
940,54.19615817070007,56.553826332092285,1
941,54.24807143211365,56.609283685684204,1
942,54.29611825942993,56.67048621177673,1
943,54.36016869544983,56.725783586502075,1
944,54.40805459022522,56.77055096626282,1
945,54.45603108406067,56.81839179992676,1
946,54.51201391220093,56.874547243118286,1
947,54.57906065954248,56.95068645477295,1
948,54.62818264961243,56.99103498458862,1
949,54.67998814582825,57.0521924495697,1
950,54.73203253746033,57.095423221588135,1
951,54.772231340408325,57.13676619529724,1
952,54.839678223654616,57.196985960006714,1
953,54.87613582611084,57.23488903045654,1
954,54.916074991226196,57.274293184280396,1
955,54.95605707168579,57.32278800010681,1
956,55.00013041496277,57.36309742927551,1
957,55.05216360092163,57.41459798812866,1
958,55.10414099693298,57.473586082458496,1
959,55.16812705993652,57.52963066101074,1
960,55.216071367263794,57.575666666030884,1
961,55.26402688026428,57.62574124336243,1
962,55.347901344299316,57.71122717857361,1
963,55.40411591529846,57.76904058456421,1
964,55.47195053100586,57.83668756484985,1
965,55.536229848861694,57.89338040351868,1
966,55.588050842285156,57.9456524848938,1
967,55.63610291481018,57.993749141693115,1
968,55.67987251281738,58.042250633239746,1
969,55.7279839515686,58.09827661514282,1
970,55.77211117744446,58.135014295578,1
971,55.8480761051178,58.210854053497314,1
972,55.92024254798889,58.27707576751709,1
973,55.96429443359375,58.32787871360779,1
974,56.00746937902987,58.3778612613678,1
975,56.072144508361816,58.43046998977661,1
976,56.13215208053589,58.498000144958496,1
977,56.18816065788269,58.55012488365173,1
978,56.23207139968872,58.598137855529785,1
979,56.28813815116882,58.65433192253113,1
980,56.34408736228943,58.70565748214722,1
981,56.39594030380249,58.7607741355896,1
982,56.444193840026855,58.80567979812622,1
983,56.50015377998352,58.86208486557007,1
984,56.552133083343506,58.91144680976868,1
985,56.61214566230774,58.968501329422,1
986,56.66808271408081,59.026118755340576,1
987,56.719929933547974,59.07846450805664,1
988,56.77617073059082,59.133227586746216,1
989,56.844172954559326,59.20120167732239,1
990,56.9120774269104,59.27136516571045,1
991,56.94799757003784,59.31403160095215,1
992,56.99606227874756,59.35402727127075,1
993,57.05597925186157,59.418211936950684,1
994,57.14405131340027,59.50183892250061,1
995,57.18407416343689,59.559094190597534,1
996,57.248186111450195,59.60586905479431,1
997,57.2921826839447,59.65981602668762,1
998,57.36829924583435,59.73102784156799,1
999,57.424229860305786,59.78498578071594,1
1000,57.46426248550415,59.82913780212402,1
1001,57.51207780838013,59.877182960510254,1
1002,57.5803918838501,59.950000047683716,1
1003,57.64824986457825,60.027528524398804,1
1004,57.71195363998413,60.07774114608765,1
1005,57.77206373214722,60.133389949798584,1
1006,57.81616520881653,60.17893075942993,1
1007,57.868229389190674,60.229625940322876,1
1008,57.91615581512451,60.278682470321655,1
1009,57.9881956577301,60.356504917144775,1
1010,58.05602264404297,60.4241578578949,1
1011,58.128196001052856,60.495646715164185,1
1012,58.176146030426025,60.5449800491333,1
1013,58.252129554748535,60.60989022254944,1
1014,58.2995164456914,60.6654589176178,1
1015,58.344099283218384,60.70947980880737,1
1016,58.39199376106262,60.75950646400452,1
1017,58.480050563812256,60.845293283462524,1
1018,58.55217242240906,60.91287970542908,1
1019,58.60806941986084,60.96621918678284,1
1020,58.66822957992554,61.025830030441284,1
1021,58.711851835250854,61.081663846969604,1
1022,58.772132873535156,61.12983536720276,1
1023,58.84822726249695,61.21846842765808,1
1024,58.91602945327759,61.27819228172302,1
1025,58.97217297554016,61.333842277526855,1
1026,59.02001714706421,61.39138221740723,1
1027,59.08413505554199,61.44609522819519,1
1028,59.13207006454468,61.49887776374817,1
1029,59.18422484397888,61.54565238952637,1
1030,59.260305643081665,61.63002896308899,1
1031,59.31222629547119,61.67972803115845,1
1032,59.376174449920654,61.74192261695862,1
1033,59.44408965110779,61.80677151679993,1
1034,59.500046253204346,61.85797715187073,1
1035,59.55612564086914,61.92611217498779,1
1036,59.62406516075134,61.98974800109863,1
1037,59.69599914550781,62.05427646636963,1
1038,59.76433229446411,62.12561869621277,1
1039,59.83216428756714,62.198716163635254,1
1040,59.892109632492065,62.2491512298584,1
1041,59.9362359046936,62.29711556434631,1
1042,59.98017764091492,62.341108083724976,1
1043,60.03217530250549,62.395129919052124,1
1044,60.116196632385254,62.48377704620361,1
1045,60.1680588722229,62.52748417854309,1
1046,60.22812533378601,62.60173773765564,1
1047,60.28817915916443,62.651289224624634,1
1048,60.340190172195435,62.70240068435669,1
1049,60.392186641693115,62.7644248008728,1
1050,60.45571149436789,62.81657361984253,1
1051,60.49110795726947,62.85000467300415,1
1052,60.52408456802368,62.88623523712158,1
1053,60.57617926597595,62.935518741607666,1
1054,60.62811827659607,62.99391508102417,1
1055,60.691978931427,63.059027433395386,1
1056,60.74395132064819,63.10136270523071,1
1057,60.79606103897095,63.15516948699951,1
1058,60.83604049682617,63.19352412223816,1
1059,60.888232469558716,63.25569009780884,1
1060,60.94810366630554,63.3077597618103,1
1061,60.992212772369385,63.362396001815796,1
1062,61.0482451915741,63.41531682014465,1
1063,61.11612343788147,63.485591173172,1
1064,61.184237241744995,63.550429821014404,1
1065,61.22813272476196,63.590675592422485,1
1066,61.28022861480713,63.63739252090454,1
1067,61.32405090332031,63.697155237197876,1
1068,61.38822293281555,63.74508357048035,1
1069,61.43937130112473,63.81083536148071,1
1070,61.496062994003296,63.85439896583557,1
1071,61.54813575744629,63.905616760253906,1
1072,61.59205985069275,63.95036816596985,1
1073,61.648149251937866,64.00921773910522,1
1074,61.70415735244751,64.07432889938354,1
1075,61.77234506607056,64.13368606567383,1
1076,61.82413911819458,64.1866021156311,1
1077,61.88414740562439,64.25496339797974,1
1078,61.94407916069031,64.30313658714294,1
1079,61.988102436065674,64.3471348285675,1
1080,62.032119274139404,64.39897751808167,1
1081,62.08020806312561,64.44501852989197,1
1082,62.132055044174194,64.49869751930237,1
1083,62.18022894859314,64.53754115104675,1
1084,62.21612215042114,64.57387924194336,1
1085,62.256184816360474,64.6131055355072,1
1086,62.29996967315674,64.66169118881226,1
1087,62.363209014240525,64.72736716270447,1
1088,62.41222882270813,64.77554535865784,1
1089,62.4719774723053,64.83021926879883,1
1090,62.51215696334839,64.88126564025879,1
1091,62.57623648643494,64.94549107551575,1
1092,62.62796473503113,64.98615956306458,1
1093,62.667975425720215,65.0277647972107,1
1094,62.75186824798584,65.11164498329163,1
1095,62.79610586166382,65.1652455329895,1
1096,62.87203502655029,65.2343225479126,1
1097,62.91993689537048,65.28275346755981,1
1098,62.96806859970093,65.3303325176239,1
1099,63.02405118942261,65.3817548751831,1
1100,63.068219900131226,65.43049883842468,1
1101,63.1202278137207,65.48348593711853,1
1102,63.17624115943909,65.54160022735596,1
1103,63.24402856826782,65.6144187450409,1
1104,63.29210376739502,65.65359902381897,1
1105,63.340086698532104,65.70173716545105,1
1106,63.3842670917511,65.75094246864319,1
1107,63.44414281845093,65.81056880950928,1
1108,63.51611113548279,65.88094687461853,1
1109,63.56411671638489,65.92762088775635,1
1110,63.63222908973694,65.99967241287231,1
1111,63.68828511238098,66.04535603523254,1
1112,63.73997259140015,66.09872961044312,1
1113,63.79619884490967,66.17363595962524,1
1114,63.8594711311829,66.2289764881134,1
1115,63.908299684524536,66.27864027023315,1
1116,63.96410417556763,66.32940769195557,1
1117,64.02810072898865,66.39227652549744,1
1118,64.09216070175171,66.45028328895569,1
1119,64.14810371398926,66.51707172393799,1
1120,64.21585906810367,66.57833695411682,1
1121,64.25603675842285,66.61340260505676,1
1122,64.32001280784607,66.6855959892273,1
1123,64.37211537361145,66.73812961578369,1
1124,64.44813275337219,66.805912733078,1
1125,64.51612496376038,66.88378500938416,1
1126,64.56414532661438,66.93033766746521,1
1127,64.61993217468262,66.9819233417511,1
1128,64.6714350408819,67.03044152259827,1
1129,64.7161967754364,67.09018635749817,1
1130,64.77937509450265,67.14364647865295,1
1131,64.84417414665222,67.2022135257721,1
1132,64.89626979827881,67.2525691986084,1
1133,64.94797277450562,67.30609440803528,1
1134,64.98422122001648,67.34990429878235,1
1135,65.03212857246399,67.39090061187744,1
1136,65.08822655677795,67.44568800926208,1
1137,65.14813113212585,67.52262592315674,1
1138,65.23202991485596,67.60274386405945,1
1139,65.29608988761902,67.65342164039612,1
1140,65.35206866264343,67.72044706344604,1
1141,65.40413022041321,67.76145935058594,1
1142,65.46411538124084,67.82322025299072,1
1143,65.51224398612976,67.87545013427734,1
1144,65.57614994049072,67.93699073791504,1
1145,65.63624501228333,67.99312162399292,1
1146,65.68425393104553,68.05112862586975,1
1147,65.74012804031372,68.10590982437134,1
1148,65.79999136924744,68.16360640525818,1
1149,65.85205483436584,68.21510291099548,1
1150,65.90822744369507,68.27028560638428,1
1151,65.98424339294434,68.34170317649841,1
1152,66.0282289981842,68.3965208530426,1
