PacketSeqNo,GeneratedTime(sec),ArrivalTime(sec),MulticastIdx
1,0.00187587738037,6.58157205582,1
2,0.0138609409332,6.59260416031,1
3,0.0268309116364,6.61319494247,1
4,0.0397408008575,6.61916399002,1
5,0.0524039268494,6.63107299805,1
6,0.0644369125366,6.64732503891,1
7,0.0767729282379,6.65675806999,1
8,0.0891737937927,6.68133401871,1
9,0.101432800293,6.68180513382,1
10,0.113958835602,6.69688200951,1
11,0.129051923752,6.71828007698,1
12,0.141384840012,6.72211098671,1
13,0.153735876083,6.73416304588,1
14,0.166163921356,6.7532761097,1
15,0.178582906723,6.75969195366,1
16,0.190917015076,6.78877210617,1
17,0.220133781433,6.80069994926,1
18,0.232249975204,6.80937409401,1
19,0.244291782379,6.82267594337,1
20,0.255818843842,6.83722305298,1
21,0.267550945282,6.86577415466,1
22,0.2796189785,6.86615514755,1
23,0.292605876923,6.87371206284,1
24,0.305149793625,6.90430116653,1
25,0.3180809021,6.90468811989,1
26,0.331310987473,6.91179895401,1
27,0.34335398674,6.94089698792,1
28,0.355929851532,6.94130110741,1
29,0.368726968765,6.94939899445,1
30,0.381269931793,6.98229503632,1
31,0.393894910812,6.9827940464,1
32,0.406749010086,6.9950261116,1
33,0.419490814209,7.00265097618,1
34,0.432294845581,7.0105381012,1
35,0.444381952286,7.02385616302,1
36,0.456828832626,7.0361161232,1
37,0.469500780106,7.06074595451,1
38,0.482388973236,7.06722998619,1
39,0.49506688118,7.07655715942,1
40,0.507741928101,7.10014200211,1
41,0.520161867142,7.10055804253,1
42,0.532517910004,7.1373269558,1
43,0.545120000839,7.13770413399,1
44,0.557734966278,7.1380879879,1
45,0.570232868195,7.17576098442,1
46,0.582798957825,7.17613911629,1
47,0.59564781189,7.17650413513,1
48,0.608545780182,7.19009494781,1
49,0.62179684639,7.22029209137,3
50,0.634533882141,7.22127699852,3
51,0.64747095108,7.25371098518,3
52,0.660793781281,7.25408506393,3
53,0.673277854919,7.25445413589,3
54,0.685833930969,7.26526212692,3
55,0.698800802231,7.29267311096,3
56,0.711322784424,7.29312396049,3
57,0.724224805832,7.30826497078,3
58,0.736952781677,7.31614494324,3
59,0.749399900436,7.33131599426,3
60,0.761696815491,7.34049201012,3
61,0.77387881279,7.35094213486,3
62,0.786490917206,7.36957907677,3
63,0.798785924911,7.42548894882,3
64,0.81143784523,7.46584606171,3
65,0.823740005493,7.46667003632,3
66,0.83616900444,7.46740412712,3
67,0.848961830139,7.46813416481,3
68,0.861407995224,7.46886205673,3
69,0.873775959015,7.46956801414,3
70,0.886888980865,7.49600505829,3
71,0.899499893188,7.49651312828,3
72,0.911659955978,7.49690413475,3
73,0.923965930939,7.50605297089,1
74,0.936438798904,7.51535415649,1
75,0.948666810989,7.52976799011,1
76,0.961670875549,7.5525701046,1
77,0.974299907684,7.55306315422,1
78,0.987021923065,7.59021401405,1
79,0.999577999115,7.59064912796,1
80,1.01191782951,7.59102106094,1
81,1.0244538784,7.60415506363,1
82,1.03721785545,7.62951898575,1
83,1.05011081696,7.63358902931,1
84,1.06258678436,7.64235210419,1
85,1.0751709938,7.66938209534,1
86,1.08753085136,7.66978502274,1
87,1.10040593147,7.6798081398,1
88,1.11353182793,7.69298195839,1
89,1.12605881691,7.70635414124,1
90,1.13850498199,7.72147512436,1
91,1.15128183365,7.74856305122,1
92,1.16381382942,7.74900102615,1
93,1.17623901367,7.75998806953,1
94,1.18914198875,7.76887893677,1
95,1.20232081413,7.78109002113,1
96,1.21462392807,7.79314899445,3
97,1.22706484795,7.8242521286,3
98,1.23982191086,7.82466411591,3
99,1.25240182877,7.83274507523,3
100,1.26511979103,7.86226201057,3
101,1.27848100662,7.8627641201,3
102,1.29140782356,7.87053203583,3
103,1.30431199074,7.90178799629,3
104,1.31722593307,7.90233802795,3
105,1.32991099358,7.90967416763,3
106,1.34339594841,7.94154715538,3
107,1.35585284233,7.94196414948,3
108,1.36803483963,7.9505610466,3
109,1.38037085533,7.96294808388,3
110,1.39305686951,7.9737341404,3
111,1.4053068161,7.98585915565,3
112,1.41799497604,7.99798798561,3
113,1.43087601662,8.01508998871,3
114,1.4436237812,8.02349305153,3
115,1.45606279373,8.05633306503,3
116,1.46884989738,8.05680608749,3
117,1.48110985756,8.06492400169,3
118,1.49410796165,8.09207296371,3
119,1.50685501099,8.09244608879,3
120,1.51976585388,8.09870100021,3
121,1.53239178658,8.1149251461,3
122,1.54504179955,8.12544703484,3
123,1.55782985687,8.13794612885,3
124,1.57191300392,8.15075206757,3
125,1.58408999443,8.1696100235,3
126,1.59620785713,8.18592905998,1
127,1.60860896111,8.20573306084,1
128,1.62123990059,8.20618104935,1
129,1.63393688202,8.21336293221,1
130,1.64687180519,8.24317502975,1
131,1.6595518589,8.24355101585,1
132,1.67184185982,8.25504493713,1
133,1.68456697464,8.26430511475,1
134,1.6972219944,8.27905416489,1
135,1.71019482613,8.29006004333,1
136,1.72308897972,8.30218100548,1
137,1.7356698513,8.32036399841,1
138,1.74857783318,8.33124709129,1
139,1.76098895073,8.35680198669,1
140,1.77336287498,8.35729598999,1
141,1.78588986397,8.37300896645,1
142,1.79899096489,8.39178609848,1
143,1.81121587753,8.39421105385,1
144,1.82352089882,8.40368700027,1
145,1.83616089821,8.43056893349,1
146,1.84886479378,8.4311311245,1
147,1.86191082001,8.44072914124,1
148,1.87544083595,8.45796108246,1
149,1.88799881935,8.46658110619,1
150,1.90035891533,8.48016095161,1
151,1.91245293617,8.49123597145,3
152,1.92471289635,8.50751304626,3
153,1.93733882904,8.5215010643,3
154,1.95084500313,8.54434394836,3
155,1.96386790276,8.54486203194,3
156,1.97597098351,8.55867409706,3
157,1.98806786537,8.56979203224,3
158,2.00047492981,8.57950401306,3
159,2.01278090477,8.59058713913,3
160,2.02566981316,8.6217019558,3
161,2.03808283806,8.62210702896,3
162,2.05056786537,8.6280670166,3
163,2.06296801567,8.66053009033,3
164,2.07535982132,8.6609480381,3
165,2.08809995651,8.66536808014,3
166,2.10067987442,8.69863796234,3
167,2.11301398277,8.69904494286,3
168,2.12558698654,8.70619010925,3
169,2.13799881935,8.73993897438,3
170,2.15060997009,8.74035906792,3
171,2.16330480576,8.77556109428,3
172,2.17707586288,8.77598905563,3
173,2.19000697136,8.81369805336,3
174,2.20337200165,8.81423401833,3
175,2.21618485451,8.81461906433,3
176,2.22790789604,8.82616305351,3
177,2.23989200592,8.82664012909,3
178,2.25206494331,8.85674214363,3
179,2.26412701607,8.857172966,3
180,2.27629494667,8.87278413773,1
181,2.2886698246,8.87377810478,1
182,2.30119681358,8.88557696342,1
183,2.31355190277,8.90894412994,1
184,2.32561588287,8.91121602058,1
185,2.33890795708,8.9430680275,1
186,2.35080981255,8.94594502449,1
187,2.36412787437,8.97303915024,1
188,2.37787985802,8.97508811951,1
189,2.39003181458,8.98625802994,1
190,2.40298199654,9.00856900215,1
191,2.41556382179,9.0089931488,1
192,2.43024301529,9.00938010216,1
193,2.4425330162,9.02596998215,1
194,2.45547890663,9.04826903343,1
195,2.46871900558,9.06410312653,1
196,2.48174881935,9.08895897865,1
197,2.49423193932,9.08943414688,1
198,2.50662088394,9.1025121212,1
199,2.51902484894,9.12353897095,1
200,2.53113985062,9.12391495705,1
201,2.54376292229,9.16091108322,1
202,2.55631494522,9.1613380909,1
203,2.56880879402,9.16174197197,1
204,2.58271384239,9.2039539814,1
205,2.59751796722,9.20646500587,1
206,2.61493492126,9.26388001442,2
207,2.62720489502,9.27136707306,2
208,2.64250993729,9.27181816101,2
209,2.65670180321,9.274559021,2
210,2.66855287552,9.27502393723,2
211,2.68149280548,9.27548003197,2
212,2.69443082809,9.29774308205,2
213,2.7069439888,9.31560707092,2
214,2.71937584877,9.31601905823,2
215,2.73230600357,9.31642413139,2
216,2.74408483505,9.32820796967,2
217,2.75638985634,9.35465598106,2
218,2.76884198189,9.3551659584,2
219,2.78096580505,9.39307594299,2
220,2.79404997826,9.39350104332,2
221,2.80666780472,9.40916013718,2
222,2.81858992577,9.43240904808,2
223,2.83122181892,9.43470811844,2
224,2.84433197975,9.43527913094,2
225,2.8562707901,9.4705350399,2
226,2.86838698387,9.4709379673,2
227,2.88227295876,9.47129893303,2
228,2.89544487,9.48846912384,2
229,2.90745592117,9.51603198051,2
230,2.91964387894,9.51651597023,2
231,2.93169784546,9.51767516136,2
232,2.94406795502,9.52426409721,2
233,2.95763778687,9.53894209862,2
234,2.96959400177,9.55914497375,2
235,2.98160791397,9.56174206734,0
236,2.99434685707,9.62261009216,0
237,3.00735998154,9.63839793205,0
238,3.01964998245,9.63994002342,0
239,3.03207492828,9.66456913948,0
240,3.04544878006,9.66501903534,0
241,3.05728578568,9.66544413567,0
242,3.07052493095,9.67833995819,0
243,3.08258199692,9.70277905464,0
244,3.09624886513,9.70319008827,0
245,3.10820484161,9.71147894859,0
246,3.12084579468,9.71199202538,0
247,3.1339969635,9.74128293991,0
248,3.14600086212,9.74172115326,0
249,3.15864181519,9.77895712852,0
250,3.17212891579,9.77934002876,0
251,3.18413090706,9.77973008156,0
252,3.19758892059,9.78009605408,0
253,3.20964598656,9.79283308983,0
254,3.22162294388,9.8175470829,0
255,3.23399186134,9.83053898811,0
256,3.24689292908,9.8316860199,0
257,3.2609128952,9.85767602921,0
258,3.27370095253,9.87071800232,0
259,3.28623986244,9.87109494209,0
260,3.29905986786,9.89716815948,0
261,3.31196880341,9.9092669487,0
262,3.32508397102,9.90967512131,0
263,3.33714985847,9.94596600533,3
264,3.35102891922,9.95365905762,3
265,3.36314892769,9.97336602211,3
266,3.3751449585,9.97375607491,3
267,3.38725185394,9.97412514687,3
268,3.40096879005,9.9829249382,3
269,3.41340684891,10.0030479431,3
270,3.42531991005,10.0152151585,3
271,3.43835401535,10.0183451176,3
272,3.45078778267,10.0289580822,3
273,3.46399283409,10.0600450039,3
274,3.47620487213,10.0641081333,3
275,3.48861098289,10.0687720776,3
276,3.50200390816,10.1005520821,3
277,3.51446986198,10.1009521484,3
278,3.52665090561,10.1293611526,3
279,3.53972792625,10.1297900677,3
280,3.55243492126,10.138272047,3
281,3.56680297852,10.1660699844,3
282,3.57910299301,10.170194149,3
283,3.59262800217,10.1766901016,1
284,3.60476493835,10.1886601448,1
285,3.61702680588,10.2123169899,1
286,3.62950491905,10.214302063,1
287,3.64183282852,10.22032094,1
288,3.65470385551,10.2470710278,1
289,3.66670799255,10.2514140606,1
290,3.67973780632,10.2609541416,1
291,3.69200396538,10.2830250263,1
292,3.70598483086,10.2879331112,1
293,3.71831488609,10.3015580177,1
294,3.73103880882,10.3235430717,1
295,3.74393081665,10.3266091347,1
296,3.75660896301,10.3604459763,1
297,3.7684738636,10.363722086,1
298,3.78208494186,10.3646030426,1
299,3.79433894157,10.4369180202,1
300,3.80730581284,10.4413781166,1
301,3.81930088997,10.4419140816,1
302,3.83193397522,10.4512939453,1
303,3.84390091896,10.451677084,1
304,3.85594797134,10.4520411491,1
305,3.8691740036,10.4544620514,1
306,3.88270688057,10.4613420963,1
307,3.89502191544,10.4800491333,1
308,3.90746188164,10.4992899895,1
309,3.91972279549,10.5120780468,1
310,3.93306994438,10.5346651077,1
311,3.94567584991,10.5350730419,1
312,3.95908689499,10.549708128,1
313,3.9717168808,10.5596661568,2
314,3.98392987251,10.5629379749,2
315,3.99588894844,10.5741460323,2
316,4.00814080238,10.5932610035,2
317,4.02000284195,10.6093420982,2
318,4.04633688927,10.6266441345,2
319,4.06004095078,10.6462099552,2
320,4.08520483971,10.6653399467,2
321,4.11105394363,10.703400135,2
322,4.12385082245,10.7102301121,2
323,4.14733600616,10.7425129414,2
324,4.16111278534,10.7486960888,2
325,4.1779859066,10.7772331238,2
326,4.19556283951,10.8009741306,2
327,4.21417188644,10.8013660908,2
328,4.22979187965,10.8381631374,2
329,4.24195098877,10.8386111259,2
330,4.25429296494,10.8804440498,2
331,4.2676949501,10.8818600178,2
332,4.29153895378,10.8824009895,2
333,4.3069229126,10.8919570446,2
334,4.33005595207,10.907225132,2
335,4.34697198868,10.9529941082,0
336,4.37423586845,10.9534180164,0
337,4.40788698196,10.9921209812,0
338,4.42069888115,11.030493021,0
339,4.43528985977,11.038203001,0
340,4.44923496246,11.0404889584,0
341,4.46123194695,11.0733950138,0
342,4.48545885086,11.0738151073,0
343,4.50018000603,11.1113960743,0
344,4.52478885651,11.1161971092,0
345,4.56296300888,11.1504240036,0
346,4.60153698921,11.1878969669,0
347,4.61383080482,11.2349081039,0
348,4.64110898972,11.2443649769,0
349,4.67950701714,11.2563760281,0
350,4.71717095375,11.2949941158,0
351,4.73455786705,11.3230941296,0
352,4.7502849102,11.3297269344,0
353,4.7625348568,11.3626830578,0
354,4.7764070034,11.3640291691,0
355,4.79473090172,11.4361140728,0
356,4.81273579597,11.4388890266,0
357,4.84225392342,11.4393849373,0
358,4.87025499344,11.4508581161,0
359,4.8847079277,11.4832310677,2
360,4.9060819149,11.5318779945,2
361,4.91817378998,11.5323050022,2
362,4.93067789078,11.5326881409,2
363,4.94206595421,11.533064127,2
364,4.95382094383,11.5645580292,2
365,4.99752998352,11.5879449844,2
366,5.03439998627,11.6351389885,2
367,5.06927394867,11.6697821617,2
368,5.09518790245,11.6792781353,2
369,5.1109290123,11.708990097,2
370,5.13111186028,11.7289609909,2
371,5.14433598518,11.769256115,2
372,5.17415690422,11.7724080086,2
373,5.18894600868,11.7856750488,2
374,5.20066285133,11.7948560715,2
375,5.21326780319,11.7952749729,2
376,5.22756099701,11.8220260143,2
377,5.25066399574,11.8379940987,2
378,5.28814697266,11.8656890392,2
379,5.30156993866,11.9018809795,2
380,5.32733488083,11.9117910862,2
381,5.36670780182,11.9545941353,2
382,5.38925790787,11.9797511101,2
383,5.40076398849,11.9902510643,2
384,5.41254281998,11.9906580448,2
385,5.42506980896,12.0168471336,2
386,5.44665193558,12.0341081619,2
387,5.45933699608,12.0541300774,0
388,5.49243688583,12.0695209503,0
389,5.51784300804,12.0995111465,0
390,5.52999281883,12.1321480274,0
391,5.54144501686,12.1368000507,0
392,5.56094789505,12.1406040192,0
393,5.57346081734,12.1712110043,0
394,5.60245490074,12.2015600204,0
395,5.63172698021,12.2149231434,0
396,5.64324998856,12.238284111,0
397,5.66917681694,12.2497940063,0
398,5.68154096603,12.2640099525,0
399,5.69347882271,12.2886731625,0
400,5.7086288929,12.2926361561,0
401,5.7218849659,12.2987380028,0
402,5.74538183212,12.3231151104,0
403,5.75775885582,12.3369190693,0
404,5.78267097473,12.3755581379,0
405,5.79929900169,12.3791699409,0
406,5.82151079178,12.4160220623,0
407,5.83511281013,12.4164719582,0
408,5.86005783081,12.4385480881,0
409,5.87179684639,12.4536001682,0
410,5.88444495201,12.461630106,0
411,5.90048694611,12.4772911072,0
412,5.91566491127,12.500674963,0
413,5.93274378777,12.5139360428,2
414,5.94815993309,12.5397040844,2
415,5.97079491615,12.5721690655,2
416,5.98507189751,12.5733590126,2
417,6.00171589851,12.5872721672,2
418,6.01387286186,12.6216471195,2
419,6.02586579323,12.6220290661,2
420,6.04790997505,12.6603870392,2
421,6.08666586876,12.6675100327,2
422,6.10447692871,12.6895401478,2
423,6.13637781143,12.71393013,2
424,6.16459798813,12.7455439568,2
425,6.18131780624,12.7660491467,2
426,6.20843696594,12.8047580719,2
427,6.22062587738,12.8075690269,2
428,6.25079083443,12.8427579403,2
429,6.28120589256,12.9252171516,2
430,6.29668283463,12.9263291359,2
431,6.31145191193,12.9273440838,2
432,6.32298398018,12.9285531044,2
433,6.33482789993,13.0011529922,2
434,6.35832500458,13.0016219616,2
435,6.36989998817,13.0079360008,2
436,6.399132967,13.0085539818,2
437,6.41312599182,13.0179929733,0
438,6.43463301659,13.0807800293,0
439,6.45235180855,13.0811901093,0
440,6.47365498543,13.0955979824,0
441,6.48573684692,13.095993042,0
442,6.51550483704,13.1160800457,0
443,6.52946901321,13.1202399731,0
444,6.55030179024,13.1305279732,0
445,6.56322383881,13.1620099545,0
446,6.59097886086,13.1679151058,0
447,6.60334086418,13.200232029,0
448,6.63580083847,13.2394471169,0
449,6.66610479355,13.2502770424,0
450,6.6775598526,13.2557311058,0
451,6.68904089928,13.2642049789,0
452,6.7015709877,13.2785019875,0
453,6.7130279541,13.2943351269,0
454,6.7246799469,13.3200230598,0
455,6.74180984497,13.3269851208,0
456,6.75426888466,13.3566031456,0
457,6.78024888039,13.3740329742,0
458,6.79326081276,13.3787541389,0
459,6.81958794594,13.4120819569,0
460,6.83612084389,13.4320650101,0
461,6.86194992065,13.4442939758,0
462,6.89666295052,13.4861049652,0
463,6.91432189941,13.4952089787,3
464,6.94091391563,13.5298769474,3
465,6.96007299423,13.5401721001,3
466,6.97281694412,13.5654201508,3
467,6.9858520031,13.5658380985,3
468,7.01638579369,13.5946650505,3
469,7.02784395218,13.6050219536,3
470,7.05190682411,13.6310911179,3
471,7.06348180771,13.6526441574,3
472,7.08934688568,13.6673820019,3
473,7.1013917923,13.6815750599,3
474,7.12868595123,13.7088780403,3
475,7.14167785645,13.7334549427,3
476,7.16758680344,13.7766180038,3
477,7.18587589264,13.8291730881,3
478,7.26086592674,13.843558073,3
479,7.28519892693,13.9050590992,3
480,7.29772996902,13.9284961224,3
481,7.32290792465,13.935847044,3
482,7.33605289459,13.9363930225,3
483,7.36118292809,13.9447140694,3
484,7.37288999557,14.0172600746,3
485,7.3994178772,14.0243611336,3
486,7.41203689575,14.1310441494,3
487,7.42963695526,14.1323151588,3
488,7.44110298157,14.1396751404,1
489,7.45272493362,14.1645770073,1
490,7.47953391075,14.1794791222,1
491,7.49088978767,14.1961419582,1
492,7.51482796669,14.2100090981,1
493,7.5275349617,14.2122001648,1
494,7.55373597145,14.2139511108,1
495,7.56988096237,14.2227051258,1
496,7.59227180481,14.2263090611,1
497,7.60394501686,14.2275710106,1
498,7.62205982208,14.2283930779,1
499,7.63561201096,14.2294700146,1
500,7.64955091476,14.2420859337,1
501,7.67015099525,14.287623167,1
502,7.68806886673,14.2896330357,1
503,7.7088098526,14.3397619724,1
504,7.72051596642,14.3458089828,1
505,7.7323319912,14.3518669605,1
506,7.74371981621,14.3585700989,1
507,7.75586986542,14.3608660698,1
508,7.76995396614,14.3869550228,2
509,7.82970380783,14.4255940914,2
510,7.84141898155,14.4337649345,2
511,7.85323190689,14.437276125,2
512,7.87513184547,14.4683060646,2
513,7.89223098755,14.4775590897,2
514,7.90708994865,14.4989919662,2
515,7.92501282692,14.503991127,2
516,7.93704390526,14.5228569508,2
517,7.96056294441,14.5450100899,2
518,7.9736828804,14.5535831451,2
519,7.98682284355,14.5833461285,2
520,8.00356578827,14.5843491554,2
521,8.0196158886,14.6218700409,2
522,8.03827595711,14.6245200634,2
523,8.05208778381,14.7337739468,2
524,8.07524490356,14.7347640991,2
525,8.08672094345,14.7428159714,2
526,8.1130759716,14.7521910667,2
527,8.12460494041,14.7666170597,2
528,8.13660693169,14.7685360909,2
529,8.15255284309,14.772851944,2
530,8.16399288177,14.7959799767,2
531,8.17548680305,14.8027329445,2
532,8.18867683411,14.8035070896,2
533,8.20029377937,14.8054320812,2
534,8.22712779045,14.8093590736,2
535,8.24346494675,14.8224570751,2
536,8.2709069252,14.8686499596,0
537,8.28249287605,14.8780939579,0
538,8.32129597664,14.9162991047,0
539,8.33344888687,14.9240069389,0
540,8.34577488899,14.9251401424,0
541,8.35732078552,14.9513139725,0
542,8.38664484024,14.9848520756,0
543,8.39827895164,14.9908919334,0
544,8.42431092262,15.0612261295,0
545,8.43601179123,15.0673770905,0
546,8.4679069519,15.0897910595,0
547,8.49803996086,15.1075110435,0
548,8.51075983047,15.1090271473,0
549,8.53687596321,15.1185250282,0
550,8.55220389366,15.1434209347,0
551,8.57576298714,15.2204871178,0
552,8.58741188049,15.2232811451,0
553,8.61466193199,15.2237510681,0
554,8.62822294235,15.2244930267,0
555,8.66402578354,15.2431681156,0
556,8.67568397522,15.2638320923,0
557,8.69294500351,15.2880699635,0
558,8.71308898926,15.3010809422,0
559,8.73360800743,15.3275721073,0
560,8.74916791916,15.3279700279,0
561,8.76211595535,15.3677749634,0
562,8.78060698509,15.3801000118,2
563,8.79931592941,15.3871150017,2
564,8.81098484993,15.3955619335,2
565,8.83354401588,15.4165530205,2
566,8.84762501717,15.4404649734,2
567,8.86284899712,15.4408750534,2
568,8.87737989426,15.4828491211,2
569,8.89093589783,15.4839770794,2
570,8.91366195679,15.499655962,2
571,8.9471578598,15.5293979645,2
572,8.96351885796,15.5538101196,2
573,8.98647880554,15.5911681652,2
574,9.0109398365,15.5924520493,2
575,9.02362680435,15.6144981384,2
576,9.03742790222,15.6199359894,2
577,9.05317497253,15.6370310783,2
578,9.07684278488,15.6700119972,2
579,9.08842897415,15.6831829548,2
580,9.10244488716,15.6873049736,2
581,9.11678481102,15.7137680054,2
582,9.13259100914,15.7206561565,2
583,9.15573978424,15.7410321236,2
584,9.17055988312,15.7489340305,2
585,9.19555592537,15.7869231701,2
586,9.20873093605,15.7889690399,0
587,9.22210788727,15.8076591492,0
588,9.23665499687,15.8165400028,0
589,9.25304794312,15.8319959641,0
590,9.26690793037,15.8675920963,0
591,9.28642988205,15.8790040016,0
592,9.30437994003,15.9039490223,0
593,9.31996583939,15.904720068,0
594,9.33204388618,15.980738163,0
595,9.34990787506,15.989855051,0
596,9.36258387566,15.9904530048,0
597,9.37987685204,15.991740942,0
598,9.40050983429,15.9940969944,0
599,9.43822479248,16.0157160759,0
600,9.45421099663,16.057115078,0
601,9.46807980537,16.0575489998,0
602,9.4808549881,16.1816329956,0
603,9.49244999886,16.1836061478,0
604,9.512570858,16.1872110367,0
605,9.52468299866,16.2010500431,0
606,9.53731489182,16.2091751099,2
607,9.55181384087,16.2101681232,2
608,9.56387591362,16.2160730362,2
610,9.59576582909,16.2172250748,2
609,9.58103299141,16.2418520451,2
611,9.62830495834,16.2424240112,2
612,9.64230895042,16.2440609932,2
613,9.66444993019,16.2484650612,2
614,9.67621994019,16.2781889439,2
615,9.69793391228,16.282679081,2
616,9.70986580849,16.3178939819,2
617,9.73373293877,16.3289570808,2
618,9.74546480179,16.4309351444,2
619,9.76303291321,16.4347491264,2
620,9.77459478378,16.4510371685,2
621,9.80221700668,16.4557340145,2
622,9.81860589981,16.4561700821,2
623,9.84259796143,16.4608559608,2
624,9.86747288704,16.4730451107,2
625,9.88031983376,16.4734749794,2
626,9.89822793007,16.4847810268,2
627,9.92048978806,16.5091061592,2
628,9.93768382072,16.5232210159,2
629,9.95480394363,16.5518519878,2
630,9.96870398521,16.5565710068,2
631,9.98176980019,16.6302621365,2
632,10.0718619823,16.6661310196,2
633,10.0841588974,16.6748270988,2
634,10.1004939079,16.6777441502,2
635,10.1137678623,16.7019491196,2
636,10.1337859631,16.7131040096,0
637,10.1453528404,16.7205381393,0
638,10.1577689648,16.7406840324,0
639,10.1722300053,16.7505891323,0
640,10.187142849,16.7755601406,0
641,10.2047958374,16.8152201176,0
642,10.224768877,16.8160610199,0
643,10.2368309498,16.8173861504,0
644,10.253923893,16.8394510746,0
645,10.2679479122,16.851238966,0
646,10.3008708954,16.9338870049,0
647,10.3142738342,16.9369540215,0
648,10.3382778168,16.9681899548,0
649,10.3742499352,16.9730269909,0
650,10.4124798775,17.0806391239,0
651,10.4326159954,17.0814051628,0
652,10.4485399723,17.0821580887,0
653,10.4640719891,17.0941131115,0
654,10.4847009182,17.0946071148,0
655,10.4976809025,17.0988211632,0
656,10.5185739994,17.099337101,0
657,10.5363368988,17.1887249947,0
658,10.572824955,17.1897740364,0
659,10.5915009975,17.1905210018,0
660,10.6036098003,17.1976850033,0
661,10.6271979809,17.2173211575,0
662,10.638876915,17.2222509384,0
663,10.6658468246,17.2655920982,0
664,10.6855089664,17.266682148,0
665,10.7007679939,17.2986731529,0
666,10.712531805,17.300317049,2
667,10.7434158325,17.3316919804,2
668,10.7820768356,17.398802042,2
669,10.7980849743,17.3997139931,2
670,10.8106398582,17.4031660557,2
671,10.8250179291,17.4660489559,2
672,10.8382518291,17.4674291611,2
673,10.8634848595,17.4722061157,2
674,10.8846039772,17.4781050682,2
675,10.8988258839,17.4845991135,2
676,10.9122908115,17.488448143,2
677,10.924394846,17.5058810711,2
678,10.9518640041,17.5482261181,2
679,10.9643979073,17.5796120167,2
680,10.9919588566,17.5804071426,2
681,11.0035018921,17.606595993,2
682,11.0151867867,17.6127271652,2
683,11.0288589001,17.6153049469,2
684,11.0451989174,17.6283991337,2
685,11.0582129955,17.6559500694,2
686,11.0715639591,17.6567060947,2
687,11.0877659321,17.6939909458,2
688,11.1009879112,17.7012081146,2
689,11.1148629189,17.7299740314,2
690,11.1276869774,17.7395970821,0
691,11.1394889355,17.7443571091,0
692,11.1512188911,17.7448959351,0
693,11.1635940075,17.7504220009,0
694,11.1838879585,17.7626039982,0
695,11.2025949955,17.8167459965,0
696,11.2222309113,17.8197031021,0
697,11.2349739075,17.8259911537,0
698,11.2475998402,17.849421978,0
699,11.2645838261,17.8502659798,0
700,11.2848279476,17.8860011101,0
701,11.3013629913,17.8867881298,0
702,11.3203208447,17.9229490757,0
703,11.3535900116,17.946516037,0
704,11.3711628914,17.9523780346,0
705,11.3928058147,17.985350132,0
706,11.404750824,17.9898340702,0
707,11.4311859608,18.0111300945,0
708,11.4427340031,18.028167963,0
709,11.4706668854,18.0677390099,0
710,11.5098958015,18.1062951088,0
711,11.5224428177,18.1194961071,0
712,11.5348138809,18.122574091,0
713,11.546738863,18.1271309853,0
714,11.5584449768,18.1366119385,0
715,11.5720570087,18.2413129807,2
716,11.6670269966,18.2627010345,2
717,11.7006978989,18.2990939617,2
718,11.7394979,18.334277153,2
719,11.7511389256,18.3540699482,2
720,11.7716898918,18.3701651096,2
721,11.7842409611,18.3713130951,2
722,11.8126759529,18.4069499969,2
723,11.8280990124,18.4217381477,2
724,11.8397529125,18.4250149727,2
725,11.8520958424,18.4449441433,2
726,11.8648619652,18.4490129948,2
727,11.892182827,18.4742100239,2
728,11.9043138027,18.5046460629,2
729,11.9201610088,18.5123670101,2
730,11.9349808693,18.519108057,2
731,11.9703419209,18.5721099377,2
732,12.0091547966,18.5952501297,2
733,12.0211110115,18.6033029556,2
734,12.0483999252,18.6284561157,2
735,12.0656609535,18.6708779335,2
736,12.0874159336,18.683822155,2
737,12.1065139771,18.7106471062,2
738,12.1426928043,18.7351341248,2
739,12.1543009281,18.7397401333,2
740,12.1728467941,18.8665671349,2
741,12.2166829109,18.8728539944,2
742,12.2364139557,18.8809220791,2
743,12.2493247986,18.8841371536,0
744,12.2619829178,18.8884320259,0
745,12.2743458748,18.8889451027,0
746,12.2957890034,18.8894450665,0
747,12.3310239315,19.0239610672,0
748,12.3428118229,19.0244750977,0
749,12.3548119068,19.0248970985,0
750,12.3689370155,19.0257470608,0
751,12.3862729073,19.0271019936,0
752,12.411634922,19.0326709747,0
753,12.4490168095,19.0394260883,0
754,12.4659039974,19.0444891453,0
755,12.5013988018,19.0856580734,0
756,12.5139398575,19.1156539917,0
757,12.5296809673,19.121696949,0
758,12.5607118607,19.1495621204,0
759,12.5731289387,19.1577341557,0
760,12.5993609428,19.195152998,0
761,12.6372928619,19.2333209515,0
762,12.6546568871,19.2436430454,0
763,12.6663868427,19.2678599358,0
764,12.6840720177,19.2729620934,0
765,12.697124958,19.2739419937,0
766,12.7147958279,19.3265199661,0
767,12.7286047935,19.327933073,0
768,12.7539188862,19.3322229385,0
769,12.7655158043,19.3538470268,0
770,12.7935469151,19.3907690048,0
771,12.8065137863,19.4195930958,0
772,12.8223509789,19.4205999374,0
773,12.8366467953,19.4318699837,2
774,12.8525168896,19.4322750568,2
775,12.8762128353,19.4658939838,2
776,12.9064610004,19.4943161011,2
777,12.9232158661,19.509884119,2
778,12.9365439415,19.5204069614,2
779,12.9490659237,19.6031019688,2
780,12.9659569263,19.6126070023,2
781,12.9850099087,19.6159391403,2
782,12.9979050159,19.623978138,2
783,13.0273308754,19.6298079491,2
784,13.0516078472,19.6311559677,2
785,13.0636768341,19.6630959511,2
786,13.0965509415,19.6925599575,2
787,13.1107039452,19.7014501095,2
788,13.1347489357,19.7807421684,2
789,13.149864912,19.7861161232,2
790,13.1667308807,19.7899589539,2
791,13.1791968346,19.7904441357,2
792,13.1909179688,19.8191511631,2
793,13.2128448486,19.9053530693,2
794,13.2243978977,19.906427145,2
795,13.2392888069,19.9096319675,2
796,13.2589569092,19.9119081497,2
797,13.2739908695,19.9293019772,2
798,13.2952079773,19.9384269714,2
799,13.329461813,19.9559950829,2
800,13.3447778225,19.9613809586,2
801,13.3688089848,19.9634039402,0
802,13.384513855,19.9698691368,0
803,13.4173109531,20.0012619495,0
804,13.4305357933,20.034979105,0
805,13.4425640106,20.0388319492,0
806,13.4543428421,20.0394320488,0
807,13.4666249752,20.1305060387,0
808,13.4939010143,20.1316449642,0
809,13.5242438316,20.1403651237,0
810,13.5376160145,20.1448299885,0
811,13.5507509708,20.1523489952,0
812,13.5653479099,20.1569671631,0
813,13.5771148205,20.1575460434,0
814,13.5899097919,20.1692810059,0
815,13.602604866,20.1905331612,0
816,13.6225888729,20.2177970409,0
817,13.6358568668,20.2220001221,0
818,13.6601510048,20.2539241314,0
819,13.6734919548,20.2563049793,0
820,13.6899797916,20.2945041656,0
821,13.7019097805,20.3042781353,0
822,13.7220788002,20.3329930305,0
823,13.7387390137,20.3374481201,0
824,13.7511558533,20.3411259651,0
825,13.7777588367,20.4298679829,0
826,13.7935810089,20.4325520992,0
827,13.8175289631,20.4406969547,0
828,13.8321998119,20.4564709663,2
829,13.8505628109,20.4572310448,2
830,13.8644838333,20.4579949379,2
831,13.8781599998,20.4667899609,2
832,13.8953797817,20.4869270325,2
833,13.915571928,20.5005631447,2
834,13.9355998039,20.5302381516,2
835,13.9542210102,20.5522680283,2
836,13.9663338661,20.5651161671,2
837,13.9783928394,20.5657141209,2
838,13.9905619621,20.5674369335,2
839,14.0066058636,20.6029970646,2
840,14.0184519291,20.6085641384,2
841,14.037184,20.686478138,2
842,14.0918707848,20.6917569637,2
843,14.10835886,20.6964139938,2
844,14.1231718063,20.7038371563,2
845,14.1373848915,20.7183170319,2
846,14.1636648178,20.7415530682,2
847,14.177533865,20.7786929607,2
848,14.2021188736,20.7799739838,2
849,14.2136509418,20.7996180058,2
850,14.2403659821,20.8170731068,2
851,14.2574799061,20.8480019569,2
852,14.269536972,20.8488199711,2
853,14.2840678692,20.8618011475,2
854,14.2959499359,20.8766591549,0
855,14.3181388378,20.9259390831,0
856,14.3350470066,20.9635901451,0
857,14.3739228249,21.0380480289,0
858,14.4732618332,21.052847147,0
859,14.4866960049,21.0679020882,0
860,14.506510973,21.1249670982,0
861,14.5260028839,21.1300110817,0
862,14.5378098488,21.1325440407,0
863,14.5558218956,21.1525859833,0
864,14.569535017,21.1600561142,0
865,14.5853948593,21.1780660152,0
866,14.5971717834,21.1788570881,0
867,14.6112408638,21.1935520172,0
868,14.6248948574,21.2012650967,0
869,14.6378798485,21.232874155,0
870,14.6635389328,21.2638850212,0
871,14.6752419472,21.2692270279,0
872,14.689013958,21.2752389908,0
873,14.7062778473,21.2925879955,0
874,14.7244508266,21.3082699776,0
875,14.7429997921,21.3378520012,0
876,14.7563478947,21.3673341274,0
877,14.7822477818,21.3681211472,0
878,14.7939369678,21.3834481239,0
879,14.8198399544,21.4064359665,0
880,14.8357999325,21.419670105,0
881,14.8599288464,21.4809851646,0
882,14.8877749443,21.4816639423,0
883,14.8995969296,21.5213410854,0
884,14.911123991,21.5366950035,2
885,14.9281699657,21.5391609669,2
886,14.9414539337,21.5498960018,2
887,14.9746778011,21.5576770306,2
888,15.0058259964,21.5997569561,2
889,15.0244009495,21.6032691002,2
890,15.0359768867,21.6359040737,2
891,15.0473539829,21.6391580105,2
892,15.0592927933,21.6413249969,2
893,15.0825498104,21.6767449379,2
894,15.0975179672,21.7007739544,2
895,15.1207997799,21.7023561001,2
896,15.1360859871,21.7356910706,2
897,15.1747968197,21.75228405,2
898,15.1894958019,21.7744519711,2
899,15.2026958466,21.7784481049,2
900,15.2146549225,21.805783987,2
901,15.2402780056,21.8186750412,2
902,15.253428936,21.8463971615,2
903,15.2760248184,21.854902029,2
904,15.287968874,21.8640990257,2
905,15.3123559952,21.8885509968,2
906,15.3267848492,21.9316940308,2
907,15.3715188503,21.9747040272,2
908,15.38545084,21.9799790382,2
909,15.4102628231,22.0548651218,2
910,15.4250669479,22.0593831539,0
911,15.4381380081,22.0605959892,0
912,15.4548490047,22.0616559982,0
913,15.493475914,22.0751490593,0
914,15.5080149174,22.0846409798,0
915,15.532738924,22.1098980904,0
916,15.5467438698,22.1418039799,0
917,15.5606098175,22.1425859928,0
918,15.5741658211,22.1519229412,0
919,15.5916957855,22.1890659332,0
920,15.6075208187,22.2232291698,0
921,15.6216738224,22.2352011204,0
922,15.6340458393,22.2370581627,0
923,15.6498348713,22.2614271641,0
924,15.6612789631,22.2687349319,0
925,15.6751430035,22.2692401409,0
926,15.6893539429,22.2696700096,0
927,15.7040448189,22.2996301651,0
928,15.7291989326,22.3088541031,0
929,15.8145389557,22.3959550858,0
930,15.8472390175,22.4262490273,0
931,15.86281991,22.4577050209,0
932,15.874339819,22.4592089653,0
933,15.8860938549,22.4698300362,0
934,15.9005379677,22.4925479889,0
935,15.9146559238,22.5003809929,3
936,15.9305939674,22.5285141468,3
937,15.9423649311,22.5331010818,3
938,15.9710588455,22.5645310879,3
939,15.9848008156,22.574960947,3
940,16.002106905,22.6474699974,3
941,16.0141968727,22.6578030586,3
942,16.0280787945,22.6605479717,3
943,16.047385931,22.7638659477,3
944,16.0593090057,22.7653040886,3
945,16.0858089924,22.766700983,3
946,16.10637784,22.7679159641,3
947,16.1203539371,22.7691459656,3
948,16.132283926,22.7825901508,3
949,16.161454916,22.7837500572,3
950,16.1751668453,22.7845721245,3
951,16.1999588013,22.7953000069,3
952,16.2122499943,22.8013660908,3
953,16.2236068249,22.8021390438,3
954,16.2352879047,22.816931963,3
955,16.2479338646,22.8515350819,3
956,16.2628858089,22.865571022,3
957,16.2778048515,22.9235589504,3
958,16.2969338894,22.925538063,3
959,16.315830946,22.9387490749,3
960,16.3334720135,22.9399001598,3
961,16.3509488106,22.9403159618,3
962,16.3721909523,22.9694859982,3
963,16.383658886,22.9774460793,3
964,16.3957979679,22.9792490005,1
965,16.4078578949,22.9886431694,1
966,16.4199819565,23.0015659332,1
967,16.43273592,23.0156280994,1
968,16.4465839863,23.0374619961,1
969,16.4584388733,23.050850153,1
970,16.488535881,23.0750031471,1
971,16.5045859814,23.0834040642,1
972,16.5373148918,23.1163301468,1
973,16.5751519203,23.1550250053,1
974,16.5904269218,23.1910810471,1
975,16.6025769711,23.1919760704,1
976,16.617251873,23.2043700218,1
977,16.6518988609,23.2319970131,1
978,16.6697309017,23.2500150204,1
979,16.6979010105,23.3022420406,1
980,16.730563879,23.312155962,1
981,16.7427678108,23.3882601261,1
982,16.7580168247,23.392168045,1
983,16.7732448578,23.3979821205,1
984,16.7871539593,23.399050951,1
985,16.8106768131,23.4119970798,1
986,16.841906786,23.4241061211,1
987,16.8592410088,23.4572451115,2
988,16.8809947968,23.470334053,2
989,16.8926279545,23.5841491222,2
990,16.9195330143,23.5874240398,2
991,16.9326939583,23.5885469913,2
992,16.9449558258,23.5908360481,2
993,16.9584479332,23.591381073,2
994,16.970291853,23.5918149948,2
995,16.9832239151,23.5974740982,2
996,16.9951639175,23.6046359539,2
997,17.0068218708,23.6879010201,2
998,17.0376398563,23.6930661201,2
999,17.0614409447,23.6937990189,2
1000,17.0817279816,23.6945159435,2
1001,17.0934460163,23.6952381134,2
1002,17.118500948,23.7163169384,2
1003,17.1328558922,23.7179181576,2
1004,17.1569387913,23.7438981533,2
1005,17.1687808037,23.7566130161,2
1006,17.1835107803,23.7729370594,2
1007,17.1968188286,23.7823419571,2
1008,17.2154459953,23.8120360374,0
1009,17.2328739166,23.8169269562,0
1010,17.2497928143,23.846886158,0
1011,17.2624878883,23.8493299484,0
1012,17.2743339539,23.8497560024,0
1013,17.2863478661,23.8938491344,0
1014,17.2980439663,23.8985280991,0
1015,17.3098227978,23.9033279419,0
1016,17.3216199875,23.9116830826,0
1017,17.339348793,23.9218139648,0
1018,17.3552179337,23.9349219799,0
1019,17.3710179329,23.9618861675,0
1020,17.3851699829,23.9769971371,0
1021,17.3972928524,23.9983830452,0
1022,17.4203248024,24.0045931339,0
1023,17.433578968,24.0172460079,0
1024,17.4596610069,24.0963950157,0
1025,17.4718308449,24.0996191502,0
1026,17.4876258373,24.1031310558,0
1027,17.499355793,24.1043069363,0
1028,17.5146579742,24.1054201126,0
1029,17.526460886,24.1173961163,0
1030,17.5402028561,24.1271760464,0
1031,17.5542747974,24.152089119,0
1032,17.5838999748,24.1867580414,0
1033,17.595528841,24.1916160583,0
1034,17.6121478081,24.2002151012,0
1035,17.6437327862,24.2572059631,3
1036,17.6581978798,24.2669510841,3
1037,17.6838078499,24.2795481682,3
1038,17.7210769653,24.3009281158,3
1039,17.7596378326,24.3397951126,3
1040,17.771176815,24.3534431458,3
1041,17.7828638554,24.4248800278,3
1042,17.7955307961,24.4256520271,3
1043,17.8076298237,24.4399371147,3
1044,17.8211989403,24.4412810802,3
1045,17.8367187977,24.443999052,3
1046,17.8482158184,24.4621720314,3
1047,17.8754768372,24.4629759789,3
1048,17.8942198753,24.4869730473,3
1049,17.9122388363,24.4921331406,3
1050,17.9280049801,24.5269391537,3
1051,17.9496049881,24.535405159,3
1052,17.9699258804,24.5693869591,3
1053,17.9851968288,24.5790090561,3
1054,17.9970228672,24.5798881054,3
1055,18.026488781,24.6134519577,3
1056,18.0651760101,24.6468780041,3
1057,18.0769557953,24.6623260975,3
1058,18.1036019325,24.6868000031,1
1059,18.1191339493,24.7213931084,1
1060,18.137321949,24.7224760056,1
1061,18.1495118141,24.7307519913,1
1062,18.1614789963,24.745085001,1
1063,18.1797709465,24.761603117,1
1064,18.1979629993,24.7996511459,1
1065,18.2102057934,24.8005449772,1
1066,18.2219569683,24.806677103,1
1067,18.2361068726,24.8159639835,1
1068,18.253978014,24.8435690403,1
1069,18.2750549316,24.8767940998,1
1070,18.3034739494,24.8971340656,1
1071,18.3274888992,24.9050240517,1
1072,18.3526198864,24.9318230152,1
1073,18.3694570065,24.9467711449,1
1074,18.3902897835,24.969974041,1
1075,18.4024989605,24.9851670265,1
1076,18.4164948463,24.9984509945,1
1077,18.4287588596,25.0102000237,1
1078,18.4404978752,25.0216140747,1
1079,18.4531388283,25.0433189869,1
1080,18.4647679329,25.0473630428,1
1081,18.4786667824,25.0589971542,3
1082,18.490639925,25.083160162,3
1083,18.5048718452,25.0835800171,3
1084,18.5262458324,25.113517046,3
1085,18.5379109383,25.1179480553,3
1086,18.5600659847,25.155725956,3
1087,18.5717599392,25.1562440395,3
1088,18.5866889954,25.1680810452,3
1089,18.6043598652,25.1973791122,3
1090,18.6182599068,25.20144701,3
1091,18.6386938095,25.2287449837,3
1092,18.6503930092,25.2300641537,3
1093,18.6628038883,25.2435629368,3
1094,18.6760218143,25.3297059536,3
1095,18.6877808571,25.330616951,3
1096,18.7022738457,25.3480181694,3
1097,18.7194678783,25.3486671448,3
1098,18.7346029282,25.3494930267,3
1099,18.7612338066,25.3543360233,3
1100,18.7942738533,25.3833351135,3
1101,18.8105099201,25.3935511112,1
1102,18.8321149349,25.4189641476,1
1103,18.84460783,25.4279241562,1
1104,18.8703179359,25.4631910324,1
1105,18.8856158257,25.4708571434,1
1106,18.9132418633,25.495691061,1
1107,18.9478268623,25.5308110714,1
1108,18.9610729218,25.5379090309,1
1109,18.9745597839,25.5709321499,1
1110,18.9888048172,25.5767040253,1
1111,19.0259008408,25.6046071053,1
1112,19.0436758995,25.621489048,1
1113,19.0663428307,25.6487629414,1
1114,19.078086853,25.6548969746,1
1115,19.1034679413,25.6799311638,1
1116,19.1229889393,25.7083089352,1
1117,19.1375288963,25.71646595,1
1118,19.1489479542,25.7353160381,1
1119,19.1624729633,25.7483999729,1
1120,19.1766989231,25.7567131519,1
1121,19.1934988499,25.7716200352,1
1122,19.2105679512,25.7897260189,1
1123,19.2323729992,25.8245739937,1
1124,19.2448480129,25.8255419731,1
1125,19.277892828,25.8580591679,3
1126,19.293118,25.8940131664,3
1127,19.3090798855,25.896531105,3
1128,19.3282818794,25.9059150219,3
1129,19.3396918774,25.9273359776,3
1130,19.3637959957,25.9432590008,3
1131,19.3797748089,25.9686090946,3
1132,19.4049408436,25.9984810352,3
1133,19.4188427925,26.0188879967,3
1134,19.4304099083,26.0193631649,3
1135,19.4440038204,26.0491080284,3
1136,19.455755949,26.0498230457,3
1137,19.4676539898,26.0506131649,3
1138,19.4862468243,26.103883028,3
1139,19.498415947,26.1056880951,3
1140,19.5103328228,26.1088881493,3
1141,19.531047821,26.1191580296,3
1142,19.5447788239,26.1263010502,3
1143,19.5681099892,26.1525299549,3
1144,19.6069049835,26.1881740093,3
1145,19.6221489906,26.2277870178,3
1146,19.6366608143,26.2636139393,3
1147,19.6498320103,26.2664411068,3
1148,19.6622238159,26.2747969627,1
1149,19.6834077835,26.2763421535,1
1150,19.695609808,26.2805030346,1
1151,19.721547842,26.3056910038,1
1152,19.7601959705,26.3406310081,1
1153,19.7994368076,26.3856451511,1
1154,19.8172769547,26.3942301273,1
1155,19.8288710117,26.4046139717,1
1156,19.8422808647,26.4189989567,1
1157,19.8552978039,26.4358680248,1
1158,19.8836569786,26.4639630318,1
1159,19.895955801,26.4823579788,1
1160,19.9104309082,26.5421521664,1
1161,19.9238958359,26.5540881157,1
1162,19.9512228966,26.5548570156,1
1163,19.962679863,26.5557141304,1
1164,19.9899389744,26.5680680275,1
1165,20.0024797916,26.5846500397,1
1166,20.0183568001,26.6089890003,1
1167,20.0308787823,26.6140611172,1
1168,20.0426487923,26.6467199326,1
1169,20.0542328358,26.6505701542,1
1170,20.0660939217,26.6537821293,1
1171,20.0940167904,26.6913759708,1
1172,20.1092348099,26.694081068,1
1173,20.1232378483,26.766931057,1
1174,20.1430449486,26.7710211277,1
1175,20.15502882,26.7736990452,1
1176,20.1681418419,26.7792720795,1
1177,20.1815969944,26.7860369682,1
1178,20.2043437958,26.805118084,3
1179,20.2195367813,26.8055419922,3
1180,20.2372229099,26.8410689831,3
1181,20.274574995,26.8555619717,3
1182,20.2878758907,26.8810441494,3
1183,20.3139998913,26.9219820499,3
1184,20.3280038834,26.927806139,3
1185,20.3500449657,26.9373180866,3
1186,20.361948967,26.9441940784,3
1187,20.3775439262,26.9560120106,3
1188,20.3891129494,26.9691150188,3
1189,20.4015169144,26.983880043,3
1190,20.4150798321,27.0089111328,3
1191,20.4273159504,27.0099511147,3
1192,20.442540884,27.0218579769,3
1193,20.4642839432,27.0417189598,3
1194,20.4780228138,27.0613429546,3
1195,20.5050280094,27.086315155,3
1196,20.521739006,27.1573309898,3
1197,20.5343968868,27.1934571266,3
1198,20.546574831,27.1959860325,3
1199,20.5592470169,27.1989500523,3
1200,20.5806849003,27.2028701305,3
1201,20.5948197842,27.203756094,3
1202,20.6170589924,27.2331881523,3
1203,20.6316578388,27.2337019444,3
1204,20.6441509724,27.2353999615,1
1205,20.6587498188,27.2381589413,1
1206,20.6710557938,27.2713191509,1
1207,20.6930539608,27.2717261314,1
1208,20.708272934,27.3400709629,1
1209,20.7329008579,27.3417370319,1
1210,20.7460069656,27.3509070873,1
1211,20.7685759068,27.3584411144,1
1212,20.7837560177,27.3715600967,1
1213,20.8142709732,27.4097819328,1
1214,20.8347489834,27.4644911289,1
1215,20.8462569714,27.4659571648,1
1216,20.8618879318,27.4671339989,1
1217,20.8901917934,27.5021131039,1
1218,20.9052038193,27.5282421112,1
1219,20.9171028137,27.5290751457,1
1220,20.9288818836,27.5302579403,1
1221,20.9404988289,27.5861020088,1
1222,20.9568419456,27.5935349464,1
1223,20.9685349464,27.5944039822,1
1224,20.9856948853,27.6000950336,1
1225,20.9971599579,27.6012001038,1
1226,21.0147218704,27.6222369671,1
1227,21.0268588066,27.6238601208,1
1228,21.0437469482,27.6377980709,1
1229,21.0558638573,27.6516110897,2
1230,21.0674848557,27.6596961021,2
1231,21.0857288837,27.6771090031,2
1232,21.0973508358,27.6854519844,2
1233,21.1189079285,27.7151679993,2
1234,21.1370828152,27.7195839882,2
1235,21.1571648121,27.7382049561,2
1236,21.1707079411,27.7504580021,2
1237,21.189868927,27.7666089535,2
1238,21.202023983,27.7871029377,2
1239,21.2337257862,27.8299820423,2
1240,21.273514986,27.8612229824,2
1241,21.2893359661,27.8767950535,2
1242,21.3127248287,27.9065749645,2
1243,21.3285779953,27.9263541698,2
1244,21.3446807861,27.9279839993,2
1245,21.3563129902,27.9422430992,2
1246,21.3887348175,27.9809770584,2
1247,21.4040389061,27.995445013,2
1248,21.4303889275,28.0198800564,2
1249,21.4444169998,28.0621211529,2
1250,21.5013048649,28.0997281075,2
1251,21.5132448673,28.1012909412,2
1252,21.5261077881,28.1252350807,2
1253,21.538161993,28.126032114,2
1254,21.5542140007,28.1441521645,2
1255,21.5744478703,28.1561980247,2
1256,21.5888137817,28.1745820045,2
1257,21.61814785,28.2079479694,0
1258,21.6487438679,28.2510859966,0
1259,21.6624598503,28.2598631382,0
1260,21.6742010117,28.284288168,0
1261,21.6879417896,28.2890191078,0
1262,21.7093589306,28.3004550934,0
1263,21.7265257835,28.3122899532,0
1264,21.7803030014,28.3591330051,0
1265,21.8031728268,28.3890550137,0
1266,21.8147959709,28.3933751583,0
1267,21.8263847828,28.4054870605,0
1268,21.8382217884,28.4229810238,0
1269,21.8505699635,28.4317541122,0
1270,21.8673899174,28.4577810764,0
1271,21.8812539577,28.4720571041,0
1272,21.8941338062,28.5006110668,0
1273,21.9138360023,28.5065140724,0
1274,21.9271349907,28.5088460445,0
1275,21.9534659386,28.5337409973,0
1276,21.9746718407,28.5679161549,0
1277,21.9887619019,28.5755150318,0
1278,22.0007648468,28.5896551609,3
1279,22.012789011,28.5938141346,3
1280,22.0307798386,28.6093690395,3
1281,22.0460009575,28.6463179588,3
1282,22.069742918,28.6472640038,3
1283,22.0893259048,28.6864831448,3
1284,22.105796814,28.6911621094,3
1285,22.1178109646,28.7220540047,3
1286,22.1478359699,28.7297329903,3
1287,22.1597747803,28.7656929493,3
1288,22.1718928814,28.7669019699,3
1289,22.1843409538,28.7815670967,3
1290,22.1959710121,28.7823729515,3
1291,22.2262449265,28.809513092,3
1292,22.2430179119,28.839523077,3
1293,22.2692718506,28.852380991,3
1294,22.3034148216,28.8814930916,3
1295,22.3187329769,28.9213869572,3
1296,22.3316469193,28.9228570461,3
1297,22.345402956,28.9341080189,3
1298,22.3569898605,28.9354701042,3
1299,22.3689098358,28.947191,3
1300,22.3850739002,28.9689640999,3
1301,22.3968839645,28.9786670208,3
1302,22.4097239971,28.9929270744,3
1303,22.4250359535,29.0091459751,3
1304,22.4402589798,29.0178930759,3
1305,22.4561898708,29.0372841358,1
1306,22.4700407982,29.0713851452,1
1307,22.4858808517,29.0723540783,1
1308,22.4973368645,29.0896999836,1
1309,22.514264822,29.095083952,1
1310,22.54033494,29.1239180565,1
1311,22.7444648743,29.3277909756,1
1312,22.7607638836,29.3406431675,1
1313,22.7726910114,29.3538811207,1
1314,22.7893619537,29.3828799725,1
1315,22.8011028767,29.3837180138,1
1316,22.8144118786,29.4149820805,1
1317,22.829007864,29.423541069,1
1318,22.8449888229,29.4241120815,1
1319,22.863188982,29.4626541138,1
1320,22.8792209625,29.4773571491,1
1321,22.8920888901,29.4814240932,1
1322,22.9079229832,29.4883739948,1
1323,22.9202787876,29.5016579628,1
1324,22.9376449585,29.5419919491,1
1325,22.9608128071,29.5428800583,1
1326,22.9727118015,29.5800709724,1
1327,22.9974908829,29.5808861256,1
1328,23.010160923,29.5967071056,1
1329,23.0222818851,29.6124210358,3
1330,23.0356709957,29.6193339825,3
1331,23.0546197891,29.6367321014,3
1332,23.0747318268,29.667263031,3
1333,23.0912878513,29.6810340881,3
1334,23.1049029827,29.6820890903,3
1335,23.1343989372,29.712690115,3
1336,23.1464757919,29.724861145,3
1337,23.1600849628,29.7389941216,3
1338,23.1734409332,29.7567720413,3
1339,23.1862049103,29.8061470985,3
1340,23.200906992,29.8118460178,3
1341,23.212679863,29.8157410622,3
1342,23.2306478024,29.8241319656,3
1343,23.2503697872,29.8561780453,3
1344,23.26324296,29.8576221466,3
1345,23.2799868584,29.8585400581,3
1346,23.2917687893,29.8872339725,3
1347,23.3076899052,29.9020330906,3
1348,23.3278238773,29.9080140591,3
1349,23.3474998474,29.9268660545,3
1350,23.3629629612,29.9437799454,1
1351,23.3793179989,29.9590010643,1
1352,23.3913087845,29.9776101112,1
1353,23.4030718803,29.9818000793,1
1354,23.4232609272,30.0019140244,1
1355,23.4443998337,30.0250849724,1
1356,23.4625430107,30.0555379391,1
1357,23.4764080048,30.063696146,1
1358,23.4888629913,30.0767719746,1
1359,23.5226509571,30.1003201008,1
1360,23.5399639606,30.1364181042,1
1361,23.5532867908,30.1368350983,1
1362,23.5663619041,30.1495630741,1
1363,23.5784728527,30.1566090584,1
1364,23.596364975,30.1742510796,1
1365,23.6092839241,30.2034609318,1
1366,23.6248278618,30.21194911,1
1367,23.6397359371,30.2383460999,1
1368,23.6528367996,30.2432329655,1
1369,23.684057951,30.2651400566,1
1370,23.7011978626,30.285063982,1
1371,23.7128458023,30.2905380726,1
1372,23.7247138023,30.306456089,1
1373,23.7395517826,30.3187770844,1
1374,23.7521510124,30.3350579739,1
1375,23.7640709877,30.3397941589,1
1376,23.7833998203,30.3646700382,1
1377,23.7975769043,30.3765280247,1
1378,23.8170948029,30.4071750641,1
1379,23.8429498672,30.4255981445,2
1380,23.8563129902,30.4618501663,2
1381,23.8686938286,30.4622840881,2
1382,23.8901507854,30.4661979675,2
1383,23.9041810036,30.5497050285,2
1384,23.9198198318,30.5504920483,2
1385,23.9325909615,30.5512599945,2
1386,23.9450659752,30.561496973,2
1387,23.9597978592,30.5666179657,2
1388,23.978058815,30.5876591206,2
1389,23.999311924,30.5915031433,2
1390,24.011920929,30.6034040451,2
1391,24.0268919468,30.6086750031,2
1392,24.0390348434,30.6239480972,2
1393,24.0654418468,30.6544070244,2
1394,24.0804607868,30.6590380669,2
1395,24.1047840118,30.684869051,2
1396,24.1432948112,30.7280819416,2
1397,24.1585748196,30.7397339344,2
1398,24.1827819347,30.7714719772,2
1399,24.1974840164,30.7777781487,2
1400,24.2133779526,30.8079249859,2
1401,24.2252259254,30.8087110519,2
1402,24.2435939312,30.847039938,0
1403,24.2612419128,30.8479759693,0
1404,24.2749288082,30.861811161,0
1405,24.290489912,30.8862140179,0
1406,24.3021979332,30.8885600567,0
1407,24.315114975,30.8921091557,0
1408,24.3378138542,30.9237611294,0
1409,24.3520109653,30.9326839447,0
1410,24.3640758991,30.9425990582,0
1411,24.3805339336,30.9638471603,0
1412,24.3942317963,30.9699640274,0
1413,24.4105038643,30.9877140522,0
1414,24.4304659367,31.0101001263,0
1415,24.4475739002,31.0391740799,0
1416,24.4594237804,31.0429339409,0
1417,24.4711668491,31.076802969,0
1418,24.4841217995,31.0839810371,0
1419,24.5080358982,31.0935349464,0
1420,24.5465908051,31.1333720684,0
1421,24.5582900047,31.1501989365,0
1422,24.5838580132,31.162416935,0
1423,24.5954167843,31.172109127,0
1424,24.6234579086,31.2008740902,0
1425,24.6375458241,31.2144441605,0
1426,24.6598508358,31.2466590405,0
1427,24.6764178276,31.2598950863,2
1428,24.7009608746,31.280862093,2
1429,24.7144958973,31.2952020168,2
1430,24.7372088432,31.3179590702,2
1431,24.748759985,31.3396360874,2
1432,24.7612099648,31.3404741287,2
1433,24.7937707901,31.3716821671,2
1434,24.8056378365,31.3887090683,2
1435,24.8203599453,31.417953968,2
1436,24.8427348137,31.4214920998,2
1437,24.8723459244,31.4648439884,2
1438,24.8850338459,31.4710199833,2
1439,24.9105758667,31.4958491325,2
1440,24.927382946,31.5063350201,2
1441,24.9479579926,31.5490860939,2
1442,24.9608008862,31.5741670132,2
1443,24.9844899178,31.5902509689,2
1444,24.9975810051,31.6221549511,2
1445,25.0174880028,31.6268911362,2
1446,25.0341048241,31.6287529469,2
1447,25.0471849442,31.6408030987,2
1448,25.0608029366,31.6446681023,2
1449,25.0729749203,31.6669991016,2
1450,25.0861978531,31.6933579445,2
1451,25.0980658531,31.6961121559,2
1452,25.1174268723,31.704267025,0
1453,25.1290988922,31.7337651253,0
1454,25.1426239014,31.7407951355,0
1455,25.1557610035,31.7416291237,0
1456,25.1723070145,31.7596490383,0
1457,25.1877110004,31.7816801071,0
1458,25.1994760036,31.7821450233,0
1459,25.213727951,31.8054521084,0
1460,25.2278308868,31.8078811169,0
1461,25.2483789921,31.8248240948,0
1462,25.2645089626,31.8513100147,0
1463,25.276848793,31.8593039513,0
1464,25.2907218933,31.8828599453,0
1465,25.3032028675,31.8968241215,0
1466,25.3243029118,31.9226861,0
1467,25.3367879391,31.9253690243,0
1468,25.3492720127,31.9473190308,0
1469,25.3610699177,31.9502091408,0
1470,25.3725368977,31.9590461254,0
1471,25.4008009434,31.9813661575,0
1472,25.4148919582,31.9933030605,0
1473,25.4294178486,32.0147919655,0
1474,25.4429209232,32.0375471115,3
1475,25.4560818672,32.0381770134,3
1476,25.4771938324,32.0842170715,3
1477,25.495320797,32.0848140717,3
1478,25.5068268776,32.0903501511,3
1479,25.5185768604,32.1060681343,3
1480,25.5316588879,32.1229910851,3
1481,25.5521728992,32.1286711693,3
1482,25.5645728111,32.1514379978,3
1483,25.5807819366,32.1571760178,3
1484,25.5953137875,32.1891181469,3
1485,25.6071529388,32.2026860714,3
1486,25.6193668842,32.2057440281,3
1487,25.6344988346,32.2394430637,3
1488,25.648100853,32.2663991451,3
1489,25.6595709324,32.2668111324,3
1490,25.6709477901,32.2672259808,3
1491,25.6826279163,32.2685680389,3
1492,25.707490921,32.2957091331,3
1493,25.7257249355,32.3073160648,3
1494,25.7386529446,32.3237299919,3
1495,25.7509539127,32.3423061371,3
1496,25.7624559402,32.3427369595,3
1497,25.7738139629,32.3628599644,1
1498,25.7857608795,32.3741030693,1
1499,25.798158884,32.3829519749,1
1500,25.8176958561,32.4019680023,1
1501,25.8309028149,32.4199380875,1
1502,25.8432769775,32.4293749332,1
1503,25.858604908,32.4352071285,1
1504,25.8851518631,32.4665219784,1
1505,25.8990437984,32.4797699451,1
1506,25.9319658279,32.5231480598,1
1507,25.9477078915,32.5299680233,1
1508,25.9604389668,32.5377709866,1
1509,25.9738819599,32.5492479801,1
1510,25.994122982,32.5752911568,1
1511,26.0056118965,32.5955979824,1
1512,26.0199999809,32.6003680229,1
1513,26.0321369171,32.6096701622,1
1514,26.0473778248,32.637540102,1
1515,26.0762457848,32.6591341496,1
1516,26.0901257992,32.667165041,1
1517,26.1015977859,32.6861410141,1
1518,26.1130588055,32.6914560795,1
1519,26.1254498959,32.7078750134,1
1520,26.1486909389,32.7255620956,1
1521,26.1615347862,32.7410681248,3
1522,26.1874768734,32.7756719589,3
1523,26.1996548176,32.7787721157,3
1524,26.2130539417,32.8963210583,3
1525,26.2247669697,32.9098899364,3
1526,26.236948967,32.9106171131,3
1527,26.2487459183,32.911149025,3
1528,26.343695879,32.9392051697,3
1529,26.3560669422,32.9398009777,3
1530,26.3716409206,32.9665651321,3
1531,26.3864247799,32.9735901356,3
1532,26.4056739807,32.9839179516,3
1533,26.4196918011,33.0029301643,3
1534,26.4318988323,33.0121941566,3
1535,26.4447958469,33.0276899338,3
1536,26.4594209194,33.0661380291,3
1537,26.4971439838,33.0743889809,3
1538,26.5156199932,33.1116380692,3
1539,26.534101963,33.1127159595,3
1540,26.5462918282,33.1380150318,3
1541,26.5582718849,33.1401629448,3
1542,26.5732889175,33.1540901661,1
1543,26.5891628265,33.1687231064,1
1544,26.6013770103,33.1827969551,1
1545,26.6132078171,33.1964681149,1
1546,26.6313288212,33.2126071453,1
1547,26.6450529099,33.236768961,1
1548,26.6567628384,33.2767591476,1
1549,26.6715099812,33.2802989483,1
1550,26.6838209629,33.2854650021,1
1551,26.6962239742,33.3083491325,1
1552,26.7098619938,33.3149321079,1
1553,26.7240068913,33.3244190216,1
1554,26.7367148399,33.3255319595,1
1555,26.7644588947,33.3461251259,1
1556,26.7806568146,33.3595919609,1
1557,26.7923629284,33.3717880249,1
1558,26.8181059361,33.3997330666,1
1559,26.8324999809,33.4219379425,1
1560,26.8488199711,33.4261760712,1
1561,26.8608059883,33.4411330223,1
1562,26.9005630016,33.477296114,1
1563,26.9150969982,33.4940700531,1
1564,26.9282109737,33.5103001595,1
1565,26.9458289146,33.5398681164,3
1566,26.9675238132,33.5455560684,3
1567,26.9823348522,33.5813660622,3
1568,27.0066888332,33.6025960445,3
1569,27.0214128494,33.6429131031,3
1570,27.0391798019,33.6437540054,3
1571,27.0510149002,33.6446390152,3
1572,27.0630259514,33.6594631672,3
1573,27.0846619606,33.6739201546,3
1574,27.0990419388,33.6971161366,3
1575,27.1130738258,33.6975319386,3
1576,27.1294407845,33.8529391289,3
1577,27.1422197819,33.942923069,3
1578,27.1572709084,33.9497730732,3
1579,27.171959877,33.9559710026,3
1580,27.1836907864,33.9587011337,3
1581,27.201322794,33.9595520496,3
1582,27.2157628536,33.9603469372,3
1583,27.2310979366,33.9617509842,3
1584,27.2456729412,33.9787690639,3
1585,27.25816679,33.9798021317,3
1586,27.2801549435,33.9807159901,3
1587,27.292372942,33.9815130234,3
1588,27.3137609959,33.9853870869,3
1589,27.3339447975,33.9932150841,3
1590,27.348679781,33.9942829609,3
1591,27.3619878292,33.9959790707,3
1592,27.3791217804,34.0031311512,3
1593,27.3909239769,34.0629429817,1
1594,27.4028959274,34.0686211586,1
1595,27.4150309563,34.0697510242,1
1596,27.4318099022,34.0729899406,1
1597,27.4517807961,34.0782530308,1
1598,27.4666748047,34.0788609982,1
1599,27.4811208248,34.0963611603,1
1600,27.4933669567,34.0967841148,1
1601,27.5062198639,34.0971970558,1
1602,27.5250468254,34.1157491207,1
1603,27.5471508503,34.1286840439,1
1604,27.5591039658,34.1408209801,1
1605,27.5763309002,34.1553771496,1
1606,27.5885038376,34.1733939648,1
1607,27.6011748314,34.2085390091,1
1608,27.6277887821,34.2178010941,1
1609,27.660243988,34.2484209538,1
1610,27.6722958088,34.2868690491,1
1611,27.6855340004,34.294811964,1
1612,27.6994698048,34.2954831123,1
1613,27.7163748741,34.3120191097,3
1614,27.729380846,34.3139710426,3
1615,27.7428460121,34.3313751221,3
1616,27.7612819672,34.3651990891,3
1617,27.778870821,34.3683609962,3
1618,27.7936189175,34.3790991306,3
1619,27.8061130047,34.3909211159,3
1620,27.8189268112,34.3982591629,3
1621,27.8340418339,34.4117741585,3
1622,27.8508899212,34.429142952,3
1623,27.8665268421,34.4493200779,3
1624,27.8885519505,34.4789350033,3
1625,27.9002959728,34.4797770977,3
1626,27.9270749092,34.5207979679,3
1627,27.9431660175,34.5239520073,3
1628,27.9620440006,34.5572550297,3
1629,27.9740319252,34.5708911419,3
1630,27.9941577911,34.6074030399,3
1631,28.0121150017,34.6148929596,3
1632,28.0294539928,34.6169321537,3
1633,28.041353941,34.6236889362,3
1634,28.0587890148,34.6426670551,3
1635,28.070663929,34.6548571587,3
1636,28.0862789154,34.6859951019,3
1637,28.0999529362,34.7199370861,3
1638,28.111882925,34.7234151363,3
1639,28.1266608238,34.7310011387,3
1640,28.1465787888,34.7419230938,1
1641,28.1592497826,34.7437410355,1
1642,28.1713929176,34.7647809982,1
1643,28.1840658188,34.7776250839,1
1644,28.1972827911,34.7880761623,1
1645,28.2128078938,34.7977650166,1
1646,28.2348330021,34.815871954,1
1647,28.246888876,34.8316049576,1
1648,28.2734889984,34.8690919876,1
1649,28.2888469696,34.894135952,1
1650,28.3135788441,34.9213459492,1
1651,28.3323040009,34.9235899448,1
1652,28.3493988514,34.9316861629,1
1653,28.3631119728,34.9443509579,1
1654,28.3890688419,34.9721641541,1
1655,28.400813818,34.9961781502,1
1656,28.4132499695,35.0037710667,1
1657,28.4272608757,35.0154960155,1
1658,28.4394907951,35.0188839436,1
1659,28.4537379742,35.0459401608,1
1660,28.4659769535,35.0480761528,1
1661,28.4827508926,35.0779631138,1
1662,28.4944679737,35.0895969868,2
1663,28.5064408779,35.0925569534,2
1664,28.5186388493,35.1098489761,2
1665,28.5334019661,35.117757082,2
1666,28.5588309765,35.1603381634,2
1667,28.5704679489,35.1658430099,2
1668,28.5829348564,35.1771681309,2
1669,28.5949838161,35.1846849918,2
1670,28.6070408821,35.1882810593,2
1671,28.6195678711,35.247854948,2
1672,28.6326007843,35.2488181591,2
1673,28.6504108906,35.2500109673,2
1674,28.6722049713,35.2795820236,2
1675,28.6846218109,35.2801170349,2
1676,28.6997139454,35.2839009762,2
1677,28.7156319618,35.3115551472,2
1678,28.7345159054,35.3144991398,2
1679,28.765996933,35.3525731564,2
1680,28.783728838,35.3740680218,2
1681,28.7961728573,35.3744840622,2
1682,28.8109807968,35.394878149,2
1683,28.84441185,35.4218349457,0
1684,28.8642058372,35.4673290253,0
1685,28.8761339188,35.4782030582,0
1686,28.8887059689,35.4801490307,0
1687,28.9013609886,35.486303091,0
1688,28.9163308144,35.4991950989,0
1689,28.9279298782,35.5110740662,0
1690,28.9431619644,35.5478570461,0
1691,28.9632968903,35.5567760468,0
1692,28.9747560024,35.5611510277,0
1693,29.0007688999,35.5828461647,0
1694,29.0170669556,35.6084780693,0
1695,29.0396738052,35.6525509357,0
1696,29.0605738163,35.6537261009,0
1697,29.0765578747,35.6583740711,0
1698,29.0938329697,35.6733181477,0
1699,29.1184179783,35.7228410244,0
1700,29.1342499256,35.7233641148,0
1701,29.1592049599,35.7868590355,0
1702,29.1854188442,35.7880859375,0
1703,29.199985981,35.7959730625,0
1704,29.2137489319,35.7990260124,0
1705,29.2321457863,35.8124630451,0
1706,29.247879982,35.8384280205,0
1707,29.2621629238,35.8482999802,0
1708,29.2757399082,35.8599829674,0
1709,29.288921833,35.8754429817,0
1710,29.3088378906,35.8920199871,3
1711,29.3237438202,35.9203701019,3
1712,29.349121809,35.9260311127,3
1713,29.3638579845,35.9610669613,3
1714,29.3885478973,35.9685411453,3
1715,29.4008038044,35.9791631699,3
1716,29.4136178493,35.9922831059,3
1717,29.4336810112,36.0315520763,3
1718,29.4458630085,36.0437271595,3
1719,29.4636449814,36.0477910042,3
1720,29.4788558483,36.0836520195,3
1721,29.510425806,36.1128320694,3
1722,29.5276329517,36.1180789471,3
1723,29.5415389538,36.1288499832,3
1724,29.5530588627,36.1370561123,3
1725,29.5995669365,36.2153170109,3
1726,29.6548409462,36.2512409687,3
1727,29.6663269997,36.2599589825,3
1728,29.6930727959,36.2947871685,3
1729,29.714411974,36.3202159405,3
1730,29.727768898,36.3262159824,1
1731,29.7396109104,36.3280949593,1
1732,29.7532339096,36.3323669434,1
1733,29.7691609859,36.4031629562,1
1734,29.7846717834,36.4045009613,1
1735,29.800265789,36.4369680882,1
1736,29.8155069351,36.4387230873,1
1737,29.827423811,36.4489600658,1
1738,29.8425848484,36.453001976,1
1739,29.8558058739,36.4563910961,1
1740,29.8677778244,36.4618151188,1
1741,29.8795077801,36.4660050869,1
1742,29.8917179108,36.4884750843,1
1743,29.904350996,36.489729166,1
1744,29.9175708294,36.5066151619,1
1745,29.9811627865,36.5666279793,1
1746,30.0023069382,36.6000430584,1
1747,30.0200088024,36.6084771156,1
1748,30.0343358517,36.6220891476,1
1749,30.0467469692,36.629914999,1
1750,30.0604538918,36.643362999,1
1751,30.0745999813,36.6549091339,1
1752,30.0861008167,36.6792039871,1
1753,30.1059508324,36.7013919353,1
1754,30.1173949242,36.7111260891,1
1755,30.1319229603,36.716053009,1
1756,30.1447999477,36.7511610985,1
1757,30.1609249115,36.7556109428,1
1758,30.1801018715,36.7659089565,2
1759,30.1954169273,36.7750630379,2
1760,30.2081890106,36.7891089916,2
1761,30.2380299568,36.8179910183,2
1762,30.2516689301,36.831125021,2
1763,30.2671539783,36.8437521458,2
1764,30.2814059258,36.899723053,2
1765,30.2932159901,36.9021251202,2
1766,30.3134188652,36.9027709961,2
1767,30.3334369659,36.9093790054,2
1768,30.3466768265,36.9464600086,2
1769,30.364992857,36.9486989975,2
1770,30.3825829029,36.969078064,2
1771,30.3997638226,36.9806370735,2
1772,30.4135468006,37.0563781261,2
1773,30.4256539345,37.0572359562,2
1774,30.4388988018,37.066491127,2
1775,30.4505238533,37.0675871372,2
1776,30.4675228596,37.0696890354,2
1777,30.4918129444,37.0891160965,2
1778,30.507573843,37.0962970257,0
1779,30.531015873,37.117536068,0
1780,30.5507559776,37.1368031502,0
1781,30.5673999786,37.1630661488,0
1782,30.5811598301,37.1683700085,0
1783,30.5937359333,37.1762089729,0
1784,30.6071958542,37.2015450001,0
1785,30.622522831,37.2306981087,0
1786,30.6385769844,37.235172987,0
1787,30.663921833,37.2433831692,0
1788,30.6955668926,37.2775480747,0
1789,30.7078437805,37.3210480213,0
1790,30.7356758118,37.3222961426,0
1791,30.7514398098,37.4045951366,0
1792,30.764362812,37.41112113,0
1793,30.7761409283,37.4128201008,0
1794,30.7944839001,37.5086181164,0
1795,30.814565897,37.5157721043,0
1796,30.8265829086,37.5276610851,0
1797,30.8450570107,37.5324499607,0
1798,30.8638699055,37.5334010124,0
1799,30.8785779476,37.540815115,0
1800,30.8914728165,37.5490939617,0
1801,30.9146909714,37.5547139645,0
1802,30.9343309402,37.5656969547,0
1803,30.9518809319,37.5699551105,0
1804,30.9658539295,37.5799810886,0
1805,30.9780449867,37.5892241001,0
1806,30.9897530079,37.5939390659,0
1807,31.0060429573,37.6059520245,2
1808,31.029239893,37.6222939491,2
1809,31.0691878796,37.6575880051,2
1810,31.0850038528,37.6630060673,2
1811,31.1002039909,37.678730011,2
1812,31.1130847931,37.6943120956,2
1813,31.1264579296,37.7458200455,2
1814,31.1467018127,37.7484490871,2
1815,31.1635317802,37.7493140697,2
1816,31.1848487854,37.7714710236,2
1817,31.2029178143,37.7831671238,2
1818,31.2144329548,37.797328949,2
1819,31.2302279472,37.8454301357,2
1820,31.2421038151,37.8516891003,2
1821,31.2564339638,37.8617870808,2
1822,31.2694709301,37.8636410236,2
1823,31.2924408913,37.9000210762,2
1824,31.3041419983,37.9021551609,2
1825,31.3163588047,37.929459095,2
1826,31.3305869102,37.9304280281,2
1827,31.3422648907,37.9311649799,2
1828,31.3570389748,37.9599421024,0
1829,31.3839919567,37.9629411697,0
1830,31.4011228085,37.9874961376,0
1831,31.4147548676,37.9933710098,0
1832,31.4323289394,38.0233740807,0
1833,31.4451408386,38.0591101646,0
1834,31.4643638134,38.0629191399,0
1835,31.4790527821,38.1042871475,0
1836,31.4930408001,38.1122100353,0
1837,31.523018837,38.1144499779,0
1838,31.5365748405,38.118639946,0
1839,31.5515589714,38.1319010258,0
1840,31.5671019554,38.14854002,0
1841,31.5786488056,38.1703159809,0
1842,31.5994939804,38.1756999493,0
1843,31.6140007973,38.1948599815,0
1844,31.645113945,38.4629161358,0
1845,31.6749019623,38.4644031525,0
1846,31.6947369576,38.4726209641,0
1847,31.799050808,38.4743230343,0
1848,31.8125119209,38.4855670929,0
1849,31.8282728195,38.4895279408,0
1850,31.8412628174,38.4901180267,0
1851,31.8534719944,38.4905869961,0
1852,31.8667509556,38.491038084,0
1853,31.8782689571,38.5014410019,0
1854,31.9045729637,38.5023379326,0
1855,31.9184069633,38.5128159523,0
1856,31.9348340034,38.5145101547,2
1857,31.9467279911,38.5451080799,2
1858,31.9586939812,38.5505039692,2
1859,31.983910799,38.5677170753,2
1860,31.9959259033,38.5954949856,2
1861,32.0281009674,38.6102540493,2
1862,32.0410108566,38.6310009956,2
1863,32.0575819016,38.6362919807,2
1864,32.0741488934,38.6603341103,2
1865,32.099146843,38.6790621281,2
1866,32.1129620075,38.6999740601,2
1867,32.1419608593,38.7449669838,2
1868,32.1626608372,38.7583701611,2
1869,32.1806929111,38.7737281322,2
1870,32.2077009678,38.7898161411,2
1871,32.2206988335,38.8237810135,2
1872,32.2344639301,38.8271870613,2
1873,32.2558319569,38.839370966,2
1874,32.2712798119,38.8509740829,2
1875,32.2952508926,38.8799009323,2
1876,32.3146297932,38.9144480228,2
1877,32.3342468739,38.919257164,2
1878,32.3528039455,38.9895510674,2
1879,32.3650398254,38.9925971031,2
1880,32.3853139877,39.0005950928,2
1881,32.3989257812,39.0040099621,2
1882,32.4258899689,39.0238440037,0
1883,32.4378669262,39.0287189484,0
1884,32.4521119595,39.0371050835,0
1885,32.4646608829,39.0533349514,0
1886,32.4786508083,39.0688900948,0
1887,32.5033328533,39.0830600262,0
1888,32.5195848942,39.0977780819,0
1889,32.5327219963,39.114618063,0
1890,32.5532989502,39.1802639961,0
1891,32.5773069859,39.1953549385,0
1892,32.5914759636,39.1982760429,0
1893,32.6040070057,39.2053830624,0
1894,32.6184959412,39.211977005,0
1895,32.6352469921,39.2149450779,0
1896,32.6639800072,39.251871109,0
1897,32.6945078373,39.2717549801,0
1898,32.7070000172,39.2920291424,0
1899,32.7345318794,39.3214190006,0
1900,32.7682437897,39.3617420197,0
1901,32.7853059769,39.3643071651,0
1902,32.8001999855,39.4147369862,3
1903,32.8154549599,39.4176681042,3
1904,32.8444769382,39.4368460178,3
1905,32.8596448898,39.4422380924,3
1906,32.8826758862,39.4624011517,3
1907,32.9009749889,39.4787549973,3
1908,32.913287878,39.4918930531,3
1909,32.9253818989,39.5128231049,3
1910,32.9375078678,39.5132601261,3
1911,32.9589309692,39.5438959599,3
1912,32.9722878933,39.5664820671,3
1913,32.9840149879,39.5776851177,3
1914,32.9973108768,39.5913360119,3
1915,33.0123839378,39.5992090702,3
1916,33.0343389511,39.6346840858,3
1917,33.0522828102,39.6423630714,3
1918,33.0787489414,39.6624979973,3
1919,33.0920770168,39.6697621346,3
1920,33.1074299812,39.6905851364,3
1921,33.1211299896,39.698720932,3
1922,33.1492187977,39.7418680191,3
1923,33.1645059586,39.7456099987,3
1924,33.1761038303,39.7709710598,3
1925,33.194893837,39.7830109596,3
1926,33.2083218098,39.791809082,3
1927,33.2221698761,39.8159770966,3
1928,33.2340619564,39.8172371387,3
1929,33.2491819859,39.8275940418,1
1930,33.264936924,39.8517570496,1
1931,33.2833168507,39.861467123,1
1932,33.295717001,39.8933651447,1
1933,33.3095839024,39.9026241302,1
1934,33.3211529255,39.9031360149,1
1935,33.3451609612,39.9311950207,1
1936,33.3804869652,39.9665949345,1
1937,33.3953669071,39.9788761139,1
1938,33.4102659225,39.9913201332,1
1939,33.4240288734,40.0039350986,1
1940,33.4379339218,40.0491080284,1
1941,33.4575250149,40.0507669449,1
1942,33.4712069035,40.0639050007,1
1943,33.4976158142,40.1356770992,1
1944,33.5159678459,40.1467030048,1
1945,33.528813839,40.1518139839,1
1946,33.5584919453,40.1556670666,1
1947,33.5713779926,40.1617619991,1
1948,33.5914418697,40.1771860123,1
1949,33.6036739349,40.1811740398,1
1950,33.6179728508,40.2156701088,3
1951,33.6297419071,40.2186961174,3
1952,33.6417858601,40.2448670864,3
1953,33.6645789146,40.2568621635,3
1954,33.6774477959,40.2625820637,3
1955,33.7048017979,40.2814371586,3
1956,33.7203979492,40.2972259521,3
1957,33.747658968,40.3765611649,3
1958,33.7591087818,40.4570851326,3
1959,33.7844188213,40.5131709576,3
1960,33.7968468666,40.5173399448,3
1961,33.8224999905,40.5477030277,3
1962,33.8372898102,40.5531790257,3
1963,33.8608908653,40.5598649979,3
1964,33.8733029366,40.6627030373,3
1965,33.8855149746,40.666241169,3
1966,33.9001510143,40.6676261425,3
1967,33.915640831,40.6770009995,3
1968,33.9313240051,40.7430541515,3
1969,33.9428868294,40.7493600845,3
1970,33.9731748104,40.7529580593,3
1971,33.9857859612,40.7540061474,3
1972,34.003526926,40.7595860958,3
1973,34.0151119232,40.7663290501,3
1974,34.0269370079,40.7696750164,3
1975,34.0487120152,40.7706670761,3
1976,34.0685229301,40.7788729668,3
1977,34.0804998875,40.779405117,3
1978,34.0921709538,40.7834441662,1
1979,34.1062200069,40.7864301205,1
1980,34.1285848618,40.7977950573,1
1981,34.1430449486,40.8018140793,1
1982,34.1760389805,40.8044130802,1
1983,34.1881649494,40.8083000183,1
1984,34.2005608082,40.8107750416,1
1985,34.2148888111,40.8121681213,1
1986,34.2425909042,40.825371027,1
1987,34.2559738159,40.8430330753,1
1988,34.2709798813,40.8600151539,1
1989,34.2901728153,40.8714051247,1
1990,34.3027908802,40.9202251434,1
1991,34.3581779003,40.9426441193,1
1992,34.3707299232,40.9477000237,1
1993,34.3949418068,40.9873399734,1
1994,34.4311738014,41.0161991119,1
1995,34.4441709518,41.0197060108,1
1996,34.4586338997,41.039963007,1
1997,34.4703218937,41.0497789383,1
1998,34.4878468513,41.0843601227,1
1999,34.5002470016,41.0852849483,1
2000,34.5135300159,41.1140451431,2
