PacketSeqNo,GeneratedTime(sec),ArrivalTime(sec),MulticastIdx
1,0.00184392929077,8.54783391953,1
2,0.0143361091614,8.554666996,1
3,0.0268239974976,8.56088900566,1
4,0.039361000061,8.57377099991,1
5,0.0523390769958,8.59009504318,1
6,0.0653169155121,8.5997838974,1
7,0.0778470039368,8.62466597557,1
8,0.0903091430664,8.62769198418,1
9,0.102605104446,8.63657593727,1
10,0.115276098251,8.66589689255,1
11,0.129807949066,8.66700696945,1
12,0.142909049988,8.67922210693,1
13,0.155622959137,8.69187307358,1
14,0.168440103531,8.7039129734,1
15,0.181457996368,8.71606111526,1
16,0.193503141403,8.74668598175,1
17,0.221629142761,8.77291512489,1
18,0.234070062637,8.77339601517,1
19,0.24661397934,8.78035306931,1
20,0.258702993393,8.79621100426,1
21,0.270946979523,8.80708599091,1
22,0.28360414505,8.82292604446,1
23,0.295934915543,8.84710001945,1
24,0.30832195282,8.84751105309,1
25,0.320869922638,8.85723090172,1
26,0.333565950394,8.8840110302,1
27,0.346240997314,8.88807606697,1
28,0.358808994293,8.89674901962,1
29,0.371349096298,8.9222381115,1
30,0.383754968643,8.92273807526,1
31,0.396279096603,8.93580102921,1
32,0.409224033356,8.95781898499,1
33,0.421716928482,8.95835900307,1
34,0.434788942337,8.97295188904,1
35,0.447361946106,8.99471712112,2
36,0.459598064423,8.99511098862,2
37,0.472612142563,9.00803208351,2
38,0.485517978668,9.03316497803,2
39,0.497991085052,9.03356194496,2
40,0.510689973831,9.04703903198,2
41,0.523030042648,9.07187509537,2
42,0.535301923752,9.07225394249,2
43,0.547760009766,9.08417701721,2
44,0.560138940811,9.09874010086,2
45,0.572510957718,9.10443496704,2
46,0.58536696434,9.12730097771,2
47,0.598196029663,9.14900588989,2
48,0.610650062561,9.21154308319,2
49,0.623099088669,9.21191811562,2
50,0.635348081589,9.21988296509,2
51,0.648081064224,9.22037792206,2
52,0.660696983337,9.22092700005,2
53,0.673614025116,9.28078007698,2
54,0.686135053635,9.28123211861,2
55,0.698493003845,9.28447508812,2
56,0.71137714386,9.29629302025,0
57,0.724259138107,9.29673099518,0
58,0.737750053406,9.29716110229,0
59,0.750687122345,9.29759097099,0
60,0.763278961182,9.30207204819,0
61,0.77579498291,9.31644892693,0
62,0.788100004196,9.33632302284,0
63,0.800986051559,9.35071897507,0
64,0.813825130463,9.37659406662,0
65,0.826304912567,9.37700796127,0
66,0.838732004166,9.38709998131,0
67,0.851104974747,9.39348912239,0
68,0.863505125046,9.40522003174,0
69,0.876034021378,9.42582988739,0
70,0.889200925827,9.43077993393,0
71,0.901984930038,9.45592188835,0
72,0.915136098862,9.46312093735,0
73,0.927942037582,9.46558594704,0
74,0.941111087799,9.49112010002,0
75,0.953623056412,9.49966812134,0
76,0.966512918472,9.50385689735,0
77,0.978780031204,9.51543092728,0
78,0.991110086441,9.54821801186,0
79,1.00347709656,9.54863405228,0
80,1.01568603516,9.5566470623,3
81,1.02795910835,9.58119893074,3
82,1.04102802277,9.58162307739,3
83,1.05391192436,9.58823394775,3
84,1.06622099876,9.60451102257,3
85,1.07851696014,9.61092495918,3
86,1.09097313881,9.62322902679,3
87,1.10337710381,9.65428590775,3
88,1.11596393585,9.65915298462,3
89,1.12929701805,9.68626999855,3
90,1.14189195633,9.70720100403,3
91,1.15463900566,9.70787405968,3
92,1.16759109497,9.71484398842,3
93,1.18052792549,9.72033500671,3
94,1.19354104996,9.72535300255,3
95,1.20616698265,9.7405769825,3
96,1.21859407425,9.75027608871,3
97,1.23081111908,9.76302909851,3
98,1.2429831028,9.77894091606,3
99,1.25578808784,9.78976511955,3
100,1.26886510849,9.80511903763,3
101,1.28101205826,9.82404208183,3
102,1.29347610474,9.8505589962,3
103,1.30620002747,9.85352110863,3
104,1.31851005554,9.88206791878,3
105,1.33071708679,9.89834189415,3
106,1.3431429863,9.89876508713,3
107,1.35587692261,9.89924311638,3
108,1.36860203743,9.91492795944,1
109,1.38119411469,9.91725897789,1
110,1.39356994629,9.93155789375,1
111,1.40643405914,9.96025395393,1
112,1.41899800301,9.96609711647,1
113,1.43145394325,9.97335505486,1
114,1.44404196739,9.97734093666,1
115,1.45687699318,9.99266505241,1
116,1.46959209442,10.0080859661,1
117,1.48217010498,10.0251190662,1
118,1.49484992027,10.0275549889,1
119,1.50756311417,10.1120460033,1
120,1.52001810074,10.1139008999,1
121,1.5330119133,10.114495039,1
122,1.54514598846,10.1437499523,1
123,1.55788707733,10.1445040703,1
124,1.57064414024,10.1474950314,1
125,1.58281302452,10.1504011154,1
126,1.59561109543,10.1572089195,1
127,1.60834693909,10.1588149071,1
128,1.62092494965,10.1636340618,1
129,1.63368201256,10.175178051,1
130,1.64670014381,10.1817500591,1
131,1.65944695473,10.2056920528,1
132,1.67197203636,10.2082700729,1
133,1.68437409401,10.2204859257,1
134,1.6971449852,10.2355160713,1
135,1.71027493477,10.246119976,1
136,1.72322010994,10.2612650394,3
137,1.73554301262,10.2943229675,3
138,1.74824404716,10.3106811047,3
139,1.76077795029,10.3146960735,3
140,1.7737390995,10.3165390491,3
141,1.78670406342,10.3532629013,3
142,1.79960393906,10.3634340763,3
143,1.81236410141,10.3675899506,3
144,1.82491803169,10.3760719299,3
145,1.83752703667,10.3770530224,3
146,1.85007214546,10.4377660751,3
147,1.86309504509,10.4434859753,3
148,1.87618899345,10.454406023,3
149,1.88860106468,10.4552910328,3
150,1.90125513077,10.4772360325,3
151,1.91411399841,10.4902029037,3
152,1.92626214027,10.4907751083,3
153,1.9388461113,10.4958350658,3
154,1.95137310028,10.5242040157,3
155,1.96369600296,10.5246169567,3
156,1.97593998909,10.5250151157,3
157,1.98844695091,10.5343160629,3
158,2.00085711479,10.5582408905,3
159,2.01317000389,10.5667409897,3
160,2.02589297295,10.5765280724,3
161,2.03799200058,10.5780980587,3
162,2.05051803589,10.6980030537,1
163,2.06276011467,10.6987409592,1
164,2.07493114471,10.699450016,1
165,2.08808994293,10.715241909,1
166,2.10069203377,10.7214739323,1
167,2.11326503754,10.7222619057,1
168,2.12617111206,10.7249228954,1
170,2.15061807632,10.7279639244,1
171,2.16265201569,10.7379179001,1
172,2.17557406425,10.7412199974,1
173,2.18810105324,10.7499980927,1
174,2.20035195351,10.7578520775,1
175,2.21360397339,10.7647418976,1
176,2.22700500488,10.76800704,1
177,2.23929095268,10.7777609825,1
178,2.25156903267,10.7929430008,1
179,2.26401996613,10.8151869774,1
180,2.27657794952,10.8155930042,1
181,2.28961610794,10.8508360386,1
182,2.30235505104,10.855645895,1
183,2.31459498405,10.8603060246,1
184,2.32701992989,10.8663170338,1
185,2.33936309814,10.8797369003,1
186,2.35165810585,10.8901069164,1
187,2.36384606361,10.8987998962,1
188,2.37617301941,10.9275979996,1
189,2.38838005066,10.9357750416,2
190,2.40085411072,10.9616129398,2
191,2.41360092163,10.9656341076,2
192,2.42595100403,11.0004060268,2
193,2.43872404099,11.0030870438,2
194,2.45120501518,11.0035319328,2
195,2.46379113197,11.0039141178,2
196,2.47624993324,11.0166270733,2
197,2.48849391937,11.0244090557,2
198,2.50072693825,11.0318710804,2
199,2.51346206665,11.0549659729,2
200,2.52598690987,11.0593209267,2
201,2.53834199905,11.0758860111,2
169,2.13846898079,11.0857210159,2
202,2.55107808113,11.0926721096,2
203,2.56345105171,11.0990788937,2
204,2.5760819912,11.1111409664,2
205,2.58877491951,11.1274249554,2
206,2.60166406631,11.139277935,2
207,2.61458992958,11.1473190784,2
208,2.62744092941,11.1601729393,2
209,2.63974714279,11.1772079468,0
210,2.65237307549,11.1904599667,0
211,2.6651289463,11.2067220211,0
212,2.67777204514,11.2288219929,0
213,2.68995404243,11.2371590137,0
214,2.70252799988,11.2385299206,0
215,2.71500396729,11.2686491013,0
216,2.72779798508,11.2800080776,0
217,2.73991012573,11.2833330631,0
218,2.75238609314,11.2842140198,0
219,2.76500105858,11.3007349968,0
220,2.77797102928,11.319726944,0
221,2.79074501991,11.3244199753,0
222,2.80329704285,11.3374109268,0
223,2.81567811966,11.3510870934,0
224,2.82874202728,11.363615036,0
225,2.84157991409,11.3772189617,0
226,2.85450792313,11.391575098,0
227,2.86725306511,11.3980770111,0
228,2.87944412231,11.4225690365,0
229,2.89159607887,11.4278280735,0
230,2.90413212776,11.528881073,0
231,2.916918993,11.5415389538,0
232,2.9302239418,11.5423350334,0
233,2.94252300262,11.5430779457,0
234,2.9547059536,11.545609951,0
235,2.96715307236,11.5483400822,0
236,2.97943997383,11.5487759113,0
237,2.99155306816,11.5674009323,2
238,3.00440001488,11.5735580921,2
239,3.01715612411,11.5785291195,2
240,3.02980899811,11.596118927,2
241,3.0419421196,11.5967729092,2
242,3.05434203148,11.6062569618,2
243,3.06657099724,11.6211240292,2
244,3.07917809486,11.6217710972,2
245,3.09166002274,11.6291720867,2
246,3.10453391075,11.6392879486,2
247,3.11782097816,11.6693480015,2
248,3.13055801392,11.6697731018,2
249,3.14287400246,11.6798169613,2
250,3.15597200394,11.6925449371,2
251,3.16833209991,11.7045109272,2
252,3.18116998672,11.7369599342,2
253,3.19364690781,11.7373828888,2
254,3.20629501343,11.7442018986,2
255,3.21882390976,11.7690711021,2
256,3.23191809654,11.7744479179,2
257,3.24436211586,11.778427124,0
258,3.25653791428,11.7943239212,0
259,3.26923108101,11.8021919727,0
260,3.28165698051,11.8199920654,0
261,3.29423308372,11.8309669495,0
262,3.30752491951,11.8515229225,0
263,3.32015013695,11.8586549759,0
264,3.3327190876,11.8799130917,0
265,3.34561300278,11.8875849247,0
266,3.3583381176,11.8948431015,0
267,3.371062994,11.9083070755,0
268,3.38360095024,11.9210920334,0
269,3.39612698555,11.929805994,0
270,3.40901207924,11.9454870224,0
271,3.42170906067,12.0176138878,0
272,3.43401312828,12.018914938,0
273,3.446144104,12.0211610794,0
274,3.45886611938,12.0509719849,0
275,3.47136497498,12.0630729198,0
276,3.483741045,12.0661859512,0
277,3.49629092216,12.1291921139,0
278,3.50873613358,12.1296350956,0
279,3.52158999443,12.1472029686,2
280,3.53435897827,12.1508989334,2
281,3.54733395576,12.1538228989,2
282,3.5596511364,12.1558599472,2
283,3.57231998444,12.1649138927,2
284,3.58479499817,12.1703979969,2
285,3.59744906425,12.1711480618,2
286,3.61062693596,12.1796729565,2
287,3.62337708473,12.1806199551,2
288,3.63611412048,12.183175087,2
289,3.64886212349,12.1843099594,2
290,3.6612329483,12.2005710602,2
291,3.67391204834,12.2138640881,2
292,3.68668007851,12.2220110893,2
293,3.69955396652,12.2801239491,2
294,3.71208310127,12.2916059494,2
295,3.72480797768,12.2942450047,2
296,3.73735594749,12.3007719517,2
297,3.74978399277,12.3177080154,2
298,3.76248693466,12.3278980255,2
299,3.77485704422,12.3339090347,2
300,3.78739690781,12.3468689919,2
301,3.80021214485,12.3478460312,2
302,3.81318998337,12.359210968,2
303,3.82569813728,12.3636488914,2
304,3.83889603615,12.3787360191,2
305,3.85121202469,12.4095330238,0
306,3.86348509789,12.4171540737,0
307,3.87577795982,12.4184560776,0
308,3.88808202744,12.4443180561,0
309,3.90089201927,12.4451999664,0
310,3.91408896446,12.455286026,0
311,3.92668700218,12.4718930721,0
312,3.93916010857,12.4773039818,0
313,3.9515440464,12.5108499527,0
314,3.96412706375,12.5139050484,0
315,3.97710895538,12.5165650845,0
316,3.99045014381,12.5470468998,0
317,4.00269198418,12.5474839211,0
318,4.01492500305,12.5536370277,0
319,4.02695798874,12.5698668957,0
320,4.03909897804,12.5831561089,0
321,4.05138707161,12.5865430832,0
322,4.06415700912,12.6167099476,0
323,4.07731699944,12.6187539101,0
324,4.08997011185,12.622453928,0
325,4.10299706459,12.637196064,0
326,4.11584305763,12.6478021145,0
327,4.12880301476,12.6644310951,0
328,4.14209294319,12.6783730984,0
329,4.15502214432,12.7004001141,0
330,4.16815900803,12.7392289639,0
331,4.18140912056,12.7403960228,0
332,4.19395303726,12.7497200966,0
333,4.20641994476,12.7554490566,0
334,4.21934103966,12.7565898895,0
335,4.23192405701,12.7760009766,3
336,4.24457406998,12.778856039,3
337,4.25758910179,12.7935650349,3
338,4.27014899254,12.815210104,3
339,4.28288197517,12.8186619282,3
340,4.29639005661,12.8318400383,3
341,4.3091340065,12.8494970798,3
342,4.32151699066,12.8598210812,3
343,4.33397293091,12.8699529171,3
344,4.34673309326,12.8831989765,3
345,4.3594019413,12.9117588997,3
346,4.37211298943,12.9141490459,3
347,4.38461303711,12.9199140072,3
348,4.3973441124,12.9502139091,3
349,4.40989398956,12.9552891254,3
350,4.4220020771,12.9597239494,3
351,4.43432307243,12.9756240845,3
352,4.44736909866,12.986082077,3
353,4.46029806137,12.9920830727,3
354,4.47319412231,13.0137300491,3
355,4.48543405533,13.026829958,3
356,4.49780893326,13.0348410606,3
357,4.51013994217,13.0653400421,3
358,4.52241802216,13.0726599693,3
359,4.53454113007,13.076570034,3
360,4.54669809341,13.0794930458,3
361,4.55918908119,13.0972380638,1
362,4.57136297226,13.1065340042,1
363,4.58365011215,13.1218450069,1
364,4.59632492065,13.1497349739,1
365,4.60865497589,13.1530890465,1
366,4.62189507484,13.1638770103,1
367,4.63441610336,13.1813919544,1
368,4.64731097221,13.1825931072,1
369,4.65964913368,13.2041859627,1
370,4.67217898369,13.2106499672,1
371,4.68462300301,13.2449491024,1
372,4.69765710831,13.2501480579,1
373,4.71073102951,13.2592360973,1
374,4.7230079174,13.2637760639,1
375,4.73548603058,13.2780740261,1
376,4.74884605408,13.2906188965,1
377,4.76171898842,13.2988619804,1
378,4.77462506294,13.3132400513,1
379,4.78735995293,13.3259289265,1
380,4.80011296272,13.3364911079,1
381,4.81259298325,13.3528048992,2
382,4.82573413849,13.3626570702,2
383,4.83849000931,13.3754389286,2
384,4.85084891319,13.4002099037,2
385,4.86315107346,13.4006280899,2
386,4.87549805641,13.411026001,2
387,4.887830019,13.4293301105,2
388,4.90035510063,13.4490540028,2
389,4.91326212883,13.4509420395,2
390,4.92576599121,13.4596259594,2
391,4.93858003616,13.4738869667,2
392,4.95097398758,13.4885649681,2
393,4.96355104446,13.4970769882,2
394,4.97657704353,13.5174529552,2
395,4.98965191841,13.5280189514,2
396,5.00223708153,13.5413079262,2
397,5.02167010307,13.5697851181,2
398,5.03380608559,13.5726139545,2
399,5.04766201973,13.5837819576,2
400,5.06060600281,13.5958859921,2
401,5.07310509682,13.6128120422,2
402,5.08525705338,13.6385610104,2
403,5.09871292114,13.6478440762,2
404,5.11063194275,13.6510560513,2
405,5.12516212463,13.686234951,2
406,5.14039492607,13.6900129318,2
407,5.15260696411,13.6964731216,2
408,5.16480493546,13.7159399986,2
409,5.17677307129,13.7170140743,2
410,5.18875408173,13.7298920155,0
411,5.20066213608,13.7527749538,0
412,5.21743202209,13.7590150833,0
413,5.22958707809,13.7898609638,0
414,5.24252796173,13.7902710438,0
415,5.25463795662,13.7928600311,0
416,5.26677298546,13.8496720791,0
417,5.27992200851,13.9173700809,0
418,5.29232406616,13.9203169346,0
419,5.30428004265,13.9234919548,0
420,5.31617903709,14.0030629635,0
421,5.32838106155,14.0125899315,0
422,5.34210014343,14.0201809406,0
423,5.35822296143,14.0277159214,0
424,5.37797808647,14.0305969715,0
425,5.38976097107,14.0401780605,0
426,5.40655612946,14.052118063,0
427,5.41867899895,14.0597240925,0
428,5.43103408813,14.0652320385,0
429,5.44298291206,14.0771610737,0
430,5.45517992973,14.0817570686,0
431,5.46685791016,14.0821740627,0
432,5.48079895973,14.0927979946,0
433,5.49281311035,14.1017351151,0
434,5.50569796562,14.1128759384,3
435,5.52035999298,14.1197350025,3
436,5.53300404549,14.1269230843,3
437,5.54581093788,14.1283969879,3
438,5.56151604652,14.133204937,3
439,5.57858300209,14.1805069447,3
440,5.60377311707,14.1870110035,3
441,5.63510608673,14.1879479885,3
442,5.64888691902,14.1951930523,3
443,5.66260194778,14.1960890293,3
444,5.67461514473,14.2172920704,3
445,5.70426392555,14.2541139126,3
446,5.71897697449,14.3391420841,3
447,5.74216604233,14.3441839218,3
448,5.75868296623,14.4439239502,3
449,5.77433896065,14.4483060837,3
450,5.7858569622,14.4544260502,3
451,5.79954600334,14.4549779892,3
452,5.81740999222,14.461468935,3
453,5.82949995995,14.4655148983,3
454,5.8553841114,14.4794960022,3
455,5.8695640564,14.5008780956,3
456,5.89234614372,14.5264220238,1
457,5.90699100494,14.528719902,1
458,5.92916202545,14.5357820988,1
459,5.94429206848,14.5526340008,1
460,5.96638703346,14.5637249947,1
461,5.97856497765,14.5725150108,1
462,6.00428891182,14.5871899128,1
463,6.01810002327,14.6001880169,1
464,6.04271602631,14.6040430069,1
465,6.05588912964,14.6070830822,1
466,6.07062005997,14.6366829872,1
467,6.08595895767,14.6442279816,1
468,6.09822392464,14.6506578922,1
469,6.11918401718,14.6541919708,1
470,6.13580298424,14.6782929897,1
471,6.16187000275,14.7053129673,1
472,6.17650103569,14.7122280598,1
473,6.19257307053,14.742333889,1
474,6.20429205894,14.7591719627,1
475,6.21584796906,14.7597219944,1
476,6.22770500183,14.7601130009,1
477,6.239331007,14.7918860912,1
478,6.25112700462,14.7939109802,1
479,6.26848292351,14.7996819019,2
480,6.2881090641,14.9672939777,2
481,6.30915307999,14.9739460945,2
482,6.3473880291,14.9748020172,2
483,6.36243009567,14.9932210445,2
484,6.37669491768,14.9961290359,2
485,6.38844513893,15.0143449306,2
486,6.40185904503,15.0151181221,2
487,6.42569112778,15.0203630924,2
488,6.43937110901,15.0207929611,2
489,6.45897603035,15.023006916,2
490,6.47080612183,15.0312559605,2
491,6.49223804474,15.0349431038,2
492,6.51061105728,15.0505719185,2
493,6.52793192863,15.0625500679,2
494,6.54076504707,15.0883989334,2
495,6.55343794823,15.0936799049,2
496,6.56593513489,15.104542017,2
497,6.5790579319,15.1285889149,2
498,6.59515309334,15.1309280396,2
499,6.60682702065,15.1428389549,2
500,6.61943697929,15.1732110977,2
501,6.63122105598,15.1807990074,2
502,6.64288401604,15.1843249798,2
503,6.6605079174,15.2847158909,2
504,6.75506091118,15.2889239788,2
505,6.7678360939,15.31291008,2
506,6.78011202812,15.317620039,2
507,6.79417896271,15.3292601109,2
508,6.80948996544,15.3418490887,0
509,6.82868599892,15.3618550301,0
510,6.85014390945,15.4025568962,0
511,6.86826109886,15.4052529335,0
512,6.8799469471,15.4122359753,0
513,6.89534306526,15.4301049709,0
514,6.90909004211,15.4439389706,0
515,6.92418694496,15.4711649418,0
516,6.94435095787,15.4824829102,0
517,6.96242904663,15.4931240082,0
518,6.97946190834,15.5138270855,0
519,6.99559998512,15.5330939293,0
520,7.00855708122,15.541506052,0
521,7.03764390945,15.5718080997,0
522,7.07424902916,15.633177042,0
523,7.11247491837,15.6708779335,0
524,7.12740898132,15.6793379784,0
525,7.14580893517,15.6857769489,0
526,7.16088891029,15.7023050785,0
527,7.17561197281,15.7100110054,0
528,7.19566512108,15.7336950302,0
529,7.21570611,15.7458539009,0
530,7.23568105698,15.7783141136,0
531,7.24771809578,15.7845880985,0
532,7.26242208481,15.8137259483,0
533,7.2797369957,15.8225090504,0
534,7.31561899185,15.8542900085,0
535,7.33111810684,15.866601944,3
536,7.34584307671,15.8833301067,3
537,7.35788106918,15.8926270008,3
538,7.37100195885,15.9029479027,3
539,7.38719701767,15.9398269653,3
540,7.3998939991,15.9476280212,3
541,7.41780304909,15.9520258904,3
542,7.44715595245,15.9785330296,3
543,7.46023392677,16.0151090622,3
544,7.4730360508,16.0292389393,3
545,7.48746299744,16.0350499153,3
546,7.49938297272,16.0438690186,3
547,7.51197314262,16.132889986,3
548,7.59756207466,16.1365730762,3
549,7.60969495773,16.1487579346,3
550,7.62356805801,16.1617500782,3
551,7.6400949955,16.1906380653,3
552,7.6552131176,16.1942420006,3
553,7.67541503906,16.2117769718,3
554,7.68813800812,16.2254800797,3
555,7.70544910431,16.2406220436,3
556,7.7254691124,16.2778100967,3
557,7.74538397789,16.288492918,3
558,7.76276111603,16.3150990009,1
559,7.7863509655,16.3226211071,1
560,7.80239009857,16.3415880203,1
561,7.81385207176,16.3512570858,1
562,7.83034491539,16.3957629204,1
563,7.84322309494,16.3988969326,1
564,7.86163496971,16.406304121,1
565,7.88743209839,16.4344570637,1
566,7.89970898628,16.4471449852,1
567,7.92552804947,16.4768519402,1
568,7.96442103386,16.5159521103,1
569,7.98045396805,16.5167229176,1
570,7.99458312988,16.5269401073,1
571,8.00757408142,16.5392129421,1
572,8.01940393448,16.552560091,1
573,8.03960990906,16.5744180679,1
574,8.0604429245,16.5953419209,1
575,8.07967400551,16.6325819492,1
576,8.09639501572,16.6333250999,1
577,8.11005306244,16.6422410011,1
578,8.12803006172,16.6721169949,1
579,8.14612102509,16.7054560184,1
580,8.159512043,16.7148580551,1
581,8.17155408859,16.7206320763,1
582,8.1987349987,16.7512729168,1
583,8.21394705772,16.7551441193,1
584,8.23591709137,16.7868521214,1
585,8.24932909012,16.7877409458,1
586,8.26138997078,16.7967131138,1
587,8.2760720253,16.8145990372,1
588,8.28912711143,16.8227739334,3
589,8.30164003372,16.8475239277,3
590,8.31925606728,16.8532800674,3
591,8.33218193054,16.8893170357,3
592,8.3532679081,16.9011559486,3
593,8.37040305138,16.9264268875,3
594,8.38186812401,16.9270579815,3
595,8.39362311363,16.9275240898,3
596,8.41059112549,16.9632499218,3
597,8.43123602867,16.9717481136,3
598,8.44618105888,16.9813890457,3
599,8.46076798439,17.0196330547,3
600,8.47637701035,17.0219819546,3
601,8.49034690857,17.0263280869,3
602,8.510160923,17.0429160595,3
603,8.53022503853,17.0621480942,3
604,8.54630613327,17.0932490826,3
605,8.56031799316,17.1162490845,3
606,8.58130598068,17.2106559277,3
607,8.59386706352,17.2153060436,3
608,8.60633611679,17.2161459923,3
609,8.61821198463,17.2569980621,3
610,8.63055610657,17.2576079369,3
611,8.64646792412,17.2621850967,3
612,8.66095900536,17.2626709938,3
613,8.68108892441,17.2726740837,3
614,8.69761013985,17.2985079288,3
615,8.71349596977,17.3025550842,3
616,8.72969412804,17.3029398918,3
617,8.74654603004,17.3033890724,3
618,8.75838804245,17.3132610321,1
619,8.76970696449,17.3136839867,1
620,8.78510713577,17.3241479397,1
621,8.7969391346,17.3339519501,1
622,8.810338974,17.34979105,1
623,8.82320213318,17.366738081,1
624,8.84002709389,17.3751289845,1
625,8.85763096809,17.4051239491,1
626,8.8705060482,17.4420030117,1
627,8.89048314095,17.4424490929,1
628,8.90444493294,17.4438788891,1
629,8.91676211357,17.4791100025,1
630,8.93000793457,17.479569912,1
631,8.94575810432,17.4804110527,1
632,8.97759914398,17.518073082,1
633,8.99735713005,17.6352601051,1
634,9.11062598228,17.6660881042,1
635,9.1236140728,17.6665000916,1
636,9.14009594917,17.6864609718,1
637,9.16019105911,17.6979811192,1
638,9.180341959,17.7113120556,2
639,9.19270396233,17.7284719944,2
640,9.21987199783,17.7638859749,2
641,9.23198795319,17.7647149563,2
642,9.24706792831,17.7860441208,2
643,9.2626979351,17.8033940792,2
644,9.28090310097,17.8171811104,2
645,9.29707694054,17.8430159092,2
646,9.31646299362,17.8537139893,2
647,9.33142495155,17.8695509434,2
648,9.34739208221,17.8843140602,2
649,9.37686896324,17.9182519913,2
650,9.38992810249,17.9580259323,2
651,9.41521310806,17.9585700035,2
652,9.42701506615,17.9970920086,2
653,9.44137191772,18.0063691139,2
654,9.45375299454,18.0111649036,2
655,9.46549201012,18.0439140797,2
656,9.48061203957,18.0493171215,2
657,9.50067806244,18.0615429878,2
658,9.51718091965,18.0707371235,2
659,9.53979611397,18.0777180195,2
660,9.55248999596,18.0917179585,2
661,9.56559300423,18.1007781029,2
662,9.58502793312,18.1193768978,2
663,9.60098004341,18.132527113,2
664,9.61385893822,18.1513080597,2
665,9.63088393211,18.1649119854,2
666,9.64778494835,18.193308115,2
667,9.6710729599,18.2055149078,2
668,9.68261599541,18.2166919708,0
669,9.7098710537,18.2490620613,0
670,9.72515010834,18.2702310085,0
671,9.74079799652,18.2851750851,0
672,9.75390696526,18.2912449837,0
673,9.76604294777,18.2978899479,0
674,9.78057098389,18.3165709972,0
675,9.80094599724,18.3484530449,0
676,9.81939911842,18.3512179852,0
677,9.83664298058,18.3690159321,0
678,9.84910392761,18.3841559887,0
679,9.86413311958,18.3988220692,0
680,9.87908792496,18.4278979301,0
681,9.89730191231,18.4311869144,0
682,9.91837310791,18.4679160118,0
683,9.93183898926,18.4698469639,0
684,9.94643902779,18.4802150726,0
685,9.95821595192,18.4879419804,0
686,9.96970510483,18.5083050728,0
687,9.98343992233,18.5170800686,0
688,9.99957895279,18.540170908,0
689,10.0146489143,18.5482399464,0
690,10.0364689827,18.5870161057,0
691,10.0482289791,18.5878829956,0
692,10.0662610531,18.6009399891,0
693,10.0785131454,18.6177239418,0
694,10.092977047,18.6360580921,0
695,10.118021965,18.666107893,3
696,10.1527559757,18.7028210163,3
697,10.1650440693,18.7036991119,3
698,10.1813459396,18.7158000469,3
699,10.1948721409,18.7300059795,3
700,10.2148189545,18.7503130436,3
701,10.2270929813,18.7780139446,3
702,10.2428951263,18.7859649658,3
703,10.2597370148,18.7913200855,3
704,10.2798500061,18.8247859478,3
705,10.2950870991,18.8328449726,3
706,10.3124210835,18.846280098,3
707,10.3252649307,18.8669519424,3
708,10.3373329639,18.8785600662,3
709,10.3504290581,18.8848969936,3
710,10.3702819347,18.9053320885,3
711,10.382694006,18.9157989025,3
712,10.3943490982,18.9310510159,3
713,10.4077420235,18.944838047,3
714,10.4315180779,18.9744589329,3
715,10.4482240677,18.9824590683,3
716,10.460351944,19.0141639709,3
717,10.4805340767,19.0194160938,3
718,10.4974291325,19.0313129425,3
719,10.512378931,19.0468399525,3
720,10.535380125,19.0735940933,3
721,10.5486710072,19.1042170525,3
722,10.5614330769,19.1046500206,3
723,10.5777740479,19.1283369064,3
724,10.6102859974,19.1513190269,1
725,10.622066021,19.1736960411,1
726,10.6471259594,19.1831159592,1
727,10.6619019508,19.2198610306,1
728,10.6812851429,19.2203578949,1
729,10.6933069229,19.2346069813,1
730,10.7106659412,19.245896101,1
731,10.729665041,19.2657310963,1
732,10.7609701157,19.3019809723,1
733,10.7792649269,19.3333098888,1
734,10.800121069,19.3340818882,1
735,10.8146700859,19.3491508961,1
736,10.8408839703,19.3835740089,1
737,10.8561439514,19.4171020985,1
738,10.8746950626,19.4232881069,1
739,10.8885390759,19.4337449074,1
740,10.9128050804,19.4495720863,1
741,10.9319710732,19.4732499123,1
742,10.9484930038,19.4815831184,1
743,10.960914135,19.5147271156,1
744,10.9735379219,19.5398681164,1
745,10.9853010178,19.548500061,1
746,10.9967980385,19.5591061115,1
747,11.0097870827,19.5649631023,1
748,11.0248060226,19.5782029629,1
749,11.0380110741,19.5792179108,1
750,11.0516171455,19.5840570927,1
751,11.0635209084,19.6189229488,1
752,11.081043005,19.627644062,1
753,11.094545126,19.6406071186,1
754,11.1112151146,19.7339138985,3
755,11.1279120445,19.7352778912,3
756,11.1517879963,19.7388598919,3
757,11.1645591259,19.7410030365,3
758,11.1812150478,19.7422840595,3
759,11.1928200722,19.7430241108,3
760,11.2219741344,19.7689380646,3
761,11.233533144,19.7699890137,3
762,11.2619740963,19.8103599548,3
763,11.2988550663,19.8435239792,3
764,11.3111360073,19.844769001,3
765,11.3371970654,19.8805599213,3
766,11.3494091034,19.8816099167,3
767,11.3739049435,19.9153749943,3
768,11.3859090805,19.917951107,3
769,11.3985159397,19.9456529617,3
770,11.4107420444,19.9497680664,3
771,11.4318230152,19.9839379787,3
772,11.4486351013,19.9847259521,3
773,11.4696469307,20.0068199635,3
774,11.4826459885,20.0264968872,3
775,11.4949319363,20.0466151237,3
776,11.5084910393,20.0557990074,3
777,11.5223610401,20.0561900139,3
778,11.5418980122,20.0758039951,3
779,11.5615460873,20.0990610123,3
780,11.5759239197,20.1364140511,3
781,11.5893859863,20.1372730732,3
782,11.6020300388,20.1376519203,3
783,11.615306139,20.1596679688,1
784,11.6294980049,20.1640739441,1
785,11.6472899914,20.18283391,1
786,11.659348011,20.2149319649,1
787,11.6773200035,20.2237670422,1
788,11.6926929951,20.2336549759,1
789,11.716892004,20.2501349449,1
790,11.7313270569,20.2767629623,1
791,11.7571129799,20.3079659939,1
792,11.7764339447,20.3326449394,1
793,11.7918009758,20.3330891132,1
794,11.8111100197,20.3436079025,1
795,11.8312780857,20.3642849922,1
796,11.8500270844,20.3885970116,1
797,11.8712859154,20.4109630585,1
798,11.8838169575,20.4206800461,1
799,11.8989551067,20.4371819496,1
800,11.9123570919,20.4608979225,1
801,11.9326400757,20.4916460514,1
802,11.9500169754,20.4957931042,1
803,11.9627299309,20.5007760525,1
804,11.9804940224,20.5261280537,1
805,12.0001459122,20.5333991051,1
806,12.0141301155,20.6065480709,1
807,12.0794210434,20.6180529594,3
808,12.105394125,20.6478219032,3
809,12.117978096,20.6513609886,3
810,12.143050909,20.6832590103,3
811,12.1655979156,20.7208080292,3
812,12.1772310734,20.7260401249,3
813,12.1887769699,20.7318470478,3
814,12.2035429478,20.746158123,3
815,12.2154150009,20.7473409176,3
816,12.2271020412,20.7593729496,3
817,12.243571043,20.7894859314,3
818,12.2558619976,20.7959890366,3
819,12.2726609707,20.8290410042,3
820,12.2896959782,20.8388249874,3
821,12.3019719124,20.8440499306,3
822,12.3195719719,20.8513700962,3
823,12.3313701153,20.8718590736,3
824,12.3491461277,20.8852550983,3
825,12.3614840508,20.9211990833,3
826,12.3732430935,20.9221489429,3
827,12.3884859085,21.0044879913,1
828,12.4071979523,21.0054290295,1
829,12.422066927,21.0079300404,1
830,12.4424269199,21.008991003,1
831,12.4573640823,21.0097780228,1
832,12.4767119884,21.0106890202,1
833,12.4881501198,21.0246770382,1
834,12.5027351379,21.0412590504,1
835,12.5157251358,21.0754098892,1
836,12.5323269367,21.0761899948,1
837,12.5499930382,21.1024079323,1
838,12.5624909401,21.1029729843,1
839,12.5763239861,21.1154899597,1
840,12.5925309658,21.1292009354,1
841,12.6092541218,21.1428329945,1
842,12.6280710697,21.1793699265,1
843,12.6482160091,21.1822400093,1
844,12.6613659859,21.2106759548,1
845,12.6738419533,21.2205440998,1
846,12.6951639652,21.2281069756,1
847,12.7085750103,21.2652990818,2
848,12.7444009781,21.2899239063,2
849,12.7597279549,21.3002820015,2
850,12.7796311378,21.3268520832,2
851,12.7994539738,21.4126091003,2
852,12.8124370575,21.4135959148,2
853,12.8246200085,21.4143850803,2
854,12.8414311409,21.415127039,2
855,12.8536090851,21.4158630371,2
856,12.8678839207,21.4286160469,2
857,12.8795149326,21.4366099834,2
858,12.8983440399,21.4488561153,2
859,12.9120430946,21.4534990788,2
860,12.9323859215,21.4842290878,2
861,12.9441330433,21.488022089,2
862,12.9590549469,21.4904110432,2
863,12.9832921028,21.5169138908,2
864,12.9957199097,21.5339910984,2
865,13.0149619579,21.5715830326,2
866,13.028067112,21.5720160007,2
867,13.0397069454,21.5773389339,2
868,13.0693421364,21.6418631077,2
869,13.0809600353,21.6518499851,2
870,13.1023349762,21.6550760269,2
871,13.1169450283,21.6603910923,0
872,13.1294000149,21.6791460514,0
873,13.1592619419,21.6956241131,0
874,13.1763949394,21.7889399529,0
875,13.1933510303,21.7915370464,0
876,13.2057030201,21.7985160351,0
877,13.220482111,21.8048379421,0
878,13.2367401123,21.8074600697,0
879,13.2609379292,21.8169059753,0
880,13.2834191322,21.8397340775,0
881,13.2990999222,21.8405270576,0
882,13.3127839565,21.8560590744,0
883,13.35166502,21.8889160156,0
884,13.3670549393,21.897906065,0
885,13.3834140301,21.9183750153,0
886,13.3987669945,21.9335370064,0
887,13.4164090157,21.9531850815,0
888,13.428235054,21.9858119488,0
889,13.448923111,21.9868030548,0
890,13.4673891068,22.1154849529,0
891,13.6044549942,22.138406992,0
892,13.6173369884,22.1622788906,0
893,13.6430249214,22.1802899837,2
894,13.6627831459,22.1965150833,2
895,13.6776180267,22.2210419178,2
896,13.6897699833,22.2270300388,2
897,13.721476078,22.2595579624,2
898,13.7340970039,22.2799758911,2
899,13.7643871307,22.2995779514,2
900,13.7830770016,22.3209691048,2
901,13.7985351086,22.428508997,2
902,13.8160390854,22.4324889183,2
903,13.8306069374,22.4381439686,2
904,13.8430070877,22.44029212,2
905,13.8561859131,22.4425940514,2
906,13.8677809238,22.4457800388,2
907,13.8955750465,22.4586911201,2
908,13.9127709866,22.4600040913,2
909,13.9336531162,22.5485010147,2
910,13.9608690739,22.5495479107,2
911,13.9729230404,22.5518538952,2
912,13.9866900444,22.5729649067,2
913,14.0032041073,22.5738921165,2
914,14.0148251057,22.5743360519,2
915,14.0266809464,22.5747170448,2
916,14.0492730141,22.5826840401,2
917,14.0612380505,22.5992460251,0
918,14.0885150433,22.636756897,0
919,14.1010520458,22.6451730728,0
920,14.1272699833,22.6739420891,0
921,14.1434059143,22.6836369038,0
922,14.1658470631,22.7275829315,0
923,14.1865360737,22.7293200493,0
924,14.202037096,22.7371718884,0
925,14.2141771317,22.7681410313,0
926,14.2268309593,22.7685329914,0
927,14.2407400608,22.7823009491,0
928,14.2533979416,22.8086891174,0
929,14.2647941113,22.8090848923,0
930,14.27790308,22.8170030117,0
931,14.2933449745,22.8252921104,0
932,14.30615592,22.8383319378,0
933,14.3179011345,22.8534970284,0
934,14.3388390541,22.9117031097,0
935,14.3520810604,22.9146449566,0
936,14.3772530556,22.9198439121,0
937,14.3946430683,22.9353010654,0
938,14.4209010601,22.9675319195,0
939,14.4345331192,22.9683670998,0
940,14.4579629898,23.0057559013,3
941,14.4703879356,23.0066769123,3
942,14.4940769672,23.0262649059,3
943,14.5300369263,23.0604670048,3
944,14.5438170433,23.0810849667,3
945,14.5563941002,23.1176290512,3
946,14.5685129166,23.118475914,3
947,14.5805230141,23.1831989288,3
948,14.5926380157,23.1883220673,3
949,14.6072740555,23.1958200932,3
950,14.6231949329,23.2031838894,3
951,14.635477066,23.2093160152,3
952,14.649310112,23.2116799355,3
953,14.694163084,23.2409229279,3
954,14.7059159279,23.2461519241,3
955,14.7181260586,23.2592051029,3
956,14.7461910248,23.3141040802,3
957,14.7754359245,23.3179171085,3
958,14.7895951271,23.326777935,3
959,14.8142220974,23.356926918,3
960,14.8337011337,23.3970019817,3
961,14.8506720066,23.3978559971,3
962,14.8661711216,23.4134149551,3
963,14.8939371109,23.4313700199,3
964,14.9063191414,23.4682350159,3
965,14.9300980568,23.4804039001,1
966,14.9499371052,23.4882919788,1
967,14.9635939598,23.5110309124,1
968,14.9786040783,23.5150151253,1
969,15.0077359676,23.5495688915,1
970,15.0247530937,23.5582449436,1
971,15.0426769257,23.5864729881,1
972,15.0569720268,23.5957260132,1
973,15.0702431202,23.6053180695,1
974,15.0853419304,23.6222720146,1
975,15.100579977,23.6339840889,1
976,15.1235070229,23.6689240932,1
977,15.1357951164,23.6800599098,1
978,15.1630730629,23.7075009346,1
979,15.175962925,23.7112159729,1
980,15.1938109398,23.7415559292,1
981,15.2061669827,23.7573339939,1
982,15.2200000286,23.759483099,1
983,15.2337229252,23.7721199989,1
984,15.2544920444,23.7869551182,1
985,15.2683999538,23.7995069027,1
986,15.2811040878,23.8185319901,1
987,15.2988860607,23.8318939209,1
988,15.3136780262,23.8587079048,1
989,15.334592104,23.8715701103,1
990,15.3542261124,23.9046239853,1
991,15.3662109375,23.9102730751,1
992,15.3820829391,23.9405369759,1
993,15.3981349468,23.9434659481,1
994,15.4110751152,23.9543011189,3
995,15.4246399403,23.9586338997,3
996,15.4365310669,23.970195055,3
997,15.4523990154,23.987680912,3
998,15.4687011242,24.0592310429,3
999,15.5378010273,24.0928649902,3
1000,15.5584309101,24.0968680382,3
1001,15.5726051331,24.1275820732,3
1002,15.5844519138,24.1319720745,3
1003,15.5968120098,24.1443929672,3
1004,15.6084640026,24.1545240879,3
1005,15.635999918,24.1687829494,3
1006,15.6494150162,24.2066950798,3
1007,15.6743540764,24.2108631134,3
1008,15.6865119934,24.2199749947,3
1009,15.6997461319,24.2476410866,3
1010,15.7180700302,24.2600519657,3
1011,15.7341201305,24.2940170765,3
1012,15.750221014,24.2950220108,3
1013,15.7618210316,24.3266460896,3
1014,15.7877719402,24.3291449547,3
1015,15.8021271229,24.3586030006,3
1016,15.8180370331,24.4054379463,3
1017,15.8304710388,24.4062058926,3
1018,15.8423111439,24.4420258999,3
1019,15.8623070717,24.4482390881,3
1020,15.8824100494,24.4612491131,3
1021,15.9025440216,24.4641530514,3
1022,15.9192969799,24.4679670334,1
1023,15.9329309464,24.549175024,1
1024,16.0181949139,24.5551140308,1
1025,16.0298819542,24.5723590851,1
1026,16.0457811356,24.578717947,1
1027,16.0583970547,24.5900809765,1
1028,16.0758609772,24.6421658993,1
1029,16.0913159847,24.6426079273,1
1030,16.1055901051,24.6485879421,1
1031,16.1196870804,24.6549599171,1
1032,16.1333479881,24.6680679321,1
1033,16.1458230019,24.6792049408,1
1034,16.1582520008,24.7185370922,1
1035,16.1706259251,24.7189929485,1
1036,16.1912999153,24.744353056,1
1037,16.2047700882,24.7454869747,1
1038,16.2181770802,24.7559759617,1
1039,16.2309000492,24.7653110027,1
1040,16.2434620857,24.8296000957,1
1041,16.2671849728,24.8318960667,1
1042,16.2857699394,24.8996551037,1
1043,16.379846096,24.939218998,1
1044,16.394135952,24.9440340996,1
1045,16.4127349854,24.9598069191,1
1046,16.4246470928,24.9744269848,1
1047,16.4384610653,24.9785130024,2
1048,16.4499590397,24.9818129539,2
1049,16.4616560936,24.9969871044,2
1050,16.4747900963,25.0142550468,2
1051,16.511783123,25.046350956,2
1052,16.5262460709,25.0705239773,2
1053,16.5448329449,25.0780289173,2
1054,16.5566411018,25.1256129742,2
1055,16.5691370964,25.1523849964,2
1056,16.5897481441,25.1544349194,2
1057,16.602191925,25.1554100513,2
1058,16.615240097,25.1572289467,2
1059,16.6285209656,25.1839721203,2
1060,16.6425321102,25.184871912,2
1061,16.6669890881,25.203963995,2
1062,16.6838829517,25.2248771191,2
1063,16.6977219582,25.2306349277,2
1064,16.7108979225,25.2412071228,2
1065,16.7297420502,25.3009579182,2
1066,16.8129920959,25.3449759483,2
1067,16.8247029781,25.3740711212,2
1068,16.8373069763,25.3879239559,0
1069,16.8521659374,25.3966789246,0
1070,16.8645849228,25.3994269371,0
1071,16.8803350925,25.4168350697,0
1072,16.8941540718,25.425547123,0
1073,16.9061210155,25.4473280907,0
1074,16.9206390381,25.4615519047,0
1075,16.9344711304,25.4906680584,0
1076,16.9706580639,25.5224320889,0
1077,16.9960279465,25.539041996,0
1078,17.0134661198,25.5641798973,0
1079,17.0276660919,25.5661070347,0
1080,17.0394129753,25.5697069168,0
1081,17.0526061058,25.5904090405,0
1082,17.0712909698,25.6157400608,0
1083,17.08466506,25.6225008965,0
1084,17.1191570759,25.6507539749,0
1085,17.1355810165,25.6947209835,0
1086,17.147288084,25.7082359791,0
1087,17.1610610485,25.7088398933,0
1088,17.1860370636,25.7197799683,0
1089,17.198759079,25.7365269661,0
1090,17.214662075,25.7698750496,3
1091,17.2274839878,25.7749218941,3
1092,17.2431199551,25.8096148968,3
1093,17.2638680935,25.8101449013,3
1094,17.2757930756,25.8171830177,3
1095,17.3042480946,25.854788065,3
1096,17.3290040493,25.8949599266,3
1097,17.3433279991,25.9018619061,3
1098,17.3608560562,25.9037361145,3
1099,17.382830143,25.9169249535,3
1100,17.4023799896,25.9658639431,3
1101,17.4160060883,26.1193881035,3
1102,17.4281840324,26.1201150417,3
1103,17.4592809677,26.120552063,3
1104,17.4721679688,26.1209509373,3
1105,17.4857020378,26.1213378906,3
1106,17.4977190495,26.1217501163,3
1107,17.5100290775,26.1286399364,3
1108,17.5343580246,26.1290669441,3
1109,17.5491359234,26.1294760704,3
1110,17.5737390518,26.1298959255,3
1111,17.5863320827,26.1357800961,3
1112,17.6024551392,26.153924942,3
1113,17.6161160469,26.2082760334,3
1114,17.630190134,26.2091839314,3
1115,17.6501429081,26.2563741207,3
1116,17.6649241447,26.270168066,1
1117,17.6898570061,26.2803530693,1
1118,17.7026240826,26.2814109325,1
1119,17.7155001163,26.2878739834,1
1120,17.7297050953,26.3121259212,1
1121,17.7451541424,26.313519001,1
1122,17.777985096,26.3168148994,1
1123,17.8038740158,26.3531548977,1
1124,17.8158569336,26.3983650208,1
1125,17.8300559521,26.4214448929,1
1126,17.8436279297,26.4218549728,1
1127,17.8576219082,26.4222528934,1
1128,17.8779530525,26.4227869511,1
1129,17.8900909424,26.4232320786,1
1130,17.9152910709,26.4513139725,1
1131,17.9538400173,26.5463979244,1
1132,17.9655430317,26.5472209454,1
1133,17.9803640842,26.555521965,1
1134,17.9923369884,26.5562889576,1
1135,18.0048079491,26.5574040413,1
1136,18.0193841457,26.5596220493,3
1137,18.0342431068,26.5849659443,3
1138,18.070579052,26.6144809723,3
1139,18.0833759308,26.6238899231,3
1140,18.0955429077,26.6277499199,3
1141,18.1088249683,26.6627280712,3
1142,18.1220760345,26.6726469994,3
1143,18.1473679543,26.6966149807,3
1144,18.1628260612,26.7088439465,3
1145,18.1878640652,26.7379310131,3
1146,18.1993710995,26.7803649902,3
1147,18.2276611328,26.7852499485,3
1148,18.2439110279,26.7911539078,3
1149,18.2555069923,26.802809,3
1150,18.2684431076,26.8085460663,3
1151,18.2988059521,26.8619220257,3
1152,18.3146119118,26.8627660275,3
1153,18.3331699371,26.8720219135,3
1154,18.3451659679,26.8869359493,3
1155,18.3594610691,26.8922560215,3
1156,18.3744051456,26.9400029182,1
1157,18.3976960182,26.940983057,1
1158,18.4153389931,26.9482560158,1
1159,18.4348380566,26.9702410698,1
1160,18.4465739727,26.9788889885,1
1161,18.4605231285,26.9923219681,1
1162,18.4734170437,27.038435936,1
1163,18.4848959446,27.0397589207,1
1164,18.5057790279,27.0793778896,1
1165,18.5189950466,27.0802259445,1
1166,18.5471200943,27.0976059437,1
1167,18.5631709099,27.1366140842,1
1168,18.5902869701,27.1370210648,1
1169,18.6020629406,27.155025959,1
1170,18.6181209087,27.1649680138,1
1171,18.6374521255,27.1697340012,1
1172,18.6502919197,27.2101969719,1
1173,18.6616299152,27.210668087,1
1174,18.6777799129,27.2186579704,1
1175,18.7161800861,27.2775919437,1
1176,18.7289600372,27.2888460159,1
1177,18.7418279648,27.2894670963,1
1178,18.7540791035,27.3022799492,2
1179,18.7686879635,27.3111948967,2
1180,18.7834010124,27.3200280666,2
1181,18.7955191135,27.3333759308,2
1182,18.8109121323,27.34897089,2
1183,18.8251829147,27.3885889053,2
1184,18.8466310501,27.3893809319,2
1185,18.8610191345,27.403799057,2
1186,18.8731570244,27.4128210545,2
1187,18.8846750259,27.4326179028,2
1188,18.8966231346,27.4341111183,2
1189,18.9109549522,27.4471321106,2
1190,18.922811985,27.4736459255,2
1191,18.9374940395,27.4746201038,2
1192,18.9629049301,27.5122950077,2
1193,18.9983460903,27.5507600307,2
1194,19.0143620968,27.5649840832,2
1195,19.0372171402,27.5731170177,2
1196,19.0510070324,27.6050629616,2
1197,19.0642471313,27.6283669472,2
1198,19.0793039799,27.6599519253,2
1199,19.0911750793,27.6620430946,0
1200,19.1034839153,27.6746170521,0
1201,19.1151549816,27.6756410599,0
1202,19.1314339638,27.7013790607,0
1203,19.1513090134,27.708468914,0
1204,19.1687340736,27.723608017,0
1205,19.1919350624,27.7308208942,0
1206,19.2038221359,27.738861084,0
1207,19.2303109169,27.7635240555,0
1208,19.2518610954,27.7947599888,0
1209,19.2657399178,27.8028960228,0
1210,19.2775421143,27.8334081173,0
1211,19.2932939529,27.8344020844,0
1212,19.3062031269,27.840102911,0
1213,19.3230600357,27.8561530113,0
1214,19.3378219604,27.8938560486,0
1215,19.3616800308,27.9012799263,0
1216,19.3784439564,27.9133820534,0
1217,19.3939170837,27.9344749451,0
1218,19.4153089523,27.9482569695,0
1219,19.430439949,27.9745619297,0
1220,19.4569880962,28.007256031,0
1221,19.4686980247,28.0151870251,0
1222,19.4957439899,28.0500450134,0
1223,19.5072691441,28.0564050674,2
1224,19.5212619305,28.0610229969,2
1225,19.5372400284,28.0755650997,2
1226,19.5497970581,28.083976984,2
1227,19.5700290203,28.1078350544,2
1228,19.5882101059,28.2159450054,2
1229,19.6080169678,28.2164440155,2
1230,19.6219189167,28.2264249325,2
1231,19.6440830231,28.2268559933,2
1232,19.6559109688,28.2273790836,2
1233,19.6710391045,28.2313261032,2
1234,19.6879560947,28.2317819595,2
1235,19.6999909878,28.2364549637,2
1236,19.7198181152,28.2542109489,2
1237,19.7401080132,28.2933969498,2
1238,19.7544810772,28.371710062,2
1239,19.7792029381,28.4045300484,2
1240,19.7938010693,28.405657053,2
1241,19.8072009087,28.40802598,2
1242,19.8206760883,28.4103939533,2
1243,19.8320429325,28.4109489918,2
1244,19.8577539921,28.4208319187,2
1245,19.8712301254,28.422921896,2
1246,19.8872771263,28.423732996,2
1247,19.901309967,28.4379549026,2
1248,19.9387221336,28.5186619759,0
1249,19.9532771111,28.5205509663,0
1250,19.9769589901,28.5335109234,0
1251,19.9892280102,28.5421519279,0
1252,20.0039429665,28.5492320061,0
1253,20.0162990093,28.5588359833,0
1254,20.0315971375,28.5676391125,0
1255,20.043088913,28.5732190609,0
1256,20.0620009899,28.5965108871,0
1257,20.0757920742,28.6076540947,0
1258,20.0957150459,28.6373538971,0
1259,20.1300039291,28.6775391102,0
1260,20.1427330971,28.6809630394,0
1261,20.1583230495,28.6956551075,0
1262,20.174077034,28.7117528915,0
1263,20.1863789558,28.7285430431,0
1264,20.2063131332,28.7388160229,0
1265,20.2238590717,28.768693924,0
1266,20.2376511097,28.771600008,0
1267,20.249778986,28.7924649715,0
1268,20.2614021301,28.7970249653,0
1269,20.2751209736,28.837624073,0
1270,20.2926020622,28.8382520676,0
1271,20.3053929806,28.8387730122,0
1272,20.3296029568,28.8767659664,0
1273,20.3439099789,28.8772280216,0
1274,20.3681819439,28.9165959358,0
1275,20.3836569786,28.9343550205,2
1276,20.4036340714,28.9505500793,2
1277,20.4172589779,28.9604849815,2
1278,20.4308960438,28.9632520676,2
1279,20.4437870979,29.0420649052,2
1280,20.4557931423,29.0428259373,2
1281,20.4729280472,29.0440359116,2
1282,20.5203199387,29.0545699596,2
1283,20.5328569412,29.0708050728,2
1284,20.5574479103,29.0958039761,2
1285,20.5719330311,29.1168029308,2
1286,20.5873360634,29.1482450962,2
1287,20.5991849899,29.1486639977,2
1288,20.6132440567,29.1498689651,2
1289,20.6348230839,29.1950490475,2
1290,20.6475450993,29.1960840225,2
1291,20.6754031181,29.2158749104,2
1292,20.6884429455,29.2282650471,2
1293,20.7128379345,29.2693860531,2
1294,20.7397091389,29.2999169827,2
1295,20.7590880394,29.3072810173,2
1296,20.790350914,29.3365740776,2
1297,20.80184412,29.3482999802,2
1298,20.8282470703,29.3619570732,2
1299,20.8396780491,29.3802349567,2
1300,20.8686671257,29.4217131138,2
1301,20.8824589252,29.4333539009,2
1302,20.9120781422,29.4495129585,0
1303,20.92654109,29.4617888927,0
1304,20.9380559921,29.4899799824,0
1305,20.9502220154,29.4995679855,0
1306,20.9820580482,29.5392611027,0
1307,20.9941790104,29.5437610149,0
1308,21.0288801193,29.5687270164,0
1309,21.046610117,29.583687067,0
1310,21.0631799698,29.6059510708,0
1311,21.0760259628,29.6205339432,0
1312,21.1025180817,29.6561439037,0
1313,21.1170790195,29.6610310078,0
1314,21.1325409412,29.6985650063,0
1315,21.1451890469,29.7006819248,0
1316,21.1746470928,29.706799984,0
1317,21.1890149117,29.7254951,0
1318,21.2035310268,29.7395501137,0
1319,21.2164900303,29.7591869831,0
1320,21.2295079231,29.7703449726,0
1321,21.2522499561,29.8056910038,0
1322,21.2915780544,29.8473238945,0
1323,21.3057789803,29.8484370708,0
1324,21.3305430412,29.8632760048,0
1325,21.3422679901,29.8786230087,0
1326,21.3742399216,29.9190680981,0
1327,21.4630310535,29.9986350536,0
1328,21.4909420013,30.036206007,0
1329,21.5027289391,30.0405580997,0
1330,21.5186879635,30.0516040325,0
1331,21.5307090282,30.0681920052,2
1332,21.5437431335,30.1123430729,2
1333,21.5554931164,30.1136569977,2
1334,21.5776910782,30.1570470333,2
1335,21.5895090103,30.1585741043,2
1336,21.6228439808,30.1595261097,2
1337,21.6356499195,30.1883330345,2
1338,21.6494219303,30.19708395,2
1339,21.6609690189,30.2017679214,2
1340,21.6730339527,30.2111330032,2
1341,21.7007479668,30.2426989079,2
1342,21.7219729424,30.2644970417,2
1343,21.7357070446,30.2874670029,2
1344,21.7474079132,30.3406319618,2
1345,21.768034935,30.3419809341,2
1346,21.7797889709,30.3789339066,2
1347,21.7913479805,30.3803920746,2
1348,21.8106350899,30.3812510967,2
1349,21.8226969242,30.3845849037,2
1350,21.8342220783,30.3935940266,2
1351,21.8459961414,30.3965139389,2
1352,21.8595809937,30.3980810642,2
1353,21.8717899323,30.4212191105,2
1354,21.8900279999,30.4343941212,2
1355,21.9021561146,30.438297987,2
1356,21.9156711102,30.4724841118,2
1357,21.9282751083,30.4797310829,0
1358,21.9414870739,30.4862539768,0
1359,21.9686489105,30.5198330879,0
1360,21.9804000854,30.5237879753,0
1361,22.0059139729,30.5388720036,0
1362,22.0215771198,30.5589740276,0
1363,22.0346989632,30.5706429482,0
1364,22.0499241352,30.6076259613,0
1365,22.067663908,30.6159861088,0
1366,22.0828509331,30.6417040825,0
1367,22.0970160961,30.6435871124,0
1368,22.1198959351,30.6549530029,0
1369,22.1556041241,30.6894609928,0
1370,22.168088913,30.7253730297,0
1371,22.1831331253,30.7297389507,0
1372,22.1967930794,30.7380919456,0
1373,22.2090990543,30.7451999187,0
1374,22.2319250107,30.7676460743,0
1375,22.2693250179,30.8077509403,0
1376,22.2892429829,30.8370609283,0
1377,22.3014159203,30.8392150402,0
1378,22.3132750988,30.8662629128,3
1379,22.3286759853,30.8704969883,3
1380,22.3451759815,30.8793799877,3
1381,22.3580720425,30.9588830471,3
1382,22.3722660542,30.9595780373,3
1383,22.3840770721,30.9599859715,3
1384,22.4049539566,30.998169899,3
1385,22.4339189529,31.0001969337,3
1386,22.4603221416,31.0292890072,3
1387,22.4731740952,31.0355811119,3
1388,22.4972090721,31.0364871025,3
1389,22.5112059116,31.0603320599,3
1390,22.5351200104,31.0751390457,3
1391,22.5547330379,31.099437952,3
1392,22.5731329918,31.112924099,3
1393,22.586648941,31.123347044,3
1394,22.6058459282,31.142621994,3
1395,22.6269350052,31.1601340771,3
1396,22.6403770447,31.1881039143,3
1397,22.6656749249,31.263053894,3
1398,22.6834900379,31.2741529942,3
1399,22.6961429119,31.2850060463,3
1400,22.7085211277,31.2859890461,3
1401,22.720085144,31.2868959904,3
1402,22.7337760925,31.2876880169,3
1403,22.7506251335,31.3035140038,3
1404,22.765114069,31.3282461166,3
1405,22.7771909237,31.4040119648,1
1406,22.7895390987,31.4044289589,1
1407,22.8045930862,31.4052419662,1
1408,22.8226509094,31.4147191048,1
1409,22.8345780373,31.4191939831,1
1410,22.8622550964,31.4230139256,1
1411,22.8745861053,31.423981905,1
1412,22.8866040707,31.4318931103,1
1413,22.9013209343,31.4545390606,1
1414,22.914178133,31.4587359428,1
1415,22.9378991127,31.4959340096,1
1416,22.9551389217,31.5002369881,1
1417,22.9782390594,31.5256550312,1
1418,22.9902429581,31.5350060463,1
1419,23.0062510967,31.5447220802,1
1420,23.0191810131,31.5719211102,1
1421,23.037651062,31.5728170872,1
1422,23.0573050976,31.6055319309,1
1423,23.0690159798,31.6334650517,1
1424,23.0867300034,31.6346049309,1
1425,23.1075999737,31.6402919292,1
1426,23.1256709099,31.6721310616,1
1427,23.1393821239,31.6831409931,1
1428,23.1628239155,31.7208449841,1
1429,23.1746499538,31.7644491196,1
1430,23.2025229931,31.765805006,1
1431,23.2219059467,31.7670218945,1
1432,23.2378640175,31.8091480732,2
1433,23.250510931,31.8124630451,2
1434,23.2773659229,31.8175890446,2
1435,23.2888159752,31.8429160118,2
1436,23.3158681393,31.872262001,2
1437,23.3356800079,31.8726909161,2
1438,23.3507049084,31.9072399139,2
1439,23.3639631271,31.9366350174,2
1440,23.3931529522,31.9371159077,2
1441,23.4069490433,31.9477601051,2
1442,23.4229619503,31.9877769947,2
1443,23.4344339371,32.0002140999,2
1444,23.4459910393,32.0052568913,2
1445,23.4572949409,32.007381916,2
1446,23.4688971043,32.0279209614,2
1447,23.4803030491,32.0383889675,2
1448,23.495650053,32.0388000011,2
1449,23.5111870766,32.0564749241,2
1450,23.5265550613,32.0813910961,2
1451,23.5496959686,32.0994739532,2
1452,23.568169117,32.1524980068,2
1453,23.6256139278,32.1773939133,2
1454,23.6472909451,32.1877439022,0
1455,23.6645829678,32.2010900974,0
1456,23.6816329956,32.2276771069,0
1457,23.702878952,32.2650020123,0
1458,23.7144589424,32.2654280663,0
1459,23.7415781021,32.307322979,0
1460,23.7574191093,32.3260369301,0
1461,23.7745299339,32.3292250633,0
1462,23.786960125,32.333178997,0
1463,23.8058481216,32.3417999744,0
1464,23.8176600933,32.365762949,0
1465,23.841094017,32.4105319977,0
1466,23.8678979874,32.4113790989,0
1467,23.8797399998,32.4462430477,0
1468,23.8918220997,32.447204113,0
1469,23.9158520699,32.487653017,0
1470,23.9310591221,32.4927020073,0
1471,23.9449551105,32.4984509945,0
1472,23.9582359791,32.5039041042,0
1473,23.9703149796,32.5075778961,0
1474,23.9920771122,32.5244169235,0
1475,24.0057020187,32.5623528957,0
1476,24.0302541256,32.60115695,0
1477,24.0439109802,32.6131629944,0
1478,24.0695719719,32.615377903,0
1479,24.107170105,32.6549499035,0
1480,24.1199560165,32.6632409096,0
1481,24.1331131458,32.6683061123,0
1482,24.1579499245,32.6958351135,0
1483,24.1812999249,32.7367110252,0
1484,24.1976461411,32.8018169403,3
1485,24.2130150795,32.8080170155,3
1486,24.2249209881,32.8144569397,3
1487,24.2369470596,32.8177480698,3
1488,24.2489190102,32.8182630539,3
1489,24.2652709484,32.8196699619,3
1490,24.2831280231,32.8305671215,3
1491,24.2986700535,32.8362159729,3
1492,24.3208310604,32.8729450703,3
1493,24.3330280781,32.8829250336,3
1494,24.3597140312,32.8972129822,3
1495,24.3744950294,32.9154140949,3
1496,24.3878860474,32.9221110344,3
1497,24.4042780399,32.9650011063,3
1498,24.4380331039,33.0010700226,3
1499,24.4567029476,33.1272909641,3
1500,24.5422859192,33.1404490471,3
1501,24.5598881245,33.141493082,3
1502,24.5748279095,33.142813921,3
1503,24.603071928,33.14407897,3
1504,24.6374499798,33.1827619076,3
1505,24.6698100567,33.2057180405,3
1506,24.6813440323,33.2214810848,3
1507,24.694423914,33.2258560658,3
1508,24.7067160606,33.2568240166,3
1509,24.7186529636,33.2589159012,1
1510,24.7389390469,33.3203909397,1
1511,24.7561459541,33.324794054,1
1512,24.7702350616,33.3267929554,1
1513,24.7836470604,33.335586071,1
1514,24.8114740849,33.3624899387,1
1515,24.8247299194,33.3634040356,1
1516,24.8385510445,33.3752100468,1
1517,24.8502531052,33.4082388878,1
1518,24.8705229759,33.4136791229,1
1519,24.8888549805,33.4276170731,1
1520,24.9040400982,33.4438409805,1
1521,24.9229130745,33.4740381241,1
1522,24.9437739849,33.485090971,1
1523,24.9562461376,33.5059161186,1
1524,24.9685459137,33.5116090775,1
1525,24.9816579819,33.5281660557,1
1526,24.9990019798,33.5517780781,1
1527,25.0191850662,33.5526070595,1
1528,25.0310540199,33.5653131008,1
1529,25.0431771278,33.5768449306,1
1530,25.0600121021,33.5921750069,1
1531,25.0741999149,33.6081359386,1
1532,25.0875411034,33.6274020672,1
1533,25.1045799255,33.6398720741,1
1534,25.1184351444,33.6718599796,1
1535,25.1433990002,33.6800620556,1
1536,25.1586620808,33.6953160763,3
1537,25.1742579937,33.7094109058,3
1538,25.1878190041,33.7197420597,3
1539,25.2065551281,33.7566940784,3
1540,25.229473114,33.7935841084,3
1541,25.2589359283,33.8023219109,3
1542,25.2743270397,33.8088560104,3
1543,25.3364520073,33.8730070591,3
1544,25.3494079113,33.9057700634,3
1545,25.3769950867,33.9306130409,3
1546,25.3915541172,33.9316411018,3
1547,25.4080760479,33.9427258968,3
1548,25.4255330563,33.9620199203,3
1549,25.4411160946,33.9800899029,3
1550,25.4544639587,34.0205221176,3
1551,25.466823101,34.0225579739,3
1552,25.4911959171,34.0238931179,3
1553,25.5103170872,34.0700740814,3
1554,25.5243520737,34.0734729767,3
1555,25.5372331142,34.076335907,3
1556,25.5548419952,34.0927131176,3
1557,25.574557066,34.1196229458,3
1558,25.6021621227,34.1569490433,1
1559,25.6177010536,34.171875,1
1560,25.635766983,34.2025771141,1
1561,25.6473510265,34.203318119,1
1562,25.6600821018,34.2126181126,1
1563,25.6745769978,34.2154960632,1
1564,25.6978099346,34.2397389412,1
1565,25.7094650269,34.2437479496,1
1566,25.7363300323,34.282006979,1
1567,25.74812603,34.3078250885,1
1568,25.7640171051,34.3082399368,1
1569,25.7754490376,34.3094549179,1
1570,25.7873370647,34.3247680664,1
1571,25.8153910637,34.359513998,1
1572,25.8314039707,34.3653569221,1
1573,25.8543789387,34.3865509033,1
1574,25.8674221039,34.4001960754,1
1575,25.9007210732,34.4387180805,1
1576,25.9151339531,34.4534590244,1
1577,25.9288139343,34.4853069782,1
1578,25.9419560432,34.4909460545,1
1579,25.969203949,34.5130620003,1
1580,26.0035741329,34.5519139767,1
1581,26.0189220905,34.5671720505,1
1582,26.0366740227,34.5732750893,1
1583,26.0486550331,34.5841929913,1
1584,26.0610539913,34.5951340199,3
1585,26.0815961361,34.6295518875,3
1586,26.093255043,34.6379659176,3
1587,26.1198880672,34.66741395,3
1588,26.158107996,34.7073380947,3
1589,26.1755170822,34.7174239159,3
1590,26.1927731037,34.7458789349,3
1591,26.2052800655,34.7468190193,3
1592,26.2167639732,34.7614140511,3
1593,26.234662056,34.7774550915,3
1594,26.2498290539,34.7829780579,3
1595,26.2720279694,34.8237628937,3
1596,26.2886970043,34.8632619381,3
1597,26.3211040497,34.8641369343,3
1598,26.3395159245,34.8916049004,3
1599,26.3508720398,34.8953359127,3
1600,26.3629729748,34.908260107,3
1601,26.3908131123,34.9249970913,3
1602,26.4054579735,34.9448509216,3
1603,26.4182920456,35.0131928921,3
1604,26.4300439358,35.0238161087,3
1605,26.4423639774,35.0266571045,3
1606,26.465045929,35.0274848938,3
1607,26.5021579266,35.0402789116,1
1608,26.5161139965,35.0831429958,1
1609,26.5292670727,35.0864610672,1
1610,26.5408010483,35.0875530243,1
1611,26.5536439419,35.1207609177,1
1612,26.5781469345,35.1499860287,1
1613,26.5927591324,35.1513020992,1
1614,26.6188249588,35.1671380997,1
1615,26.6549780369,35.1931459904,1
1616,26.6704339981,35.2667870522,1
1617,26.6895060539,35.2721149921,1
1618,26.7018899918,35.2778170109,1
1619,26.7141680717,35.2827079296,1
1620,26.7313399315,35.2835729122,1
1621,26.743158102,35.288118124,1
1622,26.7694900036,35.3071060181,1
1623,26.7835021019,35.3253679276,1
1624,26.7993700504,35.3343029022,1
1625,26.8133840561,35.3728859425,1
1626,26.8259289265,35.3738439083,1
1627,26.8406369686,35.3795180321,1
1628,26.8566310406,35.4371380806,3
1629,26.8719530106,35.4380528927,3
1630,26.8866200447,35.4391291142,3
1631,26.8991839886,35.4434909821,3
1632,26.9188261032,35.4494581223,3
1633,26.9330570698,35.4771881104,3
1634,26.9446589947,35.4782209396,3
1635,26.9564831257,35.4922549725,3
1636,26.9684901237,35.4991600513,3
1637,26.9903569221,35.5224230289,3
1638,27.0021920204,35.5566389561,3
1639,27.0182080269,35.5574901104,3
1640,27.0296390057,35.5728290081,3
1641,27.0430519581,35.588684082,3
1642,27.0570139885,35.5892159939,3
1643,27.076182127,35.6653609276,3
1644,27.088506937,35.6886711121,3
1645,27.1535930634,35.6978061199,3
1646,27.1685459614,35.6987359524,3
1647,27.1873469353,35.731703043,3
1648,27.200824976,35.7393870354,3
1649,27.2216949463,35.7636950016,3
1650,27.2332119942,35.7781250477,3
1651,27.2588620186,35.7943959236,3
1652,27.2724480629,35.8065750599,3
1653,27.2999970913,35.845359087,3
1654,27.3163640499,35.8600931168,3
1655,27.3391039371,35.8784389496,3
1656,27.3604230881,35.9149689674,3
1657,27.3775510788,35.9171159267,1
1658,27.3933970928,35.9856860638,1
1659,27.4888370037,36.0307641029,1
1660,27.5129721165,36.0653510094,1
1661,27.5357289314,36.0688290596,1
1662,27.5494129658,36.0892839432,1
1663,27.5613429546,36.0943279266,1
1664,27.5868971348,36.1324400902,1
1665,27.6097559929,36.1409819126,1
1666,27.6226789951,36.1565129757,1
1667,27.6345219612,36.1675350666,1
1668,27.6559479237,36.2029531002,1
1669,27.6709680557,36.2119319439,1
1670,27.6973080635,36.2934389114,1
1671,27.7167639732,36.2957799435,1
1672,27.7300031185,36.2976939678,1
1673,27.7422771454,36.2984960079,1
1674,27.7555770874,36.3192720413,1
1675,27.7703700066,36.3327410221,1
1676,27.8080830574,36.3437290192,1
1677,27.8197450638,36.3529651165,1
1678,27.8378870487,36.381788969,2
1679,27.8499810696,36.3835339546,2
1680,27.8639159203,36.3971910477,2
1681,27.8902180195,36.4364800453,2
1682,27.9204170704,36.4715631008,2
1683,27.9593579769,36.5114350319,2
1684,27.9766619205,36.5122830868,2
1685,27.9903709888,36.5214409828,2
1686,28.0077409744,36.557874918,2
1687,28.0317399502,36.5903139114,2
1688,28.0444450378,36.5918021202,2
1689,28.0699529648,36.6230390072,2
1690,28.0852110386,36.6311640739,2
1691,28.1003921032,36.6373159885,2
1692,28.1147580147,36.6617250443,2
1693,28.1290390491,36.6678500175,2
1694,28.1469390392,36.70043993,2
1695,28.1583900452,36.7498478889,2
1696,28.1858129501,36.7798531055,2
1697,28.1995611191,36.783260107,2
1698,28.2267820835,36.7868421078,2
1699,28.2404649258,36.7914829254,2
1700,28.256565094,36.7938210964,2
1701,28.2695350647,36.824696064,2
1702,28.2846810818,36.829169035,2
1703,28.3004851341,36.8561251163,2
1704,28.3120419979,36.8574919701,2
1705,28.3386809826,37.1341810226,0
1706,28.3576071262,37.1405630112,0
1707,28.3865339756,37.1479279995,0
1708,28.4037969112,37.1507608891,0
1709,28.4173660278,37.1568899155,0
1710,28.4293949604,37.1691920757,0
1711,28.453346014,37.1730699539,0
1712,28.4649469852,37.1812860966,0
1713,28.4906520844,37.1841208935,0
1714,28.5105309486,37.2524349689,0
1715,28.5263750553,37.2530961037,0
1716,28.5437579155,37.2551031113,0
1717,28.565871954,37.2567389011,0
1718,28.5774989128,37.2844669819,0
1719,28.6044850349,37.2875111103,0
1720,28.617552042,37.2903380394,0
1721,28.6430261135,37.2936661243,0
1722,28.6604509354,37.3254959583,0
1723,28.6765611172,37.329198122,0
1724,28.6884450912,37.3302569389,0
1726,28.7205119133,37.3306820393,0
1727,28.7368750572,37.337389946,2
1728,28.7588851452,37.3379359245,2
1729,28.7727730274,37.3651940823,2
1730,28.7899060249,37.3754520416,2
1731,28.8014829159,37.3763229847,2
1732,28.817620039,37.3911719322,2
1733,28.8311131001,37.3949980736,2
1734,28.8442130089,37.395428896,2
1735,28.8694491386,37.4021658897,2
1736,28.9075090885,37.4460151196,2
1725,28.701775074,37.4772450924,2
1737,28.946352005,37.4930100441,2
1738,28.9675469398,37.5165879726,2
1739,28.9820010662,37.5440089703,2
1740,28.9935190678,37.5469279289,2
1741,29.0101969242,37.5492880344,2
1742,29.0220980644,37.5582261086,2
1743,29.0446119308,37.583507061,2
1744,29.06062603,37.6169769764,2
1745,29.0769090652,37.6300189495,2
1746,29.0886631012,37.6322619915,2
1747,29.1005749702,37.6434860229,2
1748,29.1351671219,37.6881949902,2
1749,29.1591660976,37.7515499592,2
1750,29.1790721416,37.7532830238,2
1751,29.2062180042,37.7549979687,2
1752,29.2356870174,37.7944760323,2
1753,29.2738981247,37.8263940811,2
1754,29.2943339348,37.8313670158,2
1755,29.30885005,37.8475420475,2
1756,29.3255450726,37.8817648888,0
1757,29.337831974,37.8828659058,0
1758,29.3556039333,37.9116621017,0
1759,29.3743679523,37.9679059982,0
1760,29.4583470821,38.0061719418,0
1761,29.4760389328,38.0147790909,0
1762,29.4937520027,38.0486080647,0
1763,29.5051729679,38.0587420464,0
1764,29.5345680714,38.0760788918,0
1765,29.5512580872,38.0835161209,0
1766,29.5729100704,38.1205420494,0
1767,29.5924301147,38.1286489964,0
1768,29.6045329571,38.1365349293,0
1769,29.6186609268,38.1585979462,0
1770,29.6406440735,38.1913630962,0
1771,29.6537139416,38.1998319626,0
1772,29.6655180454,38.2330961227,0
1773,29.6770689487,38.2347419262,0
1774,29.6905419827,38.2404589653,0
1775,29.7089190483,38.2481870651,0
1776,29.7324430943,38.2697100639,0
1777,29.7452909946,38.2820711136,0
1778,29.7574949265,38.2972970009,0
1779,29.7719490528,38.3072268963,0
1780,29.7852420807,38.3182220459,0
1781,29.8021950722,38.3383800983,2
1782,29.8186240196,38.3590071201,2
1783,29.8398249149,38.3853049278,2
1784,29.8534030914,38.4198710918,2
1785,29.8652529716,38.420345068,2
1786,29.8770029545,38.4207959175,2
1787,29.8963329792,38.4287910461,2
1788,29.9085130692,38.4626889229,2
1789,29.9201891422,38.4648840427,2
1790,29.9400091171,38.4801809788,2
1791,29.9715120792,38.5071570873,2
1792,29.9913220406,38.5462050438,2
1793,30.0051350594,38.5832059383,2
1794,30.017168045,38.5910599232,2
1795,30.0296010971,38.5934000015,2
1796,30.0413210392,38.5987019539,2
1797,30.0529770851,38.6000709534,2
1798,30.068021059,38.6207880974,2
1799,30.082036972,38.6308350563,2
1800,30.102836132,38.642209053,2
1801,30.1192619801,38.668612957,2
1802,30.1362519264,38.6787860394,0
1803,30.154417038,38.7069659233,0
1804,30.1671741009,38.721036911,0
1805,30.1810231209,38.7286589146,0
1806,30.1980659962,38.7318940163,0
1807,30.2239689827,38.773982048,0
1808,30.2379910946,38.7811129093,0
1809,30.2622740269,38.7948410511,0
1810,30.2814149857,38.8258979321,0
1811,30.2929069996,38.8314759731,0
1812,30.3047339916,38.90792799,0
1813,30.3167231083,38.9148390293,0
1814,30.334692955,38.915941,0
1815,30.3465781212,38.9236030579,0
1816,30.3715269566,38.9249420166,0
1817,30.391283989,38.9397239685,0
1818,30.409224987,38.9763541222,0
1819,30.4301280975,38.976790905,0
1820,30.4517509937,38.9931910038,0
1821,30.4744911194,39.010792017,0
1822,30.48970294,39.0537400246,0
1823,30.5028209686,39.0546219349,0
1824,30.5240170956,39.0938849449,2
1825,30.5361280441,39.0948081017,2
1826,30.5494570732,39.1098759174,2
1827,30.5670471191,39.1183280945,2
1828,30.5804579258,39.119371891,2
1829,30.5993869305,39.1346828938,2
1830,30.6119909286,39.1514949799,2
1831,30.6376979351,39.1787528992,2
1832,30.6515610218,39.2132310867,2
1833,30.6633861065,39.2197070122,2
1834,30.6777489185,39.2275810242,2
1835,30.6960709095,39.2309110165,2
1836,30.716643095,39.2530190945,2
1837,30.7286250591,39.2599959373,2
1838,30.760518074,39.3250660896,2
1839,30.7801289558,39.3345499039,2
1840,30.7920279503,39.3350050449,2
1841,30.8060660362,39.3687560558,2
1842,30.8314950466,39.3778789043,2
1843,30.8432710171,39.3787939548,2
1844,30.8546280861,39.3915441036,2
1845,30.8660309315,39.4026551247,0
1846,30.8782510757,39.4239149094,0
1847,30.9028520584,39.446449995,0
1848,30.9148430824,39.4514379501,0
1849,30.9284031391,39.48350811,0
1850,30.9404990673,39.4908909798,0
1851,30.9521849155,39.4943900108,0
1852,30.9782960415,39.5134549141,0
1853,30.9898200035,39.522660017,0
1854,31.0160300732,39.5638430119,0
1855,31.0299100876,39.5642700195,0
1856,31.0446281433,39.6044309139,0
1857,31.0592911243,39.6048779488,0
1858,31.0711569786,39.6102199554,0
1859,31.0918040276,39.6299118996,0
1860,31.1291520596,39.6719419956,0
1861,31.1416249275,39.6817929745,0
1862,31.1665329933,39.7130761147,0
1863,31.1789879799,39.7208609581,0
1864,31.2003629208,39.7357599735,0
1865,31.2119591236,39.7436499596,0
1866,31.2421519756,39.8056790829,0
1867,31.2543420792,39.8061649799,0
1868,31.2799539566,39.8325390816,0
1869,31.2961671352,39.8343589306,0
1870,31.3197751045,39.8543329239,0
1871,31.3317539692,39.8643429279,0
1872,31.3448741436,39.8838720322,3
1873,31.3582339287,39.9006669521,3
1874,31.3720459938,39.9083800316,3
1875,31.383368969,39.9273810387,3
1876,31.3979310989,39.9338591099,3
1877,31.4154441357,39.9643929005,3
1878,31.4480469227,39.9924390316,3
1879,31.4610271454,39.9992990494,3
1880,31.4782459736,40.0362479687,3
1881,31.4911780357,40.0418019295,3
1882,31.5033731461,40.0904660225,3
1883,31.5300650597,40.0934460163,3
1884,31.5440540314,40.098457098,3
1885,31.5596499443,40.1038939953,3
1886,31.571103096,40.1193509102,3
1887,31.5876641273,40.1499431133,3
1888,31.6494250298,40.1889688969,3
1889,31.6782031059,40.2118909359,3
1890,31.6959810257,40.3167641163,3
1891,31.7771229744,40.3245270252,3
1892,31.799325943,40.3356668949,1
1893,31.8338360786,40.3763730526,1
1894,31.8485150337,40.3861980438,1
1895,31.8633000851,40.4003739357,1
1896,31.8785040379,40.4124610424,1
1897,31.8959619999,40.4419910908,1
1898,31.9109489918,40.4817841053,1
1899,31.9296910763,40.4822120667,1
1900,31.9434380531,40.4826331139,1
1901,31.9549629688,40.4896149635,1
1902,31.9668021202,40.4998459816,1
1903,31.978276968,40.5512239933,1
1904,31.9948771,40.5523869991,1
1905,32.0068480968,40.5568170547,1
1906,32.0197799206,40.5574080944,1
1907,32.0318861008,40.5762910843,1
1908,32.0482161045,40.5977940559,1
1909,32.0831260681,40.6288280487,1
1910,32.0962450504,40.6343989372,1
1911,32.1224479675,40.6689519882,1
1912,32.1393480301,40.6966569424,1
1913,32.1643440723,40.7018589973,1
1914,32.1803290844,40.7179949284,3
1915,32.1930060387,40.7298560143,3
1916,32.2050960064,40.7430269718,3
1917,32.2188899517,40.75938797,3
1918,32.2306871414,40.7636220455,3
1919,32.2473931313,40.8001720905,3
1920,32.2602319717,40.8011040688,3
1921,32.2792520523,40.8168990612,3
1922,32.2921071053,40.8239250183,3
1923,32.3042550087,40.8423759937,3
1924,32.330976963,40.8781239986,3
1925,32.3447859287,40.8883900642,3
1926,32.3724110126,40.9101691246,3
1927,32.407310009,40.9475119114,3
1928,32.4199850559,40.9539029598,3
1929,32.4475810528,40.9883489609,3
1930,32.4606389999,40.9938280582,3
1931,32.4743211269,41.0219581127,3
1932,32.4883229733,41.0297179222,3
1933,32.5009930134,41.0402300358,3
1934,32.5283119678,41.0879781246,3
1935,32.556563139,41.0969829559,3
1936,32.5721480846,41.1089839935,1
1937,32.5838029385,41.1334290504,1
1938,32.6084420681,41.1416220665,1
1939,32.6202111244,41.1747260094,1
1940,32.6322159767,41.1809129715,1
1941,32.6440730095,41.181871891,1
1942,32.6565260887,41.2129170895,1
1943,32.6791391373,41.2168741226,1
1944,32.6954770088,41.2352631092,1
1945,32.7091031075,41.2486619949,1
1946,32.7342569828,41.2770180702,1
1947,32.7487289906,41.3162610531,1
1948,32.7624881268,41.3166890144,1
1949,32.7782690525,41.3171141148,1
1950,32.7913620472,41.3291459084,1
1951,32.8165919781,41.3671700954,1
1952,32.8299660683,41.3952569962,1
1953,32.8458881378,41.4064080715,1
1954,32.8588590622,41.4070730209,1
1955,32.8871269226,41.4430289268,1
1956,32.9035320282,41.4480409622,1
1957,32.9309089184,41.4664208889,1
1958,32.9426281452,41.4754619598,3
1959,32.954200983,41.4899470806,3
1960,32.9692659378,41.5217599869,3
1961,32.983148098,41.5528678894,3
1962,32.9950959682,41.5572268963,3
1963,33.0208959579,41.5606930256,3
1964,33.0325751305,41.583781004,3
1965,33.0473799706,41.5974140167,3
1966,33.0609240532,41.5979850292,3
1967,33.0725741386,41.6121931076,3
1968,33.0987420082,41.6319999695,3
1969,33.1135680676,41.6662108898,3
1970,33.1286671162,41.669588089,3
1971,33.1425690651,41.6738669872,3
1972,33.155837059,41.709305048,3
1973,33.1777560711,41.7411370277,3
1974,33.2129940987,41.7477381229,3
1975,33.2254350185,41.7612259388,3
1976,33.2503709793,41.7946219444,3
1977,33.26343894,41.8030700684,3
1978,33.2894229889,41.8255169392,3
1979,33.3045089245,41.8626720905,3
1980,33.325083971,41.8715810776,1
1981,33.3367090225,41.8838028908,1
1982,33.3514020443,41.9043660164,1
1983,33.3629031181,41.9050529003,1
1984,33.3751070499,41.9322628975,1
1985,33.3865399361,41.9398300648,1
1986,33.4080219269,41.9403820038,1
1987,33.422358036,41.9550600052,1
1988,33.4490399361,41.9908509254,1
1989,33.4830920696,42.0193910599,1
1990,33.4969370365,42.0600008965,1
1991,33.5212469101,42.0609340668,1
1992,33.533880949,42.0915830135,1
1993,33.5630199909,42.0979869366,1
1994,33.5771460533,42.1393349171,1
1995,33.5994911194,42.1538569927,1
1996,33.6128721237,42.1621251106,1
1997,33.6326720715,42.1725320816,1
1998,33.6482601166,42.1808719635,1
1999,33.6723229885,42.2072238922,1
2000,33.6873910427,42.2326591015,1
