PacketSeqNo,GeneratedTime(sec),ArrivalTime(sec),MulticastIdx
1,0.00196099281311,8.53182697296,1
2,0.0140058994293,8.54445290565,1
3,0.0270450115204,8.55799794197,1
4,0.0399928092957,8.57035708427,1
5,0.0530078411102,8.58447003365,1
6,0.0658679008484,8.59852099419,1
7,0.078724861145,8.61906099319,1
8,0.0916569232941,8.62513589859,1
9,0.104214906693,8.64931702614,1
10,0.116768836975,8.64969801903,1
11,0.131182909012,8.66231703758,1
12,0.143600940704,8.68439292908,1
13,0.155977010727,8.69022107124,1
14,0.168231010437,8.70108008385,1
15,0.180531978607,8.71502590179,1
16,0.19305896759,8.73994588852,1
17,0.222993850708,8.7617828846,1
18,0.236126899719,8.76595902443,1
19,0.248566865921,8.79756808281,1
20,0.261317014694,8.79795908928,1
21,0.27335190773,8.80456805229,1
22,0.285727024078,8.83464097977,1
23,0.298301935196,8.83822488785,1
24,0.31082201004,8.84212708473,1
25,0.322947978973,8.87306690216,1
26,0.335417985916,8.87346792221,1
27,0.348256826401,8.88313102722,1
28,0.361861944199,8.91088104248,1
29,0.37392282486,8.91126608849,1
30,0.386286973953,8.91968202591,1
31,0.398818969727,8.95038986206,1
32,0.411118030548,8.95082092285,1
33,0.42351603508,8.95922708511,1
34,0.43665099144,8.96621489525,1
35,0.44912981987,8.9897749424,1
36,0.461208820343,8.99489092827,1
37,0.474078893661,9.02854704857,1
38,0.48689198494,9.0289618969,1
39,0.499706029892,9.03751993179,1
40,0.512240886688,9.0474960804,3
41,0.524909973145,9.05923199654,3
42,0.537518024445,9.06924700737,3
43,0.549965858459,9.08297300339,3
44,0.562413930893,9.10097193718,3
45,0.57489991188,9.10576295853,3
46,0.587702989578,9.11994504929,3
47,0.601521015167,9.14184999466,3
48,0.614336013794,9.14801096916,3
49,0.627538919449,9.15701389313,3
50,0.640628814697,9.18061494827,3
51,0.653573036194,9.18699502945,3
52,0.666903972626,9.21542286873,3
53,0.680037021637,9.21585297585,3
54,0.692529916763,9.22342395782,3
55,0.705468893051,9.23685193062,3
56,0.717765808105,9.26086401939,3
57,0.730324983597,9.26146697998,3
58,0.74308180809,9.29419994354,3
59,0.755740880966,9.29457402229,3
60,0.768421888351,9.30115008354,3
61,0.781005859375,9.33333206177,3
62,0.793643951416,9.33373188972,3
63,0.80620098114,9.34132099152,3
64,0.819274902344,9.34953093529,3
65,0.831933021545,9.37236499786,3
66,0.84467291832,9.38510990143,1
67,0.857208967209,9.38834500313,1
68,0.869758844376,9.40255403519,1
69,0.882213830948,9.41344809532,1
70,0.895375013351,9.42892193794,1
71,0.908252000809,9.44972395897,1
72,0.920400857925,9.45010209084,1
73,0.932750940323,9.46498608589,1
74,0.94510602951,9.48803186417,1
75,0.957702875137,9.49333286285,1
76,0.970305919647,9.50044202805,1
77,0.982672929764,9.52632594109,1
78,0.995582818985,9.52671003342,1
79,1.00842380524,9.54105091095,1
80,1.02105402946,9.55365109444,1
81,1.03369188309,9.56721997261,1
82,1.04646992683,9.60268688202,1
83,1.05875182152,9.60313487053,1
84,1.07169890404,9.61804509163,1
85,1.08447980881,9.61951303482,1
86,1.09683680534,9.64233398438,1
87,1.10920000076,9.6538670063,1
88,1.12171983719,9.68000388145,2
89,1.13402080536,9.68040990829,2
90,1.14672994614,9.68749308586,2
91,1.16003084183,9.69160509109,2
92,1.17248797417,9.70473194122,2
93,1.18495798111,9.71798491478,2
94,1.19788789749,9.72802805901,2
95,1.21032595634,9.75373387337,2
96,1.22287893295,9.76146888733,2
97,1.23544692993,9.76656103134,2
98,1.24821686745,9.79674005508,2
99,1.2612118721,9.80256390572,2
100,1.27370786667,9.8065700531,2
101,1.28580880165,9.83877491951,2
102,1.29871487617,9.84229302406,2
103,1.3118019104,9.84534287453,2
104,1.32442092896,9.87687206268,2
105,1.33730602264,9.88529992104,2
106,1.35020899773,9.88691401482,2
107,1.36245989799,9.91351604462,2
108,1.37476587296,9.91857004166,2
109,1.38751602173,9.9620449543,2
110,1.40014100075,9.96651697159,2
111,1.41273784637,9.96961402893,2
112,1.42507696152,9.97047901154,2
113,1.43737101555,9.97288990021,2
114,1.44976902008,9.99472403526,2
115,1.46205091476,9.99669194221,2
116,1.47518491745,10.0335230827,2
117,1.4881529808,10.0421059132,0
118,1.50157094002,10.0469338894,0
119,1.51371502876,10.0510089397,0
120,1.52611088753,10.0647189617,0
121,1.53890490532,10.071434021,0
122,1.5516679287,10.1552360058,0
123,1.56416583061,10.1557350159,0
124,1.57718491554,10.1561319828,0
125,1.58959102631,10.1565160751,0
126,1.60189795494,10.1568939686,0
127,1.61429381371,10.1649298668,0
128,1.62686181068,10.1708459854,0
129,1.63985490799,10.1839089394,0
130,1.65248990059,10.2028949261,0
131,1.66483402252,10.2336480618,0
132,1.67777180672,10.2340738773,0
133,1.69046092033,10.2399010658,0
134,1.70305800438,10.2442219257,0
135,1.7155380249,10.2666139603,0
136,1.72854995728,10.2756829262,0
137,1.74123883247,10.2761249542,0
138,1.75349283218,10.3093750477,0
139,1.76641082764,10.3097789288,0
140,1.77929902077,10.3192539215,3
141,1.79247093201,10.3478269577,3
142,1.80575799942,10.3482320309,3
143,1.81850981712,10.3551819324,3
144,1.83084702492,10.3952980042,3
145,1.84365200996,10.3972489834,3
146,1.85628986359,10.4004819393,3
147,1.86867284775,10.4068980217,3
148,1.88118290901,10.4170429707,3
149,1.89381098747,10.4342889786,3
150,1.90617203712,10.4597210884,3
151,1.91874480247,10.4601490498,3
152,1.93109083176,10.4679648876,3
153,1.94353103638,10.5005040169,3
154,1.95653986931,10.5008928776,3
155,1.96891188622,10.5042619705,3
156,1.98102903366,10.5323729515,3
157,1.9937620163,10.5351350307,3
158,2.00640201569,10.544095993,3
159,2.01902198792,10.5570108891,3
160,2.0316119194,10.5759930611,3
161,2.04444289207,10.5857360363,1
162,2.05712294579,10.6164729595,1
163,2.06932783127,10.6201930046,1
164,2.0815718174,10.6229400635,1
165,2.09389996529,10.6492140293,1
166,2.10706686974,10.6551959515,1
167,2.12006783485,10.6556448936,1
168,2.13275694847,10.6883878708,1
169,2.14541482925,10.6901469231,1
170,2.15802192688,10.6924219131,1
171,2.17058396339,10.700289011,1
172,2.18294596672,10.7164940834,1
173,2.19546580315,10.7294850349,1
174,2.20826983452,10.7366158962,1
175,2.22083997726,10.7575669289,1
176,2.23320794106,10.7664809227,1
177,2.24533081055,10.8016109467,1
178,2.2579729557,10.8049259186,1
179,2.27058291435,10.8069279194,1
180,2.28303694725,10.8387889862,1
181,2.29549789429,10.844796896,1
182,2.30828785896,10.8477540016,1
183,2.3207628727,10.8538589478,1
184,2.33347582817,10.8778700829,1
185,2.34587788582,10.884417057,1
186,2.35825991631,10.8878109455,1
187,2.37036800385,10.9140770435,1
188,2.38268995285,10.9193820953,2
189,2.39528203011,10.9596328735,2
190,2.40867185593,10.9630548954,2
191,2.42148995399,10.9681329727,2
192,2.43398094177,10.9705650806,2
193,2.4465379715,10.979403019,2
194,2.45910286903,10.9991788864,2
195,2.47168588638,11.0039429665,2
196,2.48469996452,11.03221488,2
197,2.49751281738,11.0452768803,2
198,2.51006984711,11.0458540916,2
199,2.52214980125,11.053237915,2
200,2.53458690643,11.0740430355,2
201,2.54717803001,11.0791258812,2
202,2.56038403511,11.1140100956,2
203,2.57281398773,11.1144499779,2
204,2.58527803421,11.1209778786,2
205,2.59834480286,11.1300740242,2
206,2.61111998558,11.1435339451,2
207,2.62343597412,11.1570250988,2
208,2.6367418766,11.1729540825,2
209,2.64924383163,11.1855890751,0
210,2.66187000275,11.2011010647,0
211,2.67503380775,11.2079160213,0
212,2.68801593781,11.237705946,0
213,2.7006778717,11.2647149563,0
214,2.71320199966,11.2652580738,0
215,2.72552490234,11.2656350136,0
216,2.73823094368,11.2689020634,0
217,2.75084280968,11.2817640305,0
218,2.76401782036,11.2947399616,0
219,2.77716088295,11.3167178631,0
220,2.79029583931,11.3212969303,0
221,2.8029859066,11.3526599407,0
222,2.81570696831,11.357863903,0
223,2.82819390297,11.362238884,0
224,2.84091281891,11.3923709393,0
225,2.85346484184,11.3982489109,0
226,2.86636996269,11.4022130966,0
227,2.8790409565,11.4177210331,0
228,2.89142489433,11.420842886,0
229,2.90365195274,11.4451930523,0
230,2.91575980186,11.4480409622,0
231,2.92822098732,11.4686419964,0
232,2.94107985497,11.4736058712,0
233,2.95365595818,11.5256068707,3
234,2.96629595757,11.5259950161,3
235,2.97844600677,11.5265140533,3
236,2.99074792862,11.5269188881,3
237,3.00314188004,11.5403518677,3
238,3.01601481438,11.5491929054,3
239,3.02854180336,11.5604820251,3
240,3.04096102715,11.5878040791,3
241,3.05300784111,11.5882589817,3
242,3.06523990631,11.5971419811,3
243,3.07762789726,11.6200819016,3
244,3.09057688713,11.6255469322,3
245,3.10320496559,11.7151579857,3
246,3.11537599564,11.725990057,3
247,3.12792992592,11.7365190983,3
248,3.14009690285,11.7373640537,3
249,3.15217995644,11.7435128689,3
250,3.1655049324,11.7521109581,3
251,3.17794895172,11.7525908947,3
252,3.19069385529,11.7566890717,3
253,3.20327591896,11.7683188915,3
254,3.21623396873,11.7690610886,3
255,3.2291738987,11.7694439888,3
256,3.24193501472,11.7811720371,3
257,3.25428891182,11.7908129692,3
258,3.2675588131,11.8002729416,3
259,3.28210496902,11.8141229153,3
260,3.29639387131,11.8244850636,3
261,3.30912780762,11.8456339836,3
262,3.32319402695,11.8548669815,3
263,3.33548402786,11.8732988834,1
264,3.34802603722,11.8793559074,1
265,3.36046481133,11.8914620876,1
266,3.37241697311,11.9045898914,1
267,3.38503694534,11.9177250862,1
268,3.39777302742,11.9329710007,1
269,3.41047096252,11.9426109791,1
270,3.42317295074,11.9557859898,1
271,3.43625688553,11.9701628685,1
272,3.44905185699,11.9803960323,1
273,3.46180200577,12.0030500889,1
274,3.47469091415,12.007682085,1
275,3.48732280731,12.0216190815,1
276,3.5005338192,12.0354149342,1
277,3.51308202744,12.0464389324,1
278,3.52576589584,12.0613138676,1
279,3.53838586807,12.1418330669,1
280,3.55139398575,12.1429429054,1
281,3.56497097015,12.17177701,1
282,3.57791686058,12.1728498936,1
283,3.59074687958,12.1737499237,1
284,3.60373282433,12.1741549969,1
285,3.61686182022,12.1761960983,1
286,3.63021397591,12.1769719124,1
287,3.64227080345,12.1780750751,1
288,3.6545920372,12.1866559982,1
289,3.66756486893,12.2041869164,1
290,3.68018102646,12.27582407,1
291,3.69265985489,12.276211977,1
292,3.70504498482,12.2940719128,2
293,3.71708202362,12.2997579575,2
294,3.72950387001,12.305533886,2
295,3.74241089821,12.3084580898,2
296,3.75543403625,12.3138098717,2
297,3.76848888397,12.3228769302,2
298,3.78106999397,12.3280830383,2
299,3.79317092896,12.3290128708,2
300,3.80530500412,12.3397359848,2
301,3.81787490845,12.3528769016,2
302,3.83050584793,12.3643910885,2
303,3.84297394753,12.3715648651,2
304,3.85596394539,12.3876760006,2
305,3.86871695518,12.3997139931,2
306,3.88143491745,12.4119079113,2
307,3.89373993874,12.4260718822,2
308,3.90651082993,12.5116710663,2
309,3.91921687126,12.5144870281,2
310,3.93208694458,12.5149860382,2
311,3.94441390038,12.5158970356,2
312,3.95727586746,12.5185940266,2
313,3.96982598305,12.5291509628,2
314,3.98207783699,12.5387899876,2
315,3.99423789978,12.5461089611,0
316,4.00662183762,12.5486090183,0
317,4.01923298836,12.5490980148,0
318,4.03186988831,12.5660669804,0
319,4.04441285133,12.5733399391,0
320,4.05694293976,12.5901799202,0
321,4.06921696663,12.6072080135,0
322,4.08183503151,12.6217279434,0
323,4.09440588951,12.6240179539,0
324,4.10729885101,12.6512560844,0
325,4.12011885643,12.654255867,0
326,4.13254094124,12.6687099934,0
327,4.14504981041,12.6780900955,0
328,4.15770792961,12.6914539337,0
329,4.16987991333,12.7002120018,0
330,4.18235492706,12.7209229469,0
331,4.19531989098,12.7278809547,0
332,4.20832180977,12.7384500504,0
333,4.22086596489,12.7539460659,0
334,4.2331969738,12.773720026,0
335,4.24566197395,12.7783310413,0
336,4.25824689865,12.7958779335,0
337,4.27120399475,12.8006210327,0
338,4.28395080566,12.8247289658,0
339,4.29686188698,12.8438410759,0
340,4.31008195877,12.9060950279,2
341,4.32320785522,12.9070808887,2
342,4.3359978199,12.9935040474,2
343,4.34855103493,13.0743708611,2
344,4.361068964,13.0795719624,2
345,4.37387490273,13.080094099,2
346,4.38667798042,13.0882408619,2
347,4.39925289154,13.0920600891,2
348,4.41157102585,13.0924780369,2
349,4.42380595207,13.0932378769,2
350,4.43605494499,13.0986979008,2
351,4.44866991043,13.1069159508,2
352,4.46189403534,13.1078650951,2
353,4.47467494011,13.1087090969,2
354,4.48737287521,13.11165905,2
355,4.50019598007,13.1120870113,2
356,4.51234984398,13.1207299232,2
357,4.52488088608,13.1288650036,2
358,4.53756785393,13.1293840408,2
359,4.55028295517,13.1333460808,2
360,4.56249284744,13.1464350224,2
361,4.57491183281,13.1538329124,2
362,4.58795189857,13.1587300301,2
363,4.60058403015,13.1633660793,0
364,4.61284399033,13.1658380032,0
365,4.62501502037,13.1834480762,0
366,4.63767290115,13.190279007,0
367,4.6502020359,13.1949939728,0
368,4.66252398491,13.2020840645,0
369,4.67509198189,13.2080299854,0
370,4.68803691864,13.2168090343,0
371,4.70076084137,13.2356488705,0
372,4.71361494064,13.3312950134,0
373,4.72622179985,13.3377230167,0
374,4.73917102814,13.3442540169,0
375,4.75189185143,13.3540709019,0
376,4.76497483253,13.354462862,0
377,4.77776694298,13.3589839935,0
378,4.79088401794,13.3618199825,0
379,4.80339598656,13.3719210625,0
380,4.8158288002,13.3772668839,0
381,4.82836294174,13.3904900551,0
382,4.84163188934,13.3956460953,0
383,4.85457086563,13.4075920582,0
384,4.86767697334,13.4208688736,0
385,4.88032388687,13.4264769554,0
386,4.89325690269,13.436661005,0
387,4.90607595444,13.4388799667,0
388,4.91910290718,13.4628200531,3
389,4.93175601959,13.4712450504,3
390,4.94402885437,13.4873678684,3
391,4.95648384094,13.4909420013,3
392,4.96867394447,13.5001029968,3
393,4.98099780083,13.5120279789,3
394,4.99366497993,13.5305979252,3
395,5.01101994514,13.5387339592,3
396,5.02338600159,13.5610048771,3
397,5.03579902649,13.5976278782,3
398,5.04762601852,13.5987560749,3
399,5.06149291992,13.6101610661,3
400,5.07417702675,13.6105849743,3
401,5.08626699448,13.6171240807,3
402,5.09967398643,13.6321048737,3
403,5.11271500587,13.6412959099,3
404,5.12551283836,13.65741992,3
405,5.13824486732,13.6739809513,3
406,5.15069389343,13.6861469746,3
407,5.16426587105,13.6978669167,3
408,5.1765370369,13.7154679298,3
409,5.18881702423,13.7217628956,3
410,5.20127487183,13.7569329739,3
411,5.21872997284,13.7666389942,1
412,5.23358082771,13.7741339207,1
413,5.24595785141,13.7807528973,1
414,5.25845694542,13.7950298786,1
415,5.27059483528,13.8020319939,1
416,5.28280901909,13.823595047,1
417,5.29519701004,13.826032877,1
418,5.30776000023,13.8384430408,1
419,5.31966280937,13.8677430153,1
420,5.3320608139,13.8681330681,1
421,5.34428596497,13.873249054,1
422,5.35620880127,13.912101984,1
423,5.36928486824,13.9131150246,1
424,5.38161897659,13.9174599648,1
425,5.3937048912,13.9363029003,1
426,5.40657091141,13.9381279945,1
427,5.42085599899,13.9572200775,1
428,5.43309903145,13.9819018841,1
429,5.44603085518,13.9830150604,1
430,5.45816302299,13.9883630276,1
431,5.4701359272,14.0234360695,1
432,5.48236680031,14.0238609314,1
433,5.49430799484,14.0495860577,1
434,5.50779294968,14.0507218838,1
435,5.52000284195,14.0625510216,3
436,5.53227186203,14.0773339272,3
437,5.54556083679,14.0810129642,3
438,5.55791687965,14.0930070877,3
439,5.56999492645,14.1022310257,3
440,5.58228302002,14.1236469746,3
441,5.59490990639,14.1308009624,3
442,5.60969996452,14.1423790455,3
443,5.62477493286,14.1849439144,3
444,5.64566493034,14.1853280067,3
445,5.66083502769,14.191188097,3
446,5.6771709919,14.2268149853,3
447,5.69196486473,14.2318968773,3
448,5.70498299599,14.2637438774,3
449,5.71742081642,14.2641720772,3
450,5.72972798347,14.2645409107,3
451,5.74248600006,14.2748990059,3
452,5.75516986847,14.2867860794,3
453,5.76798200607,14.3003149033,3
454,5.78079986572,14.3107719421,3
455,5.79326987267,14.3419470787,3
456,5.81409096718,14.3453140259,3
457,5.82626199722,14.359320879,3
458,5.83996987343,14.3763680458,3
459,5.85207080841,14.3939208984,3
460,5.86546587944,14.3943350315,3
461,5.87768101692,14.5103740692,1
462,5.88987088203,14.5112109184,1
463,5.90286397934,14.5951159,1
464,5.91486382484,14.5966689587,1
465,5.92699289322,14.5970978737,1
466,5.93998098373,14.6003870964,1
467,5.95266795158,14.60739398,1
468,5.96526694298,14.6110320091,1
469,5.97758889198,14.6119720936,1
470,5.99019694328,14.623842001,1
471,6.00274896622,14.6456558704,1
472,6.0177500248,14.648460865,1
473,6.02937483788,14.6509358883,1
474,6.04239988327,14.654613018,1
475,6.05719780922,14.6572248936,1
476,6.07013988495,14.6772449017,1
477,6.09554600716,14.68385005,1
478,6.10811901093,14.6882719994,1
479,6.13431882858,14.7043430805,1
480,6.15819692612,14.7057259083,1
481,6.17512798309,14.7118039131,1
482,6.18883681297,14.7236368656,2
483,6.20664381981,14.7620449066,2
484,6.22103381157,14.7624368668,2
485,6.23710203171,14.7705590725,2
486,6.25009298325,14.7899799347,2
487,6.2722299099,14.8022379875,2
488,6.28999400139,14.8755290508,2
489,6.42390298843,14.9736199379,2
490,6.46283602715,14.9929559231,2
491,6.47491288185,15.0269799232,2
492,6.50160002708,15.0383660793,2
493,6.51652097702,15.0535159111,2
494,6.53142380714,15.064606905,2
495,6.54334592819,15.0826129913,2
496,6.55615186691,15.0945708752,2
497,6.58003497124,15.1138548851,2
498,6.59564185143,15.1257078648,2
499,6.6214928627,15.1610269547,2
500,6.65385890007,15.1901080608,2
501,6.67105484009,15.2310400009,2
502,6.69440889359,15.2498409748,2
503,6.70928382874,15.2517058849,2
504,6.73521089554,15.2865929604,2
505,6.76861286163,15.3004610538,0
506,6.78158092499,15.3132369518,0
507,6.80718684196,15.3454680443,0
508,6.82161998749,15.3633370399,0
509,6.84628391266,15.4072270393,0
510,6.85938882828,15.4095759392,0
511,6.87464880943,15.4429190159,0
512,6.88825488091,15.4433078766,0
513,6.90316295624,15.4600389004,0
514,6.92437696457,15.4814798832,0
515,6.93612003326,15.4818770885,0
516,6.96169185638,15.527078867,0
517,6.97423601151,15.5291008949,0
518,7.00034284592,15.5541450977,0
519,7.02565097809,15.5710558891,0
520,7.03904700279,15.5736150742,0
521,7.05617880821,15.5915579796,0
522,7.07774186134,15.6076619625,0
523,7.09262800217,15.621762991,0
524,7.11601901054,15.6488170624,0
525,7.12837100029,15.6555728912,0
526,7.15438890457,15.6988959312,0
527,7.17155194283,15.7517080307,0
528,7.18771290779,15.7631480694,2
529,7.20057201385,15.774283886,2
530,7.2133398056,15.7813980579,2
531,7.23468494415,15.7903110981,2
532,7.26978397369,15.7995738983,2
533,7.30831289291,15.8812990189,2
534,7.34684681892,15.8915400505,2
535,7.35860085487,15.9116339684,2
536,7.38544201851,15.9215259552,2
537,7.42710399628,15.9813549519,2
538,7.44247198105,15.98792696,2
539,7.45839095116,15.9907948971,2
540,7.47009897232,16.0020179749,2
541,7.50299596786,16.030962944,2
542,7.51624393463,16.0556209087,2
543,7.53486990929,16.0679519176,2
544,7.54657793045,16.0966820717,2
545,7.55899882317,16.0970869064,2
546,7.58738303185,16.1215529442,2
547,7.60375881195,16.1412000656,2
548,7.61714696884,16.1456799507,2
549,7.63501286507,16.166164875,2
550,7.6499838829,16.1902599335,2
551,7.67088294029,16.2039868832,2
552,7.68329596519,16.223402977,0
553,7.70663285255,16.3046219349,0
554,7.71847391129,16.3050088882,0
555,7.73361587524,16.308604002,0
556,7.75091791153,16.3153340816,0
557,7.76283597946,16.3172609806,0
558,7.78408885002,16.320086956,0
559,7.79996299744,16.3286120892,0
560,7.82206296921,16.4165549278,0
561,7.86036682129,16.4173948765,0
562,7.87620592117,16.4271659851,0
563,7.89205598831,16.4285778999,0
564,7.90835785866,16.4478318691,0
565,7.92029690742,16.4570538998,0
566,7.94044184685,16.4915668964,0
567,7.97492003441,16.5210158825,0
568,7.99288702011,16.5251228809,0
569,8.00666093826,16.5360109806,0
570,8.01880383492,16.5601689816,0
571,8.03036189079,16.5635809898,0
572,8.0514190197,16.5913290977,0
573,8.08912682533,16.6243929863,0
574,8.10761499405,16.6370959282,0
575,8.1273329258,16.6566030979,0
576,8.14156198502,16.6716899872,0
577,8.16350698471,16.711304903,0
578,8.1762650013,16.712241888,0
579,8.1888999939,16.8051230907,0
580,8.20232987404,16.8138179779,0
581,8.21409797668,16.8146998882,0
582,8.22544884682,16.8224918842,3
583,8.24214982986,16.8236880302,3
584,8.25448989868,16.8306369781,3
585,8.26839399338,16.8317818642,3
586,8.28284192085,16.8563070297,3
587,8.30808091164,16.857131958,3
588,8.32017683983,16.86332798,3
589,8.34221482277,16.8954939842,3
590,8.35563802719,16.9061920643,3
591,8.37237095833,16.9112598896,3
592,8.38627290726,16.9267649651,3
593,8.40931797028,16.9459090233,3
594,8.42100000381,16.9653720856,3
595,8.43264603615,16.982708931,3
596,8.4441409111,16.9889030457,3
597,8.45689988136,16.9893050194,3
598,8.4735929966,17.0063569546,3
599,8.48668003082,17.0172579288,3
600,8.49897480011,17.0362350941,3
601,8.51031088829,17.0407459736,3
602,8.52721691132,17.0582818985,3
603,8.54829597473,17.0815880299,3
604,8.56005692482,17.1013770103,3
605,8.58700299263,17.1212899685,3
606,8.5992269516,17.1352629662,1
607,8.61091184616,17.1379289627,1
608,8.62490701675,17.1574409008,1
609,8.64311480522,17.1961450577,1
610,8.66055083275,17.2012190819,1
611,8.67295002937,17.2016739845,1
612,8.69043493271,17.2208840847,1
613,8.70597100258,17.2364220619,1
614,8.73913192749,17.2882509232,1
615,8.75298690796,17.2963268757,1
616,8.76902389526,17.3251039982,1
617,8.78392291069,17.3309969902,1
618,8.79992103577,17.335613966,1
619,8.81243491173,17.3394730091,1
620,8.82552599907,17.3543179035,1
621,8.8372759819,17.3660020828,1
622,8.85376787186,17.4007499218,1
623,8.8654499054,17.4128139019,1
624,8.88040494919,17.4327809811,1
625,8.89319682121,17.4333410263,1
626,8.90930581093,17.4437859058,1
627,8.92565488815,17.4605379105,1
628,8.94212698936,17.4797348976,2
629,8.95956397057,17.4965820312,2
630,8.97691893578,17.5070738792,2
631,8.99960398674,17.5322349072,2
632,9.0154030323,17.5668618679,2
633,9.02731084824,17.5681409836,2
634,9.03935480118,17.5743260384,2
635,9.05256891251,17.607229948,2
636,9.07204294205,17.6112170219,2
637,9.09268403053,17.631994009,2
638,9.11127996445,17.6884100437,2
639,9.16665196419,17.7573390007,2
640,9.18272900581,17.7593939304,2
641,9.19736790657,17.7634339333,2
642,9.22308588028,17.7680158615,2
643,9.24279403687,17.7915349007,2
644,9.2566049099,17.7932040691,2
645,9.27283501625,17.8083388805,2
646,9.29382801056,17.8355810642,2
647,9.3137140274,17.8497030735,2
648,9.32723689079,17.8774430752,2
649,9.34124398232,17.9472310543,2
650,9.35340189934,17.9480149746,2
651,9.36935400963,17.9571580887,2
652,9.38307380676,17.9591898918,2
653,9.40314888954,17.9605519772,2
654,9.41680288315,17.9836800098,2
655,9.42832183838,17.9840900898,2
656,9.44312596321,18.0019180775,0
657,9.45581483841,18.0099868774,0
658,9.47014594078,18.0112490654,0
659,9.48327684402,18.0167548656,0
660,9.4954199791,18.0254719257,0
661,9.51027393341,18.0397019386,0
662,9.5328669548,18.0652999878,0
663,9.54455280304,18.0803389549,0
664,9.55967092514,18.0875589848,0
665,9.57452201843,18.103965044,0
666,9.60678291321,18.1456780434,0
667,9.64196896553,18.1838059425,0
668,9.66092896461,18.207597971,0
669,9.67302298546,18.2091240883,0
670,9.68581700325,18.2307488918,0
671,9.70317602158,18.2384030819,0
672,9.73218083382,18.2615349293,0
673,9.74402999878,18.3202590942,0
674,9.76009988785,18.3234670162,0
675,9.77409386635,18.3246200085,0
676,9.78684997559,18.3286828995,0
677,9.79885196686,18.3327438831,0
678,9.81886196136,18.3666269779,0
679,9.83145189285,18.3675229549,0
680,9.85133600235,18.3820979595,0
681,9.86304402351,18.403635025,0
682,9.87497901917,18.4095139503,0
683,9.88672685623,18.4296629429,0
684,9.90409398079,18.4435889721,0
685,9.91556692123,18.4440939426,0
686,9.92751598358,18.4627790451,2
687,9.94115900993,18.473555088,2
688,9.95661687851,18.4886848927,2
689,9.96978902817,18.497369051,2
690,9.98669290543,18.5327908993,2
691,9.99967288971,18.5332279205,2
692,10.0114898682,18.5402469635,2
693,10.0267729759,18.6391339302,2
694,10.0454139709,18.6399199963,2
695,10.0600838661,18.6406910419,2
696,10.0746109486,18.6481730938,2
697,10.0873579979,18.6595270634,2
698,10.1044478416,18.6703588963,2
699,10.1182148457,18.6776659489,2
700,10.1373279095,18.691024065,2
701,10.1527988911,18.6958489418,2
702,10.1663990021,18.7029950619,2
703,10.182874918,18.7300388813,2
704,10.1961989403,18.7315809727,2
705,10.2126848698,18.7579219341,2
706,10.2284250259,18.7650399208,2
707,10.2439348698,18.7741420269,2
708,10.2580230236,18.7927320004,2
709,10.2710139751,18.8038730621,2
710,10.2927808762,18.8493258953,2
711,10.3110508919,18.8851850033,2
712,10.3326699734,18.8894999027,0
713,10.3443918228,18.8958029747,0
714,10.3602778912,18.8976080418,0
715,10.3731348515,18.9125599861,0
716,10.3854529858,18.91700387,0
717,10.4063580036,18.9534709454,0
718,10.4259879589,18.9589049816,0
719,10.4380710125,18.9902849197,0
720,10.4500288963,19.0055279732,0
721,10.4640648365,19.0062069893,0
722,10.4845688343,19.0319769382,0
723,10.5176939964,19.0608160496,0
724,10.5335659981,19.0704779625,0
725,10.5466609001,19.0743038654,0
726,10.5634448528,19.109003067,0
727,10.5787408352,19.1141479015,0
728,10.5935018063,19.1379508972,0
729,10.6136479378,19.1466350555,0
730,10.627175808,19.1863160133,0
731,10.652504921,19.1871030331,0
732,10.6649990082,19.2239649296,0
733,10.67709589,19.225687027,3
734,10.6911408901,19.2417399883,3
735,10.7041518688,19.2455780506,3
736,10.728042841,19.2588438988,3
737,10.7399919033,19.3008980751,3
738,10.7579548359,19.3016860485,3
739,10.7707188129,19.3062539101,3
740,10.7825899124,19.3157100677,3
741,10.8056869507,19.3397769928,3
742,10.8181488514,19.3621819019,3
743,10.8330998421,19.3672208786,3
744,10.8448009491,19.3758380413,3
745,10.8625078201,19.3958389759,3
746,10.8750629425,19.415886879,3
747,10.8928539753,19.4371480942,3
748,10.9085848331,19.4430220127,3
749,10.9205470085,19.4499828815,3
750,10.9336090088,19.4624168873,3
751,10.9459898472,19.4757590294,3
752,10.9592249393,19.4930610657,3
753,10.9788520336,19.5402779579,1
754,10.9943699837,19.5848350525,1
755,11.0116460323,19.5922908783,1
756,11.0332000256,19.5959579945,1
757,11.045486927,19.5967319012,1
758,11.0719218254,19.6118569374,1
759,11.0834460258,19.615582943,1
760,11.0960528851,19.6261210442,1
761,11.1153008938,19.6508178711,1
762,11.1284108162,19.6630620956,1
763,11.1409339905,19.6720080376,1
764,11.161028862,19.7029418945,1
765,11.1731100082,19.7356228828,1
766,11.1902458668,19.7434689999,1
767,11.2275249958,19.7579519749,1
768,11.2400949001,19.776072979,1
769,11.2527039051,19.7807118893,1
770,11.2701458931,19.7996640205,1
771,11.282501936,19.820925951,1
772,11.2942969799,19.8950719833,1
773,11.3069698811,19.8978369236,1
774,11.3192489147,19.8985998631,1
775,11.3414258957,19.9019179344,1
776,11.3531849384,19.9042539597,1
777,11.3816759586,19.9220380783,1
778,11.3935768604,19.9259290695,3
779,11.4112529755,19.9562499523,3
780,11.4250338078,19.9684510231,3
781,11.4410758018,19.9803419113,3
782,11.4572618008,19.9889519215,3
783,11.4737799168,20.0088529587,3
784,11.4973669052,20.0369770527,3
785,11.5126309395,20.0435109138,3
786,11.525094986,20.0726699829,3
787,11.5378890038,20.0824029446,3
788,11.5533008575,20.0829598904,3
789,11.5711979866,20.1558489799,3
790,11.5834879875,20.1628968716,3
791,11.5958628654,20.167224884,3
792,11.6115968227,20.1682379246,3
793,11.6295809746,20.1686739922,3
794,11.6446278095,20.1903319359,3
795,11.6589319706,20.1935238838,3
796,11.6998519897,20.2344269753,3
797,11.7132418156,20.2590610981,3
798,11.7251198292,20.2771098614,1
799,11.7384958267,20.2780740261,1
800,11.7538900375,20.2968659401,1
801,11.7682349682,20.3058149815,1
802,11.7825880051,20.3129000664,1
803,11.8166940212,20.3464069366,1
804,11.8285498619,20.3812839985,1
805,11.8446798325,20.3904819489,1
806,11.8570859432,20.3910849094,1
807,11.869150877,20.4214990139,1
808,11.8941988945,20.4226179123,1
809,11.9115760326,20.6150369644,1
810,12.042842865,20.616904974,1
811,12.0633809566,20.6183080673,1
812,12.0781648159,20.6327719688,1
813,12.0921998024,20.6400980949,1
814,12.1167669296,20.6466190815,1
815,12.1529428959,20.7037880421,1
816,12.1695859432,20.7049648762,1
817,12.1840510368,20.7187619209,1
818,12.1961379051,20.736303091,1
819,12.2134289742,20.7412009239,1
820,12.2375469208,20.7794480324,1
821,12.253207922,20.7957239151,3
822,12.2677369118,20.8140358925,3
823,12.2800729275,20.8149459362,3
824,12.3059029579,20.8499510288,3
825,12.344026804,20.9100990295,3
826,12.3625369072,20.9622120857,3
827,12.44303298,20.9763689041,3
828,12.4608538151,21.0053799152,3
829,12.472784996,21.0096070766,3
830,12.4908719063,21.04728508,3
831,12.5024478436,21.0855510235,3
832,12.5228040218,21.0898718834,3
833,12.5353908539,21.09136796,3
834,12.5581729412,21.1221039295,3
835,12.5699408054,21.1225309372,3
836,12.5820059776,21.1367399693,3
837,12.5948929787,21.1445589066,3
838,12.6117699146,21.1459388733,3
839,12.6321489811,21.1620879173,3
840,12.6466329098,21.2011160851,3
841,12.6618919373,21.2055499554,3
842,12.6749629974,21.2098679543,3
843,12.6943588257,21.2393538952,1
844,12.7119069099,21.2669830322,1
845,12.7278108597,21.2674250603,1
846,12.7443099022,21.3814909458,1
847,12.8791639805,21.407968998,1
848,12.8922300339,21.4212589264,1
849,12.9178218842,21.4574348927,1
850,12.9313080311,21.4690029621,1
851,12.9568178654,21.4969248772,1
852,12.9750938416,21.5958449841,1
853,13.0770049095,21.6054508686,1
854,13.0946838856,21.6260960102,1
855,13.1076889038,21.6419389248,1
856,13.1241109371,21.6642770767,1
857,13.1413328648,21.6692528725,1
858,13.1535098553,21.7088809013,1
859,13.1662240028,21.7127959728,1
860,13.1794559956,21.7150518894,1
861,13.2064678669,21.7451610565,1
862,13.2240948677,21.7577259541,1
863,13.2428429127,21.7762899399,1
864,13.2555339336,21.7878699303,1
865,13.2729718685,21.8213710785,1
866,13.2847440243,21.830051899,1
867,13.2966959476,21.8510739803,1
868,13.320748806,21.8605229855,1
869,13.3321828842,21.8657429218,1
870,13.3439288139,21.8890240192,1
871,13.3557219505,21.8977329731,1
872,13.3738260269,21.9131228924,1
873,13.3950958252,21.9369559288,2
874,13.4145188332,21.9473040104,2
875,13.4301300049,21.9731788635,2
876,13.4528298378,21.9877159595,2
877,13.4731249809,22.0088229179,2
878,13.4900579453,22.0480670929,2
879,13.5042369366,22.054295063,2
880,13.5165288448,22.0628530979,2
881,13.5290219784,22.0649828911,2
882,13.5434639454,22.0766448975,2
883,13.5720369816,22.11936903,2
884,13.5923068523,22.1559360027,2
885,13.6045548916,22.1567730904,2
886,13.6168718338,22.174038887,2
887,13.6299510002,22.1786189079,2
888,13.644505024,22.1985220909,2
889,13.6645128727,22.2082049847,2
890,13.67603302,22.2086529732,2
891,13.690557003,22.2432730198,2
892,13.7060129642,22.2468369007,2
893,13.7292468548,22.2736780643,0
894,13.749380827,22.2819180489,0
895,13.764236927,22.3021628857,0
896,13.7800660133,22.316642046,0
897,13.7959609032,22.3308129311,0
898,13.8085439205,22.3544259071,0
899,13.8202970028,22.3575348854,0
900,13.8382968903,22.3871948719,0
901,13.8547558784,22.3880798817,0
902,13.8745529652,22.4051470757,0
903,13.8907108307,22.4308428764,0
904,13.9047558308,22.4322400093,0
905,13.9235448837,22.4649949074,0
906,13.9368298054,22.4768688679,0
907,13.9659528732,22.5049068928,0
908,13.9800059795,22.5168139935,0
909,13.9966289997,22.5476930141,0
910,14.0109558105,22.5501890182,0
911,14.0302629471,22.5621678829,0
912,14.0432419777,22.5722420216,0
913,14.0605399609,22.5886628628,3
914,14.0764260292,22.6197879314,3
915,14.0883898735,22.6205840111,3
916,14.1000549793,22.6308050156,3
917,14.1127238274,22.6515669823,3
918,14.1304428577,22.6624200344,3
919,14.1425209045,22.6738779545,3
920,14.1546068192,22.7048158646,3
921,14.1728389263,22.7089619637,3
922,14.189770937,22.743929863,3
923,14.2046039104,22.7491080761,3
924,14.2262678146,22.7542200089,3
925,14.2415249348,22.7734999657,3
926,14.2637548447,22.8133718967,3
927,14.2802429199,22.827049017,3
928,14.296186924,22.832103014,3
929,14.3099918365,22.8546419144,3
930,14.3298108578,22.8604559898,3
931,14.3462350368,22.8987970352,3
932,14.3611268997,22.9009370804,3
933,14.3748400211,22.9042139053,3
934,14.3949589729,22.9274120331,3
935,14.4075479507,22.9385280609,1
936,14.4372878075,22.971118927,1
937,14.4549880028,22.9916269779,1
938,14.4731009007,23.0015659332,1
939,14.4865529537,23.0159440041,1
940,14.4992120266,23.0520188808,1
941,14.5119400024,23.0591449738,1
942,14.5338058472,23.0669219494,1
943,14.5481328964,23.0842728615,1
944,14.5604429245,23.0914299488,1
945,14.5749130249,23.1382119656,1
946,14.5939068794,23.1794140339,1
947,14.6082718372,23.1847240925,1
948,14.6239778996,23.1873970032,1
949,14.6376228333,23.192360878,1
950,14.6548449993,23.1931688786,1
951,14.673760891,23.204843998,1
952,14.6934859753,23.2353100777,1
953,14.7076809406,23.2402789593,1
954,14.7248089314,23.2874059677,1
955,14.7546470165,23.290391922,1
956,14.7666809559,23.3013629913,1
957,14.7966048717,23.3309750557,1
958,14.8117818832,23.348692894,1
959,14.8253920078,23.3653409481,1
960,14.8380689621,23.3944399357,1
961,14.855561018,23.3998179436,1
962,14.8745648861,23.4113769531,2
963,14.8935678005,23.4248220921,2
964,14.9116728306,23.4508340359,2
965,14.9262268543,23.4708440304,2
966,14.9410309792,23.4799389839,2
967,14.9551768303,23.4833040237,2
968,14.9699788094,23.5047729015,2
969,14.985708952,23.543694973,2
970,15.0036489964,23.5481410027,2
971,15.0182988644,23.5581588745,2
972,15.0390980244,23.573925972,2
973,15.0540618896,23.5912020206,2
974,15.0780990124,23.6267309189,2
975,15.0921518803,23.6339530945,2
976,15.1076188087,23.6549389362,2
977,15.1209290028,23.6557478905,2
978,15.1327118874,23.6624729633,2
979,15.1468579769,23.6811308861,2
980,15.1630239487,23.7021739483,2
981,15.192896843,23.7419960499,2
982,15.2057909966,23.7495920658,2
983,15.237185955,23.7812290192,2
984,15.2631719112,23.818379879,2
985,15.2816829681,23.8256440163,2
986,15.2933900356,23.8276040554,2
987,15.3252248764,23.8596150875,2
988,15.3531780243,23.8979430199,2
989,15.3653759956,23.9215080738,2
990,15.3833539486,23.9224219322,2
991,15.3978388309,23.9305150509,2
992,15.4215760231,23.9682080746,0
993,15.4573910236,23.9901058674,0
994,15.4772000313,24.0085580349,0
995,15.4913790226,24.0217878819,0
996,15.5070319176,24.0350799561,0
997,15.5314648151,24.0611820221,0
998,15.5434379578,24.0725729465,0
999,15.5553689003,24.0872149467,0
1000,15.5695338249,24.1047260761,0
1001,15.5823829174,24.1129798889,0
1002,15.6077229977,24.144826889,0
1003,15.6456408501,24.1767170429,0
1004,15.6574928761,24.1930930614,0
1005,15.6829459667,24.212387085,0
1006,15.695235014,24.2280399799,0
1007,15.7137989998,24.2801420689,0
1008,15.7254118919,24.2805409431,0
1009,15.737074852,24.2826108932,0
1010,15.7587988377,24.3038239479,0
1011,15.7708408833,24.3215990067,0
1012,15.7915349007,24.3317470551,3
1013,15.8039758205,24.3400280476,3
1014,15.8156909943,24.3474979401,3
1015,15.8313398361,24.3797650337,3
1016,15.8481278419,24.3862640858,3
1017,15.8639218807,24.4013428688,3
1018,15.8825838566,24.4203250408,3
1019,15.9047780037,24.4537360668,3
1020,15.9186928272,24.4549179077,3
1021,15.9306488037,24.4646458626,3
1022,15.9431929588,24.4733710289,3
1023,15.9556379318,24.4840810299,3
1024,15.9685788155,24.5036289692,3
1025,15.9806838036,24.5108878613,3
1026,16.0064539909,24.5467078686,3
1027,16.0200619698,24.5496079922,3
1028,16.0499739647,24.5848798752,3
1029,16.06148386,24.5957729816,3
1030,16.0731699467,24.6046390533,3
1031,16.085973978,24.6176018715,3
1032,16.0987689495,24.6256630421,3
1033,16.1128139496,24.704282999,3
1034,16.1329979897,24.7110168934,3
1035,16.1531908512,24.7134299278,3
1036,16.1669549942,24.7176389694,3
1037,16.1831009388,24.7980349064,3
1038,16.2030940056,24.8084969521,3
1039,16.214717865,24.8156559467,3
1040,16.2309238911,24.8294920921,3
1041,16.2452218533,24.842181921,1
1042,16.2594528198,24.850908041,1
1043,16.2722809315,24.8553030491,1
1044,16.2900598049,24.8660900593,1
1045,16.3028299809,24.8777399063,1
1046,16.3213889599,24.8799490929,1
1047,16.3328478336,24.8825039864,1
1048,16.3478889465,24.8919460773,1
1049,16.3645508289,24.8973469734,1
1050,16.3828439713,24.9273328781,1
1051,16.3975729942,24.9315710068,1
1052,16.4160950184,24.9677019119,1
1053,16.4318759441,24.9698929787,1
1054,16.4464759827,24.9757530689,1
1055,16.4594709873,25.0090739727,1
1056,16.4781279564,25.0224409103,1
1057,16.4910769463,25.0253660679,1
1058,16.5077660084,25.0474350452,1
1059,16.5240969658,25.0597679615,1
1060,16.5420908928,25.088463068,1
1061,16.5546419621,25.0913219452,1
1062,16.5662519932,25.1025269032,1
1063,16.5847499371,25.1284649372,1
1064,16.6037819386,25.1445789337,1
1065,16.6216080189,25.1500918865,1
1066,16.6367249489,25.1772139072,2
1067,16.6604678631,25.1964330673,2
1068,16.699090004,25.231662035,2
1069,16.7154269218,25.2544438839,2
1070,16.7312068939,25.337857008,2
1071,16.7463958263,25.3662879467,2
1072,16.7592389584,25.3701410294,2
1073,16.7762389183,25.3786559105,2
1074,16.7912909985,25.3818509579,2
1075,16.8151078224,25.3871378899,2
1076,16.8301949501,25.4377629757,2
1077,16.842168808,25.4776980877,2
1078,16.8561348915,25.4785170555,2
1079,16.8679628372,25.4793200493,2
1080,16.891217947,25.4801390171,2
1081,16.9118328094,25.4884469509,2
1082,16.9241418839,25.4889118671,2
1083,16.9378650188,25.4897210598,2
1084,16.951089859,25.497150898,2
1085,16.964676857,25.4984550476,2
1086,16.9797079563,25.5190730095,2
1087,17.0154948235,25.5466310978,2
1088,17.0306389332,25.5769970417,2
1089,17.0529818535,25.5811488628,0
1090,17.0656549931,25.6664309502,0
1091,17.0815079212,25.6726119518,0
1092,17.0941169262,25.6746358871,0
1093,17.1086568832,25.6886050701,0
1094,17.1262760162,25.6903128624,0
1095,17.1382288933,25.6917209625,0
1096,17.1685369015,25.7064769268,0
1097,17.182669878,25.7103669643,0
1098,17.209376812,25.7405529022,0
1099,17.2270748615,25.7555320263,0
1100,17.2443408966,25.7762579918,0
1101,17.2616119385,25.797221899,0
1102,17.2752678394,25.8091249466,0
1103,17.2870178223,25.8201189041,0
1104,17.2993500233,25.8297998905,0
1105,17.3194069862,25.8537628651,0
1106,17.3321709633,25.8651030064,0
1107,17.3452279568,25.8745269775,0
1108,17.3580408096,25.9178109169,0
1109,17.3732979298,25.9193460941,0
1110,17.3956968784,25.934499979,3
1111,17.4316449165,25.9732780457,3
1112,17.4445128441,25.9761619568,3
1113,17.4562118053,26.013958931,3
1114,17.4698629379,26.0143609047,3
1115,17.4825928211,26.0204110146,3
1116,17.5050158501,26.0364420414,3
1117,17.5168478489,26.0445640087,3
1118,17.5438678265,26.0912508965,3
1119,17.556319952,26.095056057,3
1120,17.5808138847,26.128911972,3
1121,17.5953848362,26.1380388737,3
1122,17.6067450047,26.1385998726,3
1123,17.619781971,26.1701328754,3
1124,17.6344468594,26.1707758904,3
1125,17.652119875,26.1824128628,3
1126,17.6640229225,26.2038109303,3
1127,17.6757378578,26.2097599506,3
1128,17.6942389011,26.2233929634,3
1129,17.7099239826,26.2383658886,3
1130,17.7331578732,26.4248008728,3
1131,17.7473649979,26.4254689217,3
1132,17.7712798119,26.4258699417,3
1133,17.7834069729,26.5313630104,3
1134,17.8096818924,26.5421540737,3
1135,17.8215048313,26.5433270931,3
1136,17.8486168385,26.5459189415,3
1137,17.866163969,26.5463600159,3
1138,17.8778970242,26.5485520363,3
1139,17.8893649578,26.5490970612,3
1140,17.9035909176,26.5607779026,1
1141,17.9269638062,26.5703580379,1
1142,17.9405088425,26.5781378746,1
1143,17.9523928165,26.5845859051,1
1144,17.9640498161,26.5879290104,1
1145,17.9759218693,26.5884869099,1
1146,17.9883649349,26.5913519859,1
1147,18.0008769035,26.612251997,1
1148,18.0137298107,26.6182129383,1
1149,18.0266819,26.6242079735,1
1150,18.0399608612,26.6310648918,1
1151,18.0525608063,26.6408290863,1
1152,18.0648348331,26.6531310081,1
1153,18.0851278305,26.6556918621,1
1154,18.1067619324,26.6627299786,1
1155,18.1187808514,26.665309906,1
1156,18.1368169785,26.6739020348,1
1157,18.1495640278,26.6870419979,1
1158,18.1735990047,26.703125,1
1159,18.1889429092,26.7378969193,1
1160,18.2068779469,26.7428848743,1
1161,18.2276070118,26.7557089329,1
1162,18.2529549599,26.8261098862,1
1163,18.2664940357,26.8356389999,1
1164,18.2893228531,26.8626348972,1
1165,18.3073589802,26.8724119663,3
1166,18.3189609051,26.8734610081,3
1167,18.3325619698,26.8991658688,3
1168,18.3505318165,26.9025290012,3
1169,18.3685779572,26.9154069424,3
1170,18.3808720112,26.9431219101,3
1171,18.4051949978,26.9541618824,3
1172,18.4176478386,26.9566240311,3
1173,18.4324378967,26.9637949467,3
1174,18.4467289448,26.9779188633,3
1175,18.4602780342,26.9958310127,3
1176,18.4851980209,27.0231699944,3
1177,18.5188570023,27.0569059849,3
1178,18.5314469337,27.0628929138,3
1179,18.5490279198,27.097037077,3
1180,18.5638868809,27.0979030132,3
1181,18.5795798302,27.1087169647,3
1182,18.596724987,27.1312348843,3
1183,18.6104409695,27.1388030052,3
1184,18.6272468567,27.1723380089,3
1185,18.639633894,27.172770977,3
1186,18.653400898,27.1816670895,3
1187,18.677054882,27.2089569569,3
1188,18.6892049313,27.2212920189,3
1189,18.7133719921,27.2576348782,3
1190,18.7297899723,27.2671670914,3
1191,18.7491939068,27.2849490643,3
1192,18.7665958405,27.2976820469,3
1193,18.7885689735,27.3268718719,1
1194,18.8061568737,27.3438870907,1
1195,18.8178329468,27.3478629589,1
1196,18.8295259476,27.3595609665,1
1197,18.8431079388,27.3751568794,1
1198,18.8615758419,27.4113419056,1
1199,18.8745038509,27.4217848778,1
1200,18.8966128826,27.4482860565,1
1201,18.9171729088,27.4557740688,1
1202,18.9319019318,27.4982879162,1
1203,18.944288969,27.5037529469,1
1204,18.9722759724,27.5316119194,1
1205,18.9841268063,27.5322449207,1
1206,18.9955608845,27.538351059,1
1207,19.0071258545,27.5559740067,1
1208,19.0208380222,27.562664032,1
1209,19.0380690098,27.5807499886,1
1210,19.0497579575,27.5842080116,1
1211,19.0616168976,27.598088026,1
1212,19.0810849667,27.6197600365,1
1213,19.1098899841,27.6442859173,1
1214,19.1236100197,27.6533360481,1
1215,19.1390078068,27.6866168976,2
1216,19.1725509167,27.7082269192,2
1217,19.1849629879,27.7148740292,2
1218,19.2110459805,27.7514309883,2
1219,19.2264659405,27.757076025,2
1220,19.2443099022,27.7864279747,2
1221,19.2567939758,27.7914199829,2
1222,19.2701699734,27.8003799915,2
1223,19.2878189087,27.8162310123,2
1224,19.3004989624,27.9068160057,2
1225,19.3937838078,27.9625630379,2
1226,19.4057149887,27.9702370167,2
1227,19.4173870087,27.9707939625,2
1228,19.441849947,27.9873349667,2
1229,19.4572749138,28.0019738674,2
1230,19.4715828896,28.0120069981,2
1231,19.4830479622,28.0135500431,2
1232,19.4955239296,28.0384728909,2
1233,19.5191500187,28.0815210342,2
1234,19.5382759571,28.0833539963,2
1235,19.5516979694,28.086327076,2
1236,19.5635359287,28.1026349068,0
1237,19.5945580006,28.1522300243,0
1238,19.6132469177,28.2040538788,0
1239,19.6895768642,28.2193069458,0
1240,19.7107868195,28.2623288631,0
1241,19.7257728577,28.2628219128,0
1242,19.7623410225,28.3188939095,0
1243,19.7778339386,28.3409459591,0
1244,19.7896900177,28.3414599895,0
1245,19.8025870323,28.3467428684,0
1246,19.8247058392,28.3591790199,0
1247,19.8611488342,28.5249319077,0
1248,19.8779819012,28.5279049873,0
1249,19.8901369572,28.5293860435,0
1250,19.9055728912,28.5304620266,0
1251,19.9180088043,28.5312130451,0
1252,19.9395048618,28.5319759846,0
1253,19.9524168968,28.5327420235,0
1254,19.9792759418,28.5336098671,0
1255,20.0157678127,28.5657000542,0
1256,20.0376918316,28.5731890202,0
1257,20.052284956,28.5860300064,2
1258,20.0670628548,28.6121389866,2
1259,20.0939288139,28.6255688667,2
1260,20.1137228012,28.6457250118,2
1261,20.1269090176,28.6851670742,2
1262,20.1405568123,28.6870090961,2
1263,20.1724410057,28.716531992,2
1264,20.184360981,28.7171549797,2
1265,20.2113819122,28.7520339489,2
1266,20.2245428562,28.7564668655,2
1267,20.241617918,28.7803308964,2
1268,20.2570450306,28.7935459614,2
1269,20.2689008713,28.7995460033,2
1270,20.2983260155,28.8275499344,2
1271,20.3110289574,28.8384509087,2
1272,20.3228738308,28.8570449352,2
1273,20.3349578381,28.8637599945,2
1274,20.3660039902,28.8935730457,2
1275,20.3844919205,28.9288740158,2
1276,20.4004998207,28.930521965,2
1277,20.4131309986,28.9686028957,2
1278,20.4286398888,28.9714870453,2
1279,20.4486708641,28.9758450985,2
1280,20.4672958851,28.9970149994,2
1281,20.4817428589,29.010256052,2
1282,20.4938578606,29.0406720638,2
1283,20.5078208447,29.0578300953,2
1284,20.5306208134,29.0628578663,2
1285,20.5445468426,29.2062380314,2
1286,20.5596578121,29.2070970535,2
1287,20.5722968578,29.2092809677,0
1288,20.5854129791,29.2100510597,0
1289,20.5982999802,29.2293899059,0
1290,20.6137189865,29.2398190498,0
1291,20.633797884,29.2443349361,0
1292,20.6501319408,29.2503149509,0
1293,20.6677010059,29.2559840679,0
1294,20.6839499474,29.2571210861,0
1295,20.6963670254,29.2613708973,0
1296,20.7163128853,29.2767350674,0
1297,20.7475979328,29.2775609493,0
1298,20.75908494,29.3136398792,0
1299,20.7743709087,29.3201088905,0
1300,20.7872169018,29.3246278763,0
1301,20.8004720211,29.3384308815,0
1302,20.8132419586,29.3464150429,0
1303,20.8276219368,29.3647708893,0
1304,20.8452169895,29.3928670883,0
1305,20.8567488194,29.3996999264,0
1306,20.8686728477,29.4028270245,0
1307,20.8800449371,29.4074139595,2
1308,20.8975048065,29.4295620918,2
1309,20.9114618301,29.4419240952,2
1310,20.9373979568,29.4675579071,2
1311,20.9512498379,29.4792859554,2
1312,20.9673399925,29.4967110157,2
1313,20.9825868607,29.5124130249,2
1314,21.0152728558,29.5496919155,2
1315,21.0273199081,29.5574159622,2
1316,21.0449960232,29.5867938995,2
1317,21.0584468842,29.6114099026,2
1318,21.078305006,29.6171028614,2
1319,21.0911579132,29.6277120113,2
1320,21.108178854,29.645606041,2
1321,21.1301348209,29.6865170002,2
1322,21.1501278877,29.6870820522,2
1323,21.1690988541,29.7197670937,2
1324,21.1852788925,29.7292840481,2
1325,21.206827879,29.7373890877,2
1326,21.2200529575,29.7495639324,2
1327,21.232462883,29.7640829086,2
1328,21.2465958595,29.7798779011,2
1329,21.2618408203,29.803360939,2
1330,21.278373003,29.8223230839,2
1331,21.2898910046,29.8228280544,2
1332,21.320155859,29.856137991,2
1333,21.3351638317,29.891602993,2
1334,21.3967308998,29.9273359776,2
1335,21.4354498386,29.9721319675,2
1336,21.4577219486,29.9959380627,0
1337,21.4698269367,30.0004708767,0
1338,21.4819188118,30.0166339874,0
1339,21.501292944,30.0553650856,0
1340,21.5176138878,30.0671129227,0
1341,21.5331668854,30.0681409836,0
1342,21.5454440117,30.0798299313,0
1343,21.5620048046,30.1176130772,0
1344,21.5795178413,30.1267740726,0
1345,21.5951619148,30.1624128819,0
1346,21.611274004,30.1752090454,0
1347,21.6229178905,30.175812006,0
1348,21.6407868862,30.1884300709,0
1349,21.6654639244,30.2200939655,0
1350,21.6850948334,30.2282779217,0
1351,21.6991648674,30.2292900085,0
1352,21.7112298012,30.2516338825,0
1353,21.7406179905,30.2915380001,0
1354,21.7528688908,30.2921199799,0
1355,21.7778089046,30.4087469578,0
1356,21.790899992,30.4142670631,0
1357,21.8026509285,30.4157528877,0
1358,21.8151798248,30.4169149399,0
1359,21.8279559612,30.427216053,2
1360,21.8527088165,30.4279289246,2
1361,21.868901968,30.4284300804,2
1362,21.89001894,30.4312880039,2
1363,21.9021508694,30.4336099625,2
1364,21.9289469719,30.4627158642,2
1365,21.9442558289,30.4922189713,2
1366,21.9623658657,30.4935059547,2
1367,21.9752848148,30.5241720676,2
1368,21.9883668423,30.5250029564,2
1369,22.0013239384,30.5374040604,2
1370,22.0195629597,30.5635619164,2
1371,22.0493199825,30.5811128616,2
1372,22.068571806,30.6068069935,2
1373,22.0825989246,30.6394128799,2
1374,22.0985348225,30.6402409077,2
1375,22.1119229794,30.6558160782,2
1376,22.128166914,30.6951539516,2
1377,22.1744449139,30.8403749466,2
1378,22.1870708466,30.8414740562,2
1379,22.2141499519,30.8424499035,2
1380,22.2274179459,30.85896492,2
1381,22.2414648533,30.8626980782,2
1382,22.2537558079,30.8641359806,2
1383,22.2693660259,30.8650150299,2
1384,22.284129858,30.8675038815,2
1385,22.3004689217,30.878980875,0
1386,22.318076849,30.8914160728,0
1387,22.3395569324,30.8951780796,0
1388,22.3515968323,30.9005899429,0
1389,22.3652830124,30.9039280415,0
1390,22.3773658276,30.9335560799,0
1391,22.3950679302,30.9339880943,0
1392,22.4070270061,30.948693037,0
1393,22.4191339016,30.9509980679,0
1394,22.4423568249,30.9761819839,0
1395,22.4806540012,31.0163519382,0
1396,22.495869875,31.0508348942,0
1397,22.5081880093,31.051254034,0
1398,22.5199728012,31.0520830154,0
1399,22.5346918106,31.0638930798,0
1400,22.5579128265,31.0921850204,0
1401,22.5701270103,31.1175649166,0
1402,22.5839779377,31.1258289814,0
1403,22.6018879414,31.1507840157,0
1404,22.6136369705,31.1747469902,0
1405,22.6342008114,31.175358057,0
1406,22.6523239613,31.1908679008,3
1407,22.6639900208,31.2007250786,3
1408,22.6790239811,31.208190918,3
1409,22.6907930374,31.2213730812,3
1410,22.7026939392,31.2494969368,3
1411,22.7283778191,31.2625980377,3
1412,22.7457690239,31.2843959332,3
1413,22.7668178082,31.3272690773,3
1414,22.8012869358,31.3309319019,3
1415,22.8195810318,31.4562869072,3
1416,22.9528338909,31.4935650826,3
1417,22.9694910049,31.5048029423,3
1418,22.9854168892,31.5322039127,3
1419,22.9973590374,31.5514810085,3
1420,23.0127828121,31.5632669926,3
1421,23.0296080112,31.5671989918,3
1422,23.0491588116,31.5813150406,3
1423,23.0618069172,31.6060330868,3
1424,23.0743539333,31.6453800201,3
1425,23.1293509007,31.6805679798,3
1426,23.1445879936,31.6862308979,3
1427,23.1632318497,31.7114210129,3
1428,23.1748788357,31.7164850235,3
1429,23.208480835,31.7555429935,3
1430,23.2206139565,31.7559800148,3
1431,23.2375648022,31.7885620594,3
1432,23.249475956,31.7919979095,3
1433,23.260890007,31.7986478806,3
1434,23.2725479603,31.8028440475,3
1435,23.2845449448,31.8203048706,1
1436,23.3025548458,31.8316299915,1
1437,23.3159468174,31.8766100407,1
1438,23.3282368183,31.8777899742,1
1439,23.3439159393,31.89219594,1
1440,23.3562569618,31.8935470581,1
1441,23.3860929012,31.9269349575,1
1442,23.4027619362,31.943144083,1
1443,23.4158070087,31.9750909805,1
1444,23.4290130138,31.9823610783,1
1445,23.4439439774,31.9859900475,1
1446,23.4598088264,31.9941558838,1
1447,23.4892699718,32.0217058659,1
1448,23.5032029152,32.0549919605,1
1449,23.5171940327,32.0595030785,1
1450,23.5292630196,32.0599648952,1
1451,23.5423429012,32.0949120522,1
1452,23.5656118393,32.1152720451,1
1453,23.5802168846,32.1165828705,1
1454,23.6043629646,32.1443810463,1
1455,23.6177768707,32.1544370651,1
1456,23.64041996,32.171628952,1
1457,23.6535019875,32.2022218704,1
1458,23.6790869236,32.2124140263,1
1459,23.6933748722,32.224642992,1
1460,23.709348917,32.2485849857,1
1461,23.722867012,32.2540900707,1
1462,23.734762907,32.2676250935,3
1463,23.7547168732,32.2901470661,3
1464,23.7697088718,32.2998929024,3
1465,23.7927470207,32.3235230446,3
1466,23.8129858971,32.3596608639,3
1467,23.8293919563,32.3653628826,3
1468,23.8478848934,32.4099330902,3
1469,23.8679850101,32.4124948978,3
1470,23.8844878674,32.4182929993,3
1471,23.8983809948,32.4405450821,3
1472,23.9141058922,32.4533569813,3
1473,23.9300649166,32.4644770622,3
1474,23.9461109638,32.4747240543,3
1475,23.9658768177,32.4943220615,3
1476,23.981030941,32.5183858871,3
1477,23.9926869869,32.5267879963,3
1478,24.0096328259,32.5553128719,3
1479,24.0300278664,32.5622849464,3
1480,24.0497529507,32.5816819668,3
1481,24.0697319508,32.6025159359,3
1482,24.0847408772,32.6325099468,3
1483,24.100137949,32.6440348625,3
1484,24.1145839691,32.6451330185,3
1485,24.1272878647,32.6711730957,3
1486,24.147040844,32.682033062,1
1487,24.1621768475,32.7126719952,1
1488,24.1807029247,32.7139840126,1
1489,24.197067976,32.7471139431,1
1490,24.2086279392,32.7529928684,1
1491,24.2205648422,32.7702140808,1
1492,24.2361910343,32.7837820053,1
1493,24.2592358589,32.7913119793,1
1494,24.2711539268,32.800483942,1
1495,24.286126852,32.8193750381,1
1496,24.2981009483,32.8281340599,1
1497,24.3109419346,32.8573219776,1
1498,24.3383798599,32.8712229729,1
1499,24.3537728786,32.885766983,1
1500,24.3749480247,32.9040539265,1
1501,24.3869879246,32.9337689877,1
1502,24.4110939503,32.9488310814,1
1503,24.4249210358,33.0202279091,1
1504,24.4376149178,33.0210790634,1
1505,24.4503529072,33.0218710899,1
1506,24.4664800167,33.022687912,1
1507,24.4865269661,33.036976099,1
1508,24.4984378815,33.0500788689,1
1509,24.5102849007,33.0510668755,1
1510,24.5281248093,33.0608248711,1
1511,24.5462098122,33.0866680145,3
1512,24.5601439476,33.0908410549,3
1513,24.5721538067,33.1271290779,3
1514,24.5869739056,33.1280770302,3
1515,24.6106238365,33.1499159336,3
1516,24.6224029064,33.1579360962,3
1517,24.6475498676,33.2039589882,3
1518,24.6625168324,33.2047798634,3
1519,24.6794159412,33.2176010609,3
1520,24.691824913,33.2316939831,3
1521,24.7098870277,33.2408690453,3
1522,24.731033802,33.2819879055,3
1523,24.7481319904,33.2897660732,3
1524,24.7603569031,33.2994689941,3
1525,24.7725198269,33.3214120865,3
1526,24.7874748707,33.3762130737,3
1527,24.8541419506,33.405164957,3
1528,24.8811028004,33.4131779671,3
1529,24.8932328224,33.44490695,3
1530,24.9161419868,33.456414938,3
1531,24.9294698238,33.4606909752,3
1532,24.9591169357,33.4944329262,3
1533,24.9774639606,33.523665905,3
1534,24.9902667999,33.5294508934,3
1535,25.0038650036,33.5366239548,3
1536,25.0159778595,33.5459809303,3
1537,25.0277578831,33.5575270653,3
1538,25.0406699181,33.5710549355,3
1539,25.0526509285,33.5887849331,1
1540,25.0691518784,33.6020100117,1
1541,25.0812859535,33.6105310917,1
1542,25.0944240093,33.6350588799,1
1543,25.1106109619,33.6684479713,1
1544,25.123418808,33.6693360806,1
1545,25.1376838684,33.687691927,1
1546,25.162760973,33.7125818729,1
1547,25.1813018322,33.7216610909,1
1548,25.1944990158,33.7843000889,1
1549,25.2102229595,33.8013150692,1
1550,25.2229959965,33.8064448833,1
1551,25.2407808304,33.8072769642,1
1552,25.2579159737,33.8153870106,1
1553,25.269974947,33.816298008,1
1554,25.2872838974,33.8230988979,1
1555,25.2989850044,33.837996006,1
1556,25.3285799026,33.8612799644,1
1557,25.3401508331,33.8722860813,1
1558,25.3533129692,33.886300087,1
1559,25.3648529053,33.8986349106,1
1560,25.3764469624,33.9082159996,1
1561,25.4067180157,33.9383070469,1
1562,25.4213418961,34.0312719345,1
1563,25.5310199261,34.0610480309,1
1564,25.5713529587,34.1021819115,2
1565,25.5925889015,34.1330099106,2
1566,25.6045498848,34.1377630234,2
1567,25.6314229965,34.1666300297,2
1568,25.6655328274,34.2089838982,2
1569,25.6788249016,34.2154788971,2
1570,25.6937289238,34.2400200367,2
1571,25.7078828812,34.2501900196,2
1572,25.7211489677,34.2547268867,2
1573,25.7463998795,34.2894599438,2
1574,25.7768878937,34.3303539753,2
1575,25.7910740376,34.3339879513,2
1576,25.8080449104,34.3364269733,2
1577,25.8220119476,34.3629748821,2
1578,25.8338758945,34.3676419258,2
1579,25.849905014,34.4050610065,2
1580,25.8728070259,34.4425098896,2
1581,25.890059948,34.4495530128,2
1582,25.9026708603,34.4543559551,2
1583,25.9160819054,34.4551200867,2
1584,25.9283339977,34.468973875,2
1585,25.9428358078,34.4797019958,2
1586,25.9565598965,34.4851989746,2
1587,25.9725778103,34.5269920826,2
1588,25.9893069267,34.5278360844,2
1589,26.0037789345,34.5461778641,2
1590,26.0196769238,34.5602049828,2
1591,26.0417158604,34.5719690323,2
1592,26.0551688671,34.6092169285,2
1593,26.0777239799,34.6118628979,2
1594,26.0994899273,34.6853508949,0
1595,26.1151118279,34.687253952,0
1596,26.1267769337,34.7001149654,0
1597,26.1564648151,34.7006859779,0
1598,26.1700718403,34.7019350529,0
1599,26.1869969368,34.7282440662,0
1600,26.2062458992,34.9434809685,0
1601,26.218310833,34.9445869923,0
1602,26.2307369709,34.9454228878,0
1603,26.2426598072,34.9463188648,0
1604,26.2550899982,34.9512829781,0
1605,26.2742519379,34.9521970749,0
1606,26.2882418633,34.9532549381,0
1607,26.3010048866,34.9631378651,0
1608,26.3129098415,34.970719099,0
1609,26.3249938488,34.9826550484,0
1610,26.337884903,34.9838719368,0
1611,26.3632729053,34.9848110676,0
1612,26.4000198841,34.9881150723,0
1613,26.4146058559,34.9891569614,0
1614,26.4376089573,34.9901430607,0
1615,26.4557278156,35.0259408951,0
1616,26.4671700001,35.0290880203,0
1617,26.4809138775,35.0306529999,0
1618,26.4927020073,35.034168005,0
1619,26.5044608116,35.0432240963,0
1620,26.5303318501,35.0623738766,0
1621,26.5501689911,35.0939090252,0
1622,26.566108942,35.1071550846,3
1623,26.5776150227,35.1134710312,3
1624,26.5990710258,35.1317689419,3
1625,26.6273028851,35.1690199375,3
1626,26.6396558285,35.1730539799,3
1627,26.6530148983,35.1867780685,3
1628,26.6662948132,35.1938760281,3
1629,26.6818540096,35.2487120628,3
1630,26.7115898132,35.2537810802,3
1631,26.7320950031,35.283107996,3
1632,26.7512779236,35.2897450924,3
1633,26.7685718536,35.3250529766,3
1634,26.7924058437,35.3279049397,3
1635,26.804651022,35.3454349041,3
1636,26.8209848404,35.3582289219,3
1637,26.8340959549,35.3666169643,3
1638,26.8678548336,35.4049289227,3
1639,26.8875629902,35.4437940121,3
1640,26.9047939777,35.4444100857,3
1641,26.917290926,35.451269865,3
1642,26.933426857,35.4621179104,1
1643,26.9468460083,35.487377882,1
1644,26.9645578861,35.5181980133,1
1645,26.9762818813,35.5215690136,1
1646,26.9920699596,35.5334970951,1
1647,27.0071918964,35.5372779369,1
1648,27.0228059292,35.5510640144,1
1649,27.0355689526,35.5638639927,1
1650,27.04814291,35.5798518658,1
1651,27.0600178242,35.6111578941,1
1652,27.0715508461,35.6262309551,1
1653,27.0897469521,35.6267828941,1
1654,27.1056659222,35.6476409435,1
1655,27.1242179871,35.6548058987,1
1656,27.1389889717,35.7711379528,1
1657,27.255674839,35.7906689644,1
1658,27.2765438557,35.8072359562,1
1659,27.2890229225,35.8279190063,1
1660,27.3019478321,35.8321840763,1
1661,27.3160948753,35.850522995,1
1662,27.3316719532,35.8806269169,1
1663,27.3472919464,35.8887619972,1
1664,27.3618798256,35.9201378822,1
1665,27.3917059898,35.9383430481,1
1666,27.4057619572,35.9480679035,1
1667,27.42055583,35.9620409012,1
1668,27.4378738403,35.9687309265,1
1669,27.4518899918,35.9826319218,1
1670,27.463326931,36.0354509354,1
1671,27.4755079746,36.0376288891,3
1672,27.4892909527,36.0474278927,3
1673,27.5104329586,36.0551359653,3
1674,27.5312399864,36.065474987,3
1675,27.5427799225,36.0739769936,3
1676,27.5549199581,36.0984220505,3
1677,27.5848288536,36.1157300472,3
1678,27.6008000374,36.1311869621,3
1679,27.6234109402,36.1666040421,3
1680,27.6357719898,36.1881248951,3
1681,27.6577498913,36.1941199303,3
1682,27.6699078083,36.208245039,3
1683,27.6886048317,36.2282009125,3
1684,27.701944828,36.2516870499,3
1685,27.7187259197,36.2610030174,3
1686,27.7307109833,36.2823889256,3
1687,27.76364398,36.3023409843,3
1688,27.7978389263,36.3348898888,3
1689,27.8122799397,36.3584690094,3
1690,27.8362109661,36.3669919968,3
1691,27.8483469486,36.3818809986,1
1692,27.8600850105,36.3930718899,1
1693,27.8718578815,36.4042758942,1
1694,27.8875288963,36.4388029575,1
1695,27.8994438648,36.4600980282,1
1696,27.9113759995,36.4611968994,1
1697,27.924890995,36.4751188755,1
1698,27.9372479916,36.4816958904,1
1699,27.9603128433,36.4888799191,1
1700,27.9730989933,36.5287289619,1
1701,27.9991748333,36.5295650959,1
1702,28.0119698048,36.5458419323,1
1703,28.0252490044,36.5608150959,1
1704,28.0369169712,36.5647289753,1
1705,28.0511209965,36.6057610512,1
1706,28.0751969814,36.6122648716,1
1707,28.0895738602,36.6461958885,1
1708,28.1146349907,36.6642820835,1
1709,28.1312818527,36.6647720337,1
1710,28.1605718136,36.695483923,1
1711,28.1752119064,36.7035648823,1
1712,28.1877570152,36.7364230156,1
1713,28.1998009682,36.7369039059,1
1714,28.2324848175,36.7697339058,1
1715,28.2440919876,36.8002240658,1
1716,28.2562789917,36.8007678986,1
1717,28.2678849697,36.8116829395,1
1718,28.279791832,36.8171510696,1
1719,28.2940819263,36.8330729008,1
1720,28.3106470108,36.8451769352,1
1721,28.3231978416,36.8510949612,2
1722,28.3434758186,36.8841309547,2
1723,28.3612649441,36.8906400204,2
1724,28.3736269474,36.9344959259,2
1725,28.3854539394,36.9408509731,2
1726,28.4088478088,36.9413540363,2
1727,28.42177701,36.9558620453,2
1728,28.4389460087,36.9678189754,2
1729,28.4518518448,37.0607740879,2
1730,28.4679508209,37.061344862,2
1731,28.4869289398,37.0744810104,2
1732,28.5001609325,37.0749120712,2
1733,28.5260839462,37.0783789158,2
1734,28.5399048328,37.086384058,2
1735,28.5647950172,37.1048018932,2
1736,28.5801370144,37.1129860878,2
1737,28.5925729275,37.145015955,2
1738,28.6057310104,37.1688609123,2
1739,28.6245520115,37.1838209629,2
1740,28.6425349712,37.2001430988,2
1741,28.6569609642,37.2016260624,2
1742,28.6719489098,37.2025239468,2
1743,28.686401844,37.2179720402,0
1744,28.7006039619,37.229418993,0
1745,28.7191889286,37.2641808987,0
1746,28.7321169376,37.2654578686,0
1747,28.7501358986,37.2965240479,0
1748,28.7627189159,37.2969689369,0
1749,28.7759618759,37.306691885,0
1750,28.7979300022,37.3489990234,0
1751,28.813890934,37.3652660847,0
1752,28.8375179768,37.3751049042,0
1753,28.8507218361,37.38240695,0
1754,28.8724718094,37.4125249386,0
1755,28.8841319084,37.4242510796,0
1756,28.8966238499,37.4358899593,0
1757,28.9080159664,37.4432880878,0
1758,28.9213349819,37.4587669373,0
1759,28.9410660267,37.4682950974,0
1760,28.9542469978,37.488353014,0
1761,28.9660108089,37.5024409294,0
1762,28.9881088734,37.5300440788,0
1763,29.0037460327,37.5352590084,0
1764,29.0265078545,37.5570678711,0
1765,29.0413818359,37.5786800385,2
1766,29.0559580326,37.6049039364,2
1767,29.068584919,37.6145899296,2
1768,29.0805158615,37.615031004,2
1769,29.102216959,37.6554698944,2
1770,29.114910841,37.6559169292,2
1771,29.1301898956,37.6794688702,2
1772,29.146697998,37.6818640232,2
1773,29.1615388393,37.6896400452,2
1774,29.1779420376,37.7119059563,2
1775,29.1903009415,37.7193288803,2
1776,29.2162020206,37.7607500553,2
1777,29.2336239815,37.7699570656,2
1778,29.2529058456,37.7953228951,2
1779,29.2644410133,37.9308390617,2
1780,29.2823469639,37.9320368767,2
1781,29.2951569557,37.9410500526,2
1782,29.3069980145,37.9444010258,2
1783,29.3274350166,37.949420929,2
1784,29.3390729427,37.9600389004,2
1785,29.3561999798,37.9636259079,2
1786,29.3732488155,37.9666728973,2
1787,29.3867499828,37.9923830032,0
1788,29.4050469398,37.9942250252,0
1789,29.4187629223,37.9955999851,0
1790,29.4463019371,37.9968540668,0
1791,29.4582819939,37.9973089695,0
1792,29.4722859859,38.0067000389,0
1793,29.4843249321,38.0368950367,0
1794,29.4966909885,38.0400719643,0
1795,29.5182509422,38.0492429733,0
1796,29.5296418667,38.058729887,0
1797,29.5533208847,38.0858149529,0
1798,29.5704789162,38.1162469387,0
1799,29.5906980038,38.1214790344,0
1800,29.6072018147,38.1512269974,0
1801,29.6194288731,38.1589450836,0
1802,29.6403968334,38.1798970699,0
1803,29.665779829,38.2240309715,0
1804,29.6857290268,38.2252850533,0
1805,29.6995489597,38.2367560863,0
1806,29.7193470001,38.2682480812,0
1807,29.7325508595,38.2754728794,3
1808,29.759652853,38.3594498634,3
1809,29.7980358601,38.3645279408,3
1810,29.8138699532,38.3829870224,3
1811,29.8374519348,38.3871519566,3
1812,29.8756389618,38.4192590714,3
1813,29.8904240131,38.4206559658,3
1814,29.9149308205,38.4527258873,3
1815,29.9270730019,38.4624409676,3
1816,29.9398980141,38.4768409729,3
1817,29.9535098076,38.5364120007,3
1818,29.9651358128,38.5431520939,3
1819,29.9770669937,38.5436298847,3
1820,29.9924128056,38.5444910526,3
1821,30.0071988106,38.5570530891,3
1822,30.0226538181,38.5579929352,3
1823,30.0352020264,38.565376997,3
1824,30.0492889881,38.5846788883,3
1825,30.0626838207,38.5924339294,3
1826,30.0743358135,38.6093800068,3
1827,30.0908739567,38.6205339432,3
1828,30.1027519703,38.6417839527,3
1829,30.1160600185,38.6598060131,3
1830,30.1463890076,38.6857149601,3
1831,30.1581399441,38.6861450672,3
1832,30.1836149693,38.7278208733,3
1833,30.2192118168,38.7550258636,3
1834,30.2390739918,38.7908520699,3
1835,30.2511219978,38.7960939407,1
1836,30.2635350227,38.835766077,1
1837,30.2825329304,38.8423449993,1
1838,30.2948858738,38.8457329273,1
1839,30.3075098991,38.8466598988,1
1840,30.3200700283,38.8533480167,1
1841,30.340405941,38.8754239082,1
1842,30.3611578941,38.9025030136,1
1843,30.3733170033,38.9069650173,1
1844,30.3878200054,38.9220888615,1
1845,30.4090409279,38.9391989708,1
1846,30.423817873,38.9613230228,1
1847,30.4474048615,38.9770960808,1
1848,30.4595658779,38.9961769581,1
1849,30.4855349064,39.0305559635,1
1850,30.5068528652,39.0533568859,1
1851,30.5254609585,39.0579929352,1
1852,30.5397930145,39.075291872,1
1853,30.5621058941,39.0999538898,1
1854,30.5752398968,39.107656002,1
1855,30.6011998653,39.1342608929,1
1856,30.6181030273,39.1479918957,1
1857,30.6330800056,39.1694130898,1
1858,30.6459178925,39.18602705,1
1859,30.6576390266,39.1899080276,3
1860,30.6925959587,39.2388319969,3
1861,30.7076559067,39.2580070496,3
1862,30.7196428776,39.2598838806,3
1863,30.732904911,39.325054884,3
1864,30.7569730282,39.3614490032,3
1865,30.7745299339,39.3925130367,3
1866,30.7966139317,39.3946919441,3
1867,30.8089249134,39.404280901,3
1868,30.8377509117,39.4076759815,3
1869,30.8514018059,39.4081580639,3
1870,30.8804898262,39.4214389324,3
1871,30.9035258293,39.4695379734,3
1872,30.9170570374,39.4700679779,3
1873,30.9314849377,39.470512867,3
1874,30.9428579807,39.4714310169,3
1875,30.9550199509,39.4852340221,3
1876,30.9667248726,39.4988589287,3
1877,30.9871528149,39.5489048958,3
1878,30.9991958141,39.5494909286,3
1879,31.0157580376,39.5499989986,3
1880,31.0272469521,39.5617098808,3
1881,31.0636658669,39.5914440155,1
1882,31.0754158497,39.6031310558,1
1883,31.1031458378,39.6331899166,1
1884,31.1147658825,39.6655678749,1
1885,31.1423728466,39.6735038757,1
1886,31.1580388546,39.691147089,1
1887,31.1702508926,39.7043509483,1
1888,31.1848199368,39.7190690041,1
1889,31.1972680092,39.7498850822,1
1890,31.2187569141,39.7545928955,1
1891,31.2372038364,39.7973480225,1
1892,31.2577879429,39.8222749233,1
1893,31.2731459141,39.823497057,1
1894,31.2908329964,39.8294939995,1
1895,31.3027229309,39.8321230412,1
1896,31.3321409225,39.8686659336,1
1897,31.3436439037,39.8730039597,1
1898,31.3574838638,39.8931250572,1
1899,31.3714129925,39.9176180363,1
1900,31.3837649822,39.9302148819,1
1901,31.407501936,39.9467148781,1
1902,31.4251158237,39.9618809223,1
1903,31.436702013,39.9664449692,1
1904,31.4485449791,39.9985508919,2
1905,31.4623718262,40.0003750324,2
1906,31.4741098881,40.0041460991,2
1907,31.4882500172,40.0409350395,2
1908,31.4999899864,40.0447559357,2
1909,31.5171089172,40.0586700439,2
1910,31.5287218094,40.0680830479,2
1911,31.5425579548,40.0741989613,2
1912,31.55834198,40.0949180126,2
1913,31.5732250214,40.1008019447,2
1914,31.5890920162,40.1399140358,2
1915,31.6016058922,40.1419930458,2
1916,31.6133089066,40.1446449757,2
1917,31.6377978325,40.1733539104,2
1918,31.6576228142,40.208343029,2
1919,31.6730749607,40.2167880535,2
1920,31.6849749088,40.2437610626,2
1921,31.7151398659,40.2514019012,2
1922,31.73021698,40.2951989174,2
1923,31.7540268898,40.3046069145,2
1924,31.767059803,40.3108789921,2
1925,31.7928488255,40.3390030861,2
1926,31.8043730259,40.3402440548,2
1927,31.8194749355,40.4293859005,2
1928,31.8315038681,40.4356238842,2
1929,31.843490839,40.4435319901,2
1930,31.8693788052,40.4542369843,2
1931,31.8864629269,40.4582009315,2
1932,31.9087920189,40.462624073,2
1933,31.9240298271,40.4743449688,2
1934,31.9412918091,40.4774479866,0
1935,31.9540448189,40.4850950241,0
1936,31.9728889465,40.5041439533,0
1937,31.9845979214,40.5141580105,0
1938,32.0022468567,40.5667350292,0
1939,32.0217339993,40.5694539547,0
1940,32.0355439186,40.5747199059,0
1941,32.0476579666,40.5835299492,0
1942,32.0809299946,40.6310350895,0
1943,32.0932919979,40.6756038666,0
1944,32.1200299263,40.6833250523,0
1945,32.1318688393,40.6842060089,0
1946,32.1591238976,40.6940760612,0
1947,32.1756989956,40.7066049576,0
1948,32.1966049671,40.7438249588,0
1949,32.2090408802,40.7504658699,0
1950,32.2343869209,40.8297300339,0
1951,32.2494750023,40.8355770111,0
1952,32.2632198334,40.8360579014,0
1953,32.275908947,40.8511018753,0
1954,32.2881169319,40.8582599163,0
1955,32.3021998405,40.8832530975,0
1956,32.3137409687,40.8836989403,0
1957,32.3320629597,40.8841569424,0
1958,32.3538479805,40.90001297,0
1959,32.3745429516,40.924079895,0
1960,32.3945868015,40.9408490658,2
1961,32.4146978855,40.955094099,2
1962,32.432322979,40.9657390118,2
1963,32.452370882,41.0000729561,2
1964,32.4887578487,41.0356099606,2
1965,32.5085678101,41.0424180031,2
1966,32.5251369476,41.0553119183,2
1967,32.5377378464,41.067278862,2
1968,32.567086935,41.1003189087,2
1969,32.5787408352,41.1597208977,2
1970,32.5931279659,41.1656389236,2
1971,32.6053647995,41.1684949398,2
1972,32.6257519722,41.2425680161,2
1973,32.64179492,41.244107008,2
1974,32.6539449692,41.2453029156,2
1975,32.666549921,41.2730350494,2
1976,32.6789808273,41.2759170532,2
1977,32.6904928684,41.2782790661,2
1978,32.7083699703,41.2885398865,2
1979,32.722563982,41.2938220501,2
1980,32.7340898514,41.3010830879,2
1981,32.7525179386,41.3250398636,0
1982,32.7649979591,41.3315598965,0
1983,32.7770318985,41.3337130547,0
1984,32.7992558479,41.3430359364,0
1985,32.8190078735,41.3559670448,0
1986,32.8332209587,41.3791959286,0
1987,32.8457448483,41.3797669411,0
1988,32.8605539799,41.3907198906,0
1989,32.8752579689,41.4177839756,0
1990,32.8893330097,41.4219019413,0
1991,32.9052670002,41.4331178665,0
1992,32.9186499119,41.4495360851,0
1993,32.931073904,41.4590749741,0
1994,32.9431529045,41.4744319916,0
1995,32.9549918175,41.534799099,0
1996,32.9926939011,41.5458850861,0
1997,33.0043039322,41.5801479816,0
1998,33.0244348049,41.5821549892,0
1999,33.0367929935,41.5871589184,0
2000,33.0546748638,41.598295927,0
