PacketSeqNo,GeneratedTime(sec),ArrivalTime(sec),MulticastIdx
1,0.00240802764893,3.67175388336,1
2,0.0140991210938,3.67404580116,1
3,0.0258829593658,3.6835308075,1
4,0.0378510951996,3.69633388519,1
5,0.0502200126648,3.70851397514,1
6,0.0624551773071,3.72101688385,1
7,0.0748369693756,3.73275780678,1
8,0.087110042572,3.74813199043,1
9,0.0989639759064,3.75874686241,1
10,0.111018180847,3.77420496941,1
11,0.125684976578,3.78312778473,1
12,0.137993097305,3.79696083069,1
13,0.150185108185,3.80899596214,1
14,0.162449121475,3.82205986977,1
15,0.174656152725,3.83872389793,1
16,0.186813116074,3.86400294304,1
17,0.217041015625,3.87553691864,1
18,0.229242086411,3.88773488998,1
19,0.241645097733,3.89971995354,1
20,0.254157066345,3.91405677795,1
21,0.266524076462,3.92475700378,1
22,0.278975009918,3.93700790405,1
23,0.291155099869,3.94960689545,1
24,0.303404092789,3.96349787712,1
25,0.315827131271,3.97395896912,1
26,0.327980995178,3.98507595062,1
27,0.339995145798,3.99856185913,1
28,0.352642059326,4.01122498512,1
29,0.365123033524,4.02303695679,1
30,0.377268075943,4.03545093536,1
31,0.389553070068,4.04950690269,1
32,0.401682138443,4.0580239296,1
33,0.413895130157,4.07155179977,1
34,0.426340103149,4.08496284485,1
35,0.438605070114,4.10078191757,1
36,0.45082616806,4.10908198357,1
37,0.46325802803,4.12257885933,1
38,0.475865125656,4.13468289375,1
39,0.488316059113,4.15077900887,1
40,0.501038074493,4.15953683853,1
41,0.513199090958,4.17224597931,1
42,0.525712966919,4.18313884735,1
43,0.537860155106,4.19573783875,1
44,0.55013012886,4.2083158493,1
45,0.56254196167,4.22043895721,1
46,0.574989080429,4.23375797272,1
47,0.587265014648,4.25170683861,1
48,0.599482059479,4.26311588287,1
49,0.6118080616,4.27121186256,1
50,0.624175071716,4.28386282921,1
51,0.63663816452,4.30386590958,2
52,0.649147033691,4.30675888062,2
53,0.661406993866,4.31803584099,2
54,0.673635005951,4.33472681046,2
55,0.685909032822,4.34865283966,2
56,0.697978973389,4.35680198669,2
57,0.71019411087,4.37014079094,2
58,0.722732067108,4.38269495964,2
59,0.734908103943,4.39386677742,2
60,0.747084140778,4.40513896942,2
61,0.759309053421,4.41788291931,2
62,0.771782159805,4.4314968586,2
63,0.7841360569,4.44183397293,2
64,0.796550989151,4.45379781723,2
65,0.808716058731,4.46769499779,2
66,0.820950031281,4.478774786,2
67,0.833393096924,4.49091601372,2
68,0.846389055252,4.50413990021,2
69,0.85888504982,4.51682186127,2
70,0.871502161026,4.52878379822,2
71,0.883783102036,4.54118180275,2
72,0.896118164062,4.55388379097,2
73,0.908383131027,4.56727600098,2
74,0.920672178268,4.5782418251,2
75,0.932844161987,4.58997488022,2
76,0.945276975632,4.60363578796,2
77,0.957630157471,4.61600399017,2
78,0.969767093658,4.62699890137,2
79,0.981979131699,4.63934779167,2
80,0.994174957275,4.65737581253,2
81,1.00634813309,4.66449189186,2
82,1.01887106895,4.67757892609,2
83,1.03133201599,4.68980789185,2
84,1.04364514351,4.70190596581,2
85,1.05587005615,4.71457886696,2
86,1.06830000877,4.72569084167,2
87,1.08075809479,4.73894500732,2
88,1.09344601631,4.7547929287,2
89,1.10578799248,4.76310682297,2
90,1.11807203293,4.7756228447,2
91,1.13053011894,4.78925085068,2
92,1.1426680088,4.8033080101,2
93,1.15482997894,4.81592679024,2
94,1.1672539711,4.82606101036,2
95,1.17958712578,4.83881187439,2
96,1.19181609154,4.85360789299,2
97,1.20419001579,4.86288094521,2
98,1.21677303314,4.87615084648,2
99,1.22882604599,4.88760185242,2
100,1.24121809006,4.89908885956,2
101,1.25340008736,4.91141700745,0
102,1.26564097404,4.92523288727,0
103,1.27813601494,4.94039082527,0
104,1.2903649807,4.94969797134,0
105,1.30259799957,4.96186184883,0
106,1.31506204605,4.97554993629,0
107,1.32732701302,4.98795700073,0
108,1.33970618248,4.99930691719,0
109,1.35207796097,5.01123785973,0
110,1.36423206329,5.02389097214,0
111,1.37645602226,5.03942084312,0
112,1.3890440464,5.04886293411,0
113,1.40140008926,5.06080889702,0
114,1.41377305984,5.07575893402,0
115,1.42611718178,5.08623981476,0
116,1.43826198578,5.09708285332,0
117,1.45078706741,5.10877680779,0
118,1.46319198608,5.12151694298,0
119,1.47540402412,5.13502287865,0
120,1.48778605461,5.14736199379,0
121,1.50016999245,5.15995383263,0
122,1.51245212555,5.17097496986,0
123,1.52466511726,5.18270587921,0
124,1.5370759964,5.1946618557,0
125,1.54932403564,5.21274280548,0
126,1.56156206131,5.2212638855,0
127,1.57374095917,5.23288083076,0
128,1.585916996,5.24405694008,0
129,1.59776711464,5.25727200508,0
130,1.60977816582,5.26840186119,0
131,1.621778965,5.28133678436,0
132,1.63406801224,5.29212594032,0
133,1.64608716965,5.30798697472,0
134,1.65838909149,5.31824183464,0
135,1.67055416107,5.35271883011,0
136,1.68313312531,5.35389184952,0
137,1.69533395767,5.36338877678,0
138,1.70750498772,5.3730700016,0
139,1.71978616714,5.38307285309,0
140,1.73208999634,5.39169287682,0
141,1.74443411827,5.40886497498,0
142,1.75706505775,5.41965794563,0
143,1.76955604553,5.43021082878,0
144,1.78185009956,5.44217586517,0
145,1.79401707649,5.45253491402,0
146,1.80618000031,5.46535682678,0
147,1.81842017174,5.47960996628,0
148,1.83085417747,5.49108600616,0
149,1.8431661129,5.50267791748,0
150,1.85552811623,5.51523280144,0
151,1.86790394783,5.5330247879,0
152,1.88002800941,5.54403591156,0
153,1.89219307899,5.54905486107,0
154,1.90481495857,5.56682491302,0
155,1.9169781208,5.57956290245,0
156,1.92914295197,5.59213590622,0
157,1.94144010544,5.59924077988,2
158,1.95358014107,5.61093187332,2
159,1.96584701538,5.6251449585,2
160,1.97849106789,5.63869595528,2
161,1.99065208435,5.64883184433,2
162,2.00286412239,5.66086792946,2
163,2.02025198936,5.6788649559,2
164,2.03168702126,5.69061088562,2
165,2.04423117638,5.71012997627,2
166,2.05645513535,5.7142739296,2
167,2.06886410713,5.72792696953,2
168,2.08050608635,5.74387383461,2
169,2.09301304817,5.7517478466,2
170,2.10545897484,5.76841497421,2
171,2.12083315849,5.78282189369,2
172,2.13300204277,5.79425191879,2
173,2.14481210709,5.80079293251,2
174,2.15653705597,5.81690478325,2
175,2.16884899139,5.82909989357,2
176,2.1815340519,5.84114384651,2
177,2.19355607033,5.85937094688,2
178,2.20602107048,5.863478899,2
179,2.22299098969,5.88341999054,2
180,2.23554706573,5.89401078224,2
181,2.24763917923,5.90537881851,2
182,2.2612760067,5.91826081276,2
183,2.27302718163,5.93588900566,2
184,2.28510499001,5.94808077812,2
185,2.29736804962,5.96334600449,2
186,2.30964803696,5.97463488579,2
187,2.32197809219,5.98402786255,2
188,2.3339240551,5.99756097794,2
189,2.34633612633,6.00318694115,2
190,2.35898709297,6.01507687569,2
191,2.37106800079,6.03248977661,2
192,2.38410806656,6.04373478889,2
193,2.39752697945,6.05618596077,2
194,2.40928196907,6.06648993492,2
195,2.4209010601,6.07808184624,2
196,2.43260717392,6.09192299843,2
197,2.44763112068,6.10874199867,2
198,2.45975899696,6.1274960041,2
199,2.47198200226,6.12995791435,2
200,2.48407316208,6.14258384705,2
201,2.49644994736,6.16086578369,2
202,2.50849103928,6.16902780533,2
203,2.52118706703,6.17896080017,2
204,2.53339099884,6.19208693504,2
205,2.54605412483,6.20349097252,2
206,2.55925107002,6.21665477753,2
207,2.57100296021,6.22921681404,2
208,2.58288812637,6.24437785149,0
209,2.59946012497,6.25670194626,0
210,2.61102604866,6.27430081367,0
211,2.62481212616,6.29601788521,0
212,2.64266705513,6.29871678352,0
213,2.65548396111,6.31356596947,0
214,2.66858196259,6.32772994041,0
215,2.68016815186,6.34517979622,0
216,2.69286608696,6.35081100464,0
217,2.70437812805,6.36325979233,0
218,2.71623110771,6.37588191032,0
219,2.72815203667,6.38651299477,0
220,2.74072694778,6.39838600159,0
221,2.7533249855,6.40954399109,0
222,2.76583409309,6.42279696465,0
223,2.77790904045,6.4396238327,0
224,2.78972911835,6.4480137825,0
225,2.80178904533,6.45985293388,0
226,2.81557917595,6.47733592987,0
227,2.82718896866,6.48526000977,0
228,2.83884215355,6.49965500832,0
229,2.85179615021,6.51092791557,0
230,2.86439204216,6.52186799049,0
231,2.87713813782,6.53606295586,0
232,2.88912010193,6.54748082161,0
233,2.9017701149,6.5601849556,0
234,2.91333317757,6.57355284691,0
235,2.92596697807,6.58218979836,0
236,2.93912911415,6.60413384438,0
237,2.95170211792,6.61414384842,0
238,2.96689796448,6.62610793114,0
239,2.9801800251,6.6418068409,0
240,2.99176812172,6.64921283722,0
241,3.00331711769,6.66083884239,0
242,3.01592898369,6.67549085617,0
243,3.02771997452,6.68566989899,0
244,3.04040908813,6.69992899895,0
245,3.05214214325,6.71076583862,0
246,3.0666539669,6.72956085205,0
247,3.0802500248,6.7408349514,0
248,3.09234404564,6.75480294228,0
249,3.10384011269,6.76367282867,0
250,3.1156411171,6.77631187439,0
251,3.12754106522,6.7860519886,0
252,3.13898706436,6.79740595818,0
253,3.15037202835,6.81339597702,0
254,3.1637430191,6.82366800308,0
255,3.17562508583,6.83432197571,0
256,3.18743395805,6.84566187859,0
257,3.20054316521,6.86308979988,0
258,3.21217703819,6.87313699722,0
259,3.22355103493,6.88402581215,0
260,3.23517799377,6.89907383919,0
261,3.24686217308,6.90343284607,3
262,3.25865602493,6.92100000381,3
263,3.2709031105,6.9331278801,3
264,3.28356695175,6.94352388382,3
265,3.29625797272,6.96162700653,3
266,3.30832695961,6.96494889259,3
267,3.32092905045,6.98144984245,3
268,3.33379817009,6.99022078514,3
269,3.34552812576,7.00242185593,3
270,3.35751700401,7.0152130127,3
271,3.36929106712,7.02620387077,3
272,3.38387012482,7.04213881493,3
273,3.39812612534,7.05789899826,3
274,3.41070699692,7.06955194473,3
275,3.4222741127,7.08256387711,3
276,3.43462705612,7.09590578079,3
277,3.44632816315,7.11133694649,3
278,3.45804405212,7.11961388588,3
279,3.4695520401,7.13247084618,3
280,3.48227906227,7.14513897896,3
281,3.49926710129,7.16554284096,3
282,3.51080799103,7.17296886444,3
283,3.52224707603,7.18696784973,3
284,3.53394007683,7.19172382355,3
285,3.54690504074,7.20892000198,3
286,3.55888199806,7.21701383591,3
287,3.570510149,7.23104381561,3
288,3.58339095116,7.24626994133,3
289,3.59494495392,7.26183986664,3
290,3.60686802864,7.26377487183,3
291,3.61860704422,7.27820897102,3
292,3.63320612907,7.29767894745,3
293,3.64661812782,7.31388282776,3
294,3.6623980999,7.31949186325,3
295,3.67560005188,7.33537578583,3
296,3.68793010712,7.34512495995,3
297,3.69999504089,7.35981488228,3
298,3.712692976,7.37517499924,3
299,3.72556304932,7.3870408535,3
300,3.73857116699,7.40077996254,3
301,3.75172114372,7.41892886162,3
302,3.77025699615,7.43239593506,3
303,3.78637504578,7.44412994385,3
304,3.80377411842,7.46767187119,3
305,3.81799912453,7.49296498299,3
306,3.830037117,7.50220799446,3
307,3.84263205528,7.50718998909,3
308,3.85626506805,7.51745986938,3
309,3.87623810768,7.54323887825,3
310,3.88902997971,7.54624581337,3
311,3.90048408508,7.56093001366,3
312,3.91301202774,7.56937479973,3
313,3.92502498627,7.58319687843,3
314,3.93731117249,7.60364484787,3
315,3.94897413254,7.61037993431,3
316,3.96057915688,7.6201338768,3
317,3.97204399109,7.63297390938,3
318,3.98371100426,7.64504480362,3
319,4.0007121563,7.66509079933,3
320,4.0153670311,7.67895388603,3
321,4.02703404427,7.69018387794,1
322,4.03880906105,7.70082092285,1
323,4.05101203918,7.71553492546,1
324,4.06981801987,7.72785997391,1
325,4.08525800705,7.74526381493,1
326,4.0973341465,7.76163697243,1
327,4.10997414589,7.77465891838,1
328,4.12579703331,7.7862508297,1
329,4.13811206818,7.79513001442,1
330,4.15085506439,7.81133198738,1
331,4.16739797592,7.82438492775,1
332,4.1794731617,7.84065079689,1
333,4.19679498672,7.86408686638,1
334,4.21481108665,7.87262201309,1
335,4.22686505318,7.89135599136,1
336,4.24191498756,7.90242695808,1
337,4.25361800194,7.91459298134,1
338,4.26612997055,7.92910599709,1
339,4.28071403503,7.94372582436,1
340,4.29314517975,7.95267486572,1
341,4.30550503731,7.96275997162,1
342,4.31739211082,7.98427700996,1
343,4.3317220211,7.99266386032,1
344,4.34324216843,8.00024390221,1
345,4.35545301437,8.01650094986,1
346,4.36732506752,8.02412295341,1
347,4.38587617874,8.04790997505,1
348,4.39844202995,8.05544185638,1
349,4.41009116173,8.06814599037,1
350,4.42550706863,8.08320999146,1
351,4.43781399727,8.09604382515,1
352,4.45073199272,8.10929083824,1
353,4.46810317039,8.13028979301,1
354,4.48371696472,8.14626479149,1
355,4.49532914162,8.15220189095,1
356,4.50719594955,8.16413187981,1
357,4.51887512207,8.17892479897,1
358,4.53136205673,8.19534778595,1
359,4.5428841114,8.19924998283,1
360,4.55636715889,8.21818995476,1
361,4.56803607941,8.226749897,1
362,4.58426117897,8.24556493759,1
363,4.60082912445,8.25804281235,1
364,4.61700201035,8.2745988369,1
365,4.62864899635,8.28935790062,1
366,4.64015507698,8.29883599281,1
367,4.65199804306,8.31217288971,1
368,4.6669781208,8.325070858,1
369,4.67853617668,8.33957886696,1
370,4.69071602821,8.34990096092,1
371,4.70535302162,8.3647518158,2
372,4.72677206993,8.38736581802,2
373,4.73865008354,8.40183782578,2
374,4.75146007538,8.41357278824,2
375,4.76513504982,8.42553400993,2
376,4.78162717819,8.44042491913,2
377,4.79404711723,8.45407581329,2
378,4.80594110489,8.46462392807,2
379,4.81966614723,8.48464488983,2
380,4.83535408974,8.49714684486,2
381,4.84684801102,8.50712299347,2
382,4.85893917084,8.51596188545,2
383,4.87065696716,8.52964997292,2
384,4.88493514061,8.54426288605,2
385,4.89714217186,8.55328297615,2
386,4.90957999229,8.56785082817,2
387,4.92117905617,8.58075499535,2
388,4.93326997757,8.59231495857,2
389,4.94485902786,8.60841488838,2
390,4.95785999298,8.61834788322,2
391,4.97161602974,8.63041687012,2
392,4.9841401577,8.65169596672,2
393,5.00064206123,8.66224193573,2
394,5.01534509659,8.67426800728,2
395,5.03026914597,8.69462394714,2
396,5.04573011398,8.70608592033,2
397,5.05777311325,8.71827983856,2
398,5.07181215286,8.73106884956,2
399,5.08343505859,8.74585795403,2
400,5.09683799744,8.76090598106,2
401,5.10845518112,8.77537679672,2
402,5.12068104744,8.78881192207,2
403,5.13531708717,8.80085492134,2
404,5.14744305611,8.8097949028,2
405,5.15925312042,8.81592297554,2
406,5.17695403099,8.83598589897,2
407,5.18911409378,8.84881496429,2
408,5.2062060833,8.88582992554,2
409,5.21820807457,8.9079477787,2
410,5.23073005676,8.91521787643,2
411,5.24253511429,8.9200668335,2
412,5.25453710556,8.93126487732,2
413,5.27555894852,8.93675088882,2
414,5.28819894791,8.94713592529,2
415,5.30321907997,8.96566081047,2
416,5.31491398811,8.97600388527,2
417,5.32709598541,8.98491597176,2
418,5.3390109539,8.99735999107,2
419,5.3507900238,9.01270389557,2
420,5.36287903786,9.02729988098,2
421,5.37440705299,9.03952479362,0
422,5.38676714897,9.04897093773,0
423,5.40091609955,9.06471180916,0
424,5.42009615898,9.0813229084,0
425,5.43170714378,9.09644889832,0
426,5.44326996803,9.0996940136,0
427,5.45493507385,9.11501288414,0
428,5.46710705757,9.12550497055,0
429,5.47878813744,9.13844799995,0
430,5.49059104919,9.15281891823,0
431,5.50645208359,9.16803479195,0
432,5.51868605614,9.1817150116,0
433,5.5301361084,9.19299888611,0
434,5.54275012016,9.2035908699,0
435,5.55542707443,9.21927881241,0
436,5.5670800209,9.22709488869,0
437,5.58267712593,9.243227005,0
438,5.59423518181,9.25247883797,0
439,5.60586309433,9.26705789566,0
440,5.61747503281,9.28181695938,0
441,5.62900614738,9.28842782974,0
442,5.64170598984,9.2992208004,0
443,5.65986394882,9.32140088081,0
444,5.67532110214,9.33160281181,0
445,5.68735599518,9.34768295288,0
446,5.70269203186,9.37044882774,0
447,5.71428418159,9.37958979607,0
448,5.72772717476,9.39621782303,0
449,5.74209713936,9.40980792046,0
450,5.75576400757,9.41865301132,0
451,5.77247405052,9.43129992485,0
452,5.78677201271,9.44682192802,0
453,5.80661511421,9.46818995476,0
454,5.81909012794,9.47991681099,0
455,5.83516216278,9.49308896065,0
456,5.84702014923,9.50628399849,0
457,5.85882616043,9.52119898796,0
458,5.87083005905,9.52893280983,0
459,5.88323807716,9.54115891457,0
460,5.89540600777,9.55810785294,0
461,5.90838003159,9.56497788429,0
462,5.92379999161,9.58159279823,0
463,5.93575310707,9.59868979454,0
464,5.95068311691,9.615046978,0
465,5.97247600555,9.6344769001,0
466,5.99162697792,9.6518099308,0
467,6.00610804558,9.66515994072,0
468,6.01888203621,9.67583584785,0
469,6.03198099136,9.69729685783,0
470,6.0497071743,9.70854878426,0
471,6.06115818024,9.72047901154,0
472,6.07597517967,9.73785996437,0
473,6.09251308441,9.75394296646,0
474,6.10673999786,9.76507782936,0
475,6.12460017204,9.78650188446,0
476,6.13679218292,9.80348300934,2
477,6.14836406708,9.80688691139,2
478,6.16305017471,9.83127880096,2
479,6.17555809021,9.83961796761,2
480,6.18865203857,9.85164690018,2
481,6.20555210114,9.87363100052,2
482,6.22040915489,9.88014292717,2
483,6.23324108124,9.89111280441,2
484,6.24691295624,9.90570092201,2
485,6.26143407822,9.92154192924,2
486,6.2733809948,9.93010497093,2
487,6.28622102737,9.94473600388,2
488,6.30144810677,9.95910978317,2
489,6.31432294846,9.97477078438,2
490,6.32936310768,9.99503087997,2
491,6.34892916679,10.0131709576,2
492,6.36100316048,10.0218698978,2
493,6.37261199951,10.0308380127,2
494,6.38421201706,10.0405337811,2
495,6.39614009857,10.060120821,2
496,6.4077911377,10.0688159466,2
497,6.42039012909,10.0811707973,2
498,6.43467998505,10.0935668945,2
499,6.45017313957,10.1085369587,2
500,6.46193313599,10.1274838448,2
501,6.47802114487,10.1352407932,2
502,6.49129700661,10.1488089561,2
503,6.50301599503,10.1671619415,2
504,6.51589298248,10.1730158329,2
505,6.52945208549,10.1934018135,2
506,6.54284310341,10.2062838078,2
507,6.56795215607,10.2352588177,2
508,6.58538508415,10.2431077957,2
509,6.60012316704,10.2569658756,2
510,6.61162495613,10.2689979076,2
511,6.62382316589,10.2823739052,2
512,6.63549208641,10.2937719822,2
513,6.64745211601,10.3054428101,2
514,6.66011810303,10.3253409863,2
515,6.67296504974,10.3297219276,2
516,6.68745017052,10.3522307873,2
517,6.70078015327,10.3579897881,2
518,6.71683096886,10.3774759769,2
519,6.73108506203,10.3917059898,2
520,6.74927616119,10.4059798717,2
521,6.76110506058,10.4217648506,2
522,6.77346014977,10.4324128628,2
523,6.78845000267,10.4478619099,2
524,6.80191898346,10.4585649967,2
525,6.81355214119,10.4705178738,2
526,6.82577896118,10.487610817,2
527,6.8422369957,10.5021967888,2
528,6.85373997688,10.5117638111,2
529,6.87029409409,10.5338778496,0
530,6.8831319809,10.5415768623,0
531,6.89467096329,10.550868988,0
532,6.9068980217,10.5658547878,0
533,6.91839694977,10.5855088234,0
534,6.93009114265,10.5874660015,0
535,6.94290995598,10.6047639847,0
536,6.95556402206,10.6141028404,0
537,6.96716809273,10.6283648014,0
538,6.98299098015,10.6417429447,0
539,6.9980840683,10.661552906,0
540,7.01032304764,10.6684818268,0
541,7.02412104607,10.6819169521,0
542,7.03628396988,10.6943449974,0
543,7.04864001274,10.7100718021,0
544,7.06079316139,10.7230439186,0
545,7.07255911827,10.73533988,0
546,7.09195208549,10.7513430119,0
547,7.1066570282,10.7670049667,0
548,7.11917710304,10.7808499336,0
549,7.13068795204,10.7940378189,0
550,7.14270710945,10.8031928539,0
551,7.15427708626,10.8123579025,0
552,7.16641306877,10.8258728981,0
553,7.17796516418,10.8387999535,0
554,7.19436001778,10.8574337959,0
555,7.20771813393,10.865405798,0
556,7.21956706047,10.8808379173,0
557,7.23654103279,10.8972628117,0
558,7.24838805199,10.909722805,0
559,7.26018214226,10.9214818478,0
560,7.27163100243,10.9288768768,0
561,7.28313207626,10.9395020008,0
562,7.29475212097,10.9522027969,0
563,7.30801296234,10.9674189091,0
564,7.32160902023,10.9865138531,0
565,7.33585309982,11.0105769634,0
566,7.34902310371,11.0222599506,0
567,7.361109972,11.0327198505,0
568,7.37282109261,11.0350317955,0
569,7.38447403908,11.0458688736,0
570,7.39701604843,11.0578939915,0
571,7.40965199471,11.0661759377,0
572,7.42289805412,11.0851838589,0
573,7.43532514572,11.1032559872,0
574,7.46118402481,11.1248857975,0
575,7.47493004799,11.1316578388,0
576,7.4914700985,11.1585469246,0
577,7.51211094856,11.1731619835,0
578,7.52437996864,11.1841478348,0
579,7.53610110283,11.203922987,0
580,7.55015206337,11.2071177959,0
581,7.56301808357,11.2212979794,0
582,7.57508301735,11.2375509739,0
583,7.58914113045,11.249879837,0
584,7.60278916359,11.2681088448,0
585,7.61476802826,11.2786488533,0
586,7.62871217728,11.2881658077,0
587,7.64025115967,11.3024959564,0
588,7.65636897087,11.3191349506,2
589,7.66824507713,11.3240997791,2
590,7.68101596832,11.3435018063,2
591,7.69250798225,11.3622438908,2
592,7.70749998093,11.3883647919,2
593,7.73971199989,11.4040358067,2
594,7.75149011612,11.4208989143,2
595,7.76535701752,11.4289548397,2
596,7.77719497681,11.4331889153,2
597,7.78872299194,11.4490158558,2
598,7.80636715889,11.4660098553,2
599,7.82138514519,11.480052948,2
600,7.83357906342,11.49690485,2
601,7.84686398506,11.5074059963,2
602,7.8586730957,11.5219829082,2
603,7.87037611008,11.5321428776,2
604,7.88222908974,11.5446298122,2
605,7.89393615723,11.5555210114,2
606,7.90629005432,11.5644328594,2
607,7.92461299896,11.5881848335,2
608,7.94199895859,11.6004619598,2
609,7.95409703255,11.6162018776,2
610,7.9663040638,11.6238369942,2
611,7.98316907883,11.6431210041,2
612,7.99607014656,11.6602749825,2
613,8.01255011559,11.6727797985,2
614,8.02618813515,11.6855609417,2
615,8.03940200806,11.6980588436,2
616,8.05283117294,11.7138049603,2
617,8.06851410866,11.7282278538,2
618,8.08211016655,11.7429349422,2
619,8.09582304955,11.755548954,2
620,8.10756516457,11.7683320045,2
621,8.12621617317,11.7900159359,2
622,8.14122915268,11.8032078743,2
623,8.16026997566,11.8191828728,2
624,8.17217302322,11.8315498829,2
625,8.18580198288,11.8449239731,2
626,8.20375299454,11.8633639812,2
627,8.21644496918,11.8780968189,2
628,8.23120307922,11.8902277946,2
629,8.24285697937,11.9030618668,2
630,8.25630402565,11.9203557968,2
631,8.26782202721,11.9281589985,2
632,8.28584694862,11.9446289539,2
633,8.30203413963,11.9650018215,2
634,8.31794905663,11.9771587849,2
635,8.3337430954,12.0001678467,2
636,8.3458070755,12.0043079853,2
637,8.35818505287,12.0144917965,2
638,8.37231612206,12.0302097797,2
639,8.38397502899,12.0452458858,2
640,8.40388298035,12.0644299984,2
641,8.4195690155,12.0823049545,2
642,8.43665504456,12.1004137993,2
643,8.44818401337,12.1140937805,2
644,8.46054816246,12.1210548878,2
645,8.47324109077,12.1362278461,2
646,8.48583507538,12.1433777809,2
647,8.49739098549,12.1588978767,0
648,8.51046609879,12.1700618267,0
649,8.52595496178,12.1879107952,0
650,8.53809213638,12.1964578629,0
651,8.54966616631,12.2095448971,0
652,8.56608510017,12.2269179821,0
653,8.57882118225,12.2400989532,0
654,8.59352302551,12.2506349087,0
655,8.60635018349,12.2661659718,0
656,8.61790394783,12.2786669731,0
657,8.63271713257,12.2943618298,0
658,8.6444671154,12.3032009602,0
659,8.65621304512,12.3209879398,0
660,8.66821098328,12.3323497772,0
661,8.68004512787,12.339332819,0
662,8.69280600548,12.3546049595,0
663,8.70566010475,12.3646349907,0
664,8.71784710884,12.3792278767,0
665,8.73214912415,12.3962278366,0
666,8.74436116219,12.4006898403,0
667,8.75613117218,12.4198129177,0
668,8.76784706116,12.4284877777,0
669,8.78484916687,12.4438288212,0
670,8.79645395279,12.4599409103,0
671,8.8079431057,12.4679069519,0
672,8.82129907608,12.4828159809,0
673,8.84134101868,12.5040090084,0
674,8.85330295563,12.5158879757,0
675,8.86825108528,12.5293478966,0
676,8.88266611099,12.5427308083,0
677,8.89425301552,12.552809,0
678,8.90926408768,12.5681200027,0
679,8.92180109024,12.5813407898,0
680,8.93631505966,12.5975689888,0
681,8.95341014862,12.6129288673,0
682,8.96722412109,12.6362609863,0
683,8.9904961586,12.6552538872,0
684,9.00703406334,12.6692109108,0
685,9.01939296722,12.6800639629,0
686,9.03680109978,12.6951858997,0
687,9.04975795746,12.7087798119,0
688,9.06575298309,12.723418951,0
689,9.07725715637,12.7388288975,0
690,9.08916211128,12.7476480007,0
691,9.10856103897,12.766245842,0
692,9.1203379631,12.7787549496,0
693,9.13534116745,12.7953438759,0
694,9.15495204926,12.8137009144,0
695,9.16710495949,12.8297438622,0
696,9.1791601181,12.846408844,0
697,9.19614100456,12.8545908928,0
698,9.20776295662,12.8666398525,3
699,9.22347998619,12.8830289841,3
700,9.23597407341,12.8951978683,3
701,9.24751496315,12.905949831,3
702,9.26015400887,12.9185619354,3
703,9.27670502663,12.9404308796,3
704,9.28825712204,12.9444749355,3
705,9.30007815361,12.9587869644,3
706,9.31923794746,12.9781069756,3
707,9.33303499222,12.9941020012,3
708,9.34497594833,13.0058598518,3
709,9.35751104355,13.0196127892,3
710,9.36923694611,13.0265519619,3
711,9.38075900078,13.0429179668,3
712,9.39306402206,13.0507948399,3
713,9.4046959877,13.0631058216,3
714,9.41644310951,13.0802788734,3
715,9.42789101601,13.085739851,3
716,9.43943595886,13.0994198322,3
717,9.45114302635,13.1110248566,3
718,9.46721410751,13.1284480095,3
719,9.47953510284,13.1363379955,3
720,9.49116516113,13.1478428841,3
721,9.50612401962,13.1686389446,3
722,9.5189640522,13.178855896,3
723,9.53056502342,13.1880629063,3
724,9.54419898987,13.2079029083,3
725,9.56027412415,13.2221279144,3
726,9.5741481781,13.2369449139,3
727,9.58609700203,13.2465999126,3
728,9.59754896164,13.2548508644,3
729,9.61157798767,13.2728538513,3
730,9.62620806694,13.2848718166,3
731,9.63774800301,13.2981979847,3
732,9.65018701553,13.3137660027,3
733,9.6644961834,13.3241448402,3
734,9.67694616318,13.3367168903,3
735,9.68878698349,13.3466928005,3
736,9.7042889595,13.366232872,3
737,9.7183880806,13.3832309246,3
738,9.73043704033,13.3882539272,3
739,9.74381303787,13.4005718231,3
740,9.75554704666,13.411400795,3
741,9.76782608032,13.4275407791,3
742,9.78257203102,13.4426248074,3
743,9.79431796074,13.4526298046,3
744,9.80711817741,13.4651978016,3
745,9.8198120594,13.4800758362,3
746,9.83298611641,13.4890799522,3
747,9.8449921608,13.50948596,3
748,9.85956311226,13.5210568905,3
749,9.87677598,13.5396649837,3
750,9.89154601097,13.5523729324,3
751,9.9033510685,13.5620408058,3
752,9.91474699974,13.5763499737,3
753,9.9274020195,13.5903367996,3
754,9.94805407524,13.6069598198,3
755,9.96390509605,13.6229479313,3
756,9.97542595863,13.6435809135,1
757,9.9893181324,13.6537268162,1
758,10.0009820461,13.6642258167,1
759,10.0193531513,13.6770009995,1
760,10.0350601673,13.6933259964,1
761,10.050399065,13.7077708244,1
762,10.0623061657,13.7225170135,1
763,10.0759110451,13.7417349815,1
764,10.0908119678,13.7552089691,1
765,10.102987051,13.7660629749,1
766,10.1172840595,13.775277853,1
767,10.1289789677,13.7883439064,1
768,10.1404061317,13.8030028343,1
769,10.1518800259,13.8116588593,1
770,10.1652610302,13.8298738003,1
771,10.1814181805,13.8420758247,1
772,10.1935060024,13.8528180122,1
773,10.2051320076,13.8688669205,1
774,10.2169771194,13.8805029392,1
775,10.2383141518,13.9006400108,1
776,10.2505090237,13.9112298489,1
777,10.2642431259,13.9312338829,1
778,10.2764201164,13.9452109337,1
779,10.2915670872,13.9574458599,1
780,10.3060200214,13.9644958973,1
781,10.3177471161,13.9789040089,1
782,10.3293020725,13.9882879257,1
783,10.3416891098,14.0007479191,1
784,10.3544011116,14.0140359402,1
785,10.3676509857,14.0258629322,1
786,10.3820831776,14.0436878204,1
787,10.3937301636,14.0525228977,1
788,10.4057691097,14.0702269077,1
789,10.4174160957,14.0738799572,1
790,10.4295191765,14.0894918442,1
791,10.4429531097,14.1024589539,1
792,10.4571969509,14.1197059155,1
793,10.468681097,14.1337049007,1
794,10.4802219868,14.1406798363,1
795,10.4917600155,14.1548957825,1
796,10.5036220551,14.1641278267,1
797,10.5169131756,14.1773619652,1
798,10.5298299789,14.1889178753,1
799,10.544396162,14.2041618824,1
800,10.5564210415,14.2176659107,1
801,10.5688951015,14.2331860065,1
802,10.5823299885,14.2425608635,1
803,10.5946831703,14.257835865,1
804,10.6064300537,14.2702059746,1
805,10.6198761463,14.2850048542,1
806,10.6415281296,14.2995460033,1
807,10.6535551548,14.3127639294,1
808,10.6658251286,14.3257498741,2
809,10.6784451008,14.3403439522,2
810,10.6910660267,14.352907896,2
811,10.7027380466,14.3679208755,2
812,10.7174949646,14.3761718273,2
813,10.7290050983,14.3926708698,2
814,10.7408730984,14.4006478786,2
815,10.7523269653,14.4134860039,2
816,10.7668821812,14.4255919456,2
817,10.7784650326,14.4384188652,2
818,10.7911009789,14.4513049126,2
819,10.8064570427,14.4671468735,2
820,10.8184399605,14.4793288708,2
821,10.8307540417,14.4941527843,2
822,10.8422501087,14.5027558804,2
823,10.8540699482,14.5268998146,2
824,10.8767170906,14.5379188061,2
825,10.8902611732,14.5520529747,2
826,10.9058690071,14.5636568069,2
827,10.9205691814,14.5834329128,2
828,10.9332890511,14.5972738266,2
829,10.944890976,14.6060838699,2
830,10.9583311081,14.6179838181,2
831,10.9699730873,14.6313438416,2
832,10.9822251797,14.6390709877,2
833,10.9939181805,14.6554098129,2
834,11.0054371357,14.6710219383,2
835,11.019258976,14.6759409904,2
836,11.0344049931,14.6960909367,2
837,11.0482070446,14.7111477852,2
838,11.0602991581,14.7251908779,2
839,11.0728340149,14.7369887829,2
840,11.0847389698,14.7439529896,2
841,11.0962290764,14.7640099525,2
842,11.107776165,14.7663350105,2
843,11.1206531525,14.7796759605,2
844,11.140846014,14.7978839874,2
845,11.1522231102,14.8191998005,2
846,11.1667981148,14.8312458992,2
847,11.1786081791,14.8425228596,2
848,11.191696167,14.8539857864,2
849,11.206261158,14.8681168556,2
850,11.2182400227,14.8775298595,2
851,11.2351410389,14.8971328735,2
852,11.2469739914,14.908949852,2
853,11.2664210796,14.9251558781,2
854,11.2805831432,14.938959837,2
855,11.293639183,14.9531159401,2
856,11.3064939976,14.9696907997,2
857,11.3179750443,14.9779138565,2
858,11.3295900822,14.9918859005,2
859,11.3420901299,14.9979028702,2
860,11.3548669815,15.1947128773,2
861,11.3683359623,15.2000608444,2
862,11.3799631596,15.2070839405,2
863,11.3932571411,15.2320330143,0
864,11.4050199986,15.2366349697,0
865,11.4233059883,15.2447178364,0
866,11.4348270893,15.2568218708,0
867,11.4533281326,15.2653207779,0
868,11.4650690556,15.2783379555,0
869,11.4767370224,15.2816309929,0
870,11.4911091328,15.285877943,0
871,11.5097870827,15.295883894,0
872,11.5240490437,15.3048667908,0
873,11.538588047,15.3086948395,0
874,11.550868988,15.3169608116,0
875,11.5641651154,15.3233189583,0
876,11.5756120682,15.3480467796,0
877,11.593132019,15.3609468937,0
878,11.6063699722,15.3664329052,0
879,11.6200909615,15.3714089394,0
880,11.6358220577,15.3807938099,0
881,11.6479010582,15.3857178688,0
882,11.6596879959,15.3951478004,0
883,11.6751101017,15.4061019421,0
884,11.6869790554,15.4191608429,0
885,11.7011511326,15.4255599976,0
886,11.7158939838,15.4404988289,0
887,11.7278411388,15.4418590069,0
888,11.744410038,15.4648318291,0
889,11.7592830658,15.4692938328,0
890,11.7726790905,15.4791719913,0
891,11.7860150337,15.5004079342,0
892,11.8024849892,15.5068359375,0
893,11.8139600754,15.5168528557,0
894,11.8278570175,15.5297288895,0
895,11.8404359818,15.5338997841,0
896,11.8523190022,15.5387918949,0
897,11.8639321327,15.5438549519,0
898,11.8830780983,15.5601840019,0
899,11.8949391842,15.5724029541,0
900,11.9100430012,15.5835340023,0
901,11.9256379604,15.5977609158,0
902,11.9393970966,15.6117739677,0
903,11.9510200024,15.6269049644,0
904,11.9648871422,15.652354002,0
905,11.98031497,15.6704878807,0
906,11.9927790165,15.6718728542,0
907,12.0051651001,15.6870348454,0
908,12.017824173,15.7022008896,0
909,12.030821085,15.7087259293,0
910,12.0440821648,15.7167499065,0
911,12.056522131,15.7314469814,0
912,12.0681700706,15.7394278049,0
913,12.0816321373,15.7454319,0
914,12.0931351185,15.762668848,0
915,12.105036974,15.768280983,0
916,12.1171531677,15.7804009914,0
917,12.128631115,15.7948439121,0
918,12.1433889866,15.8042109013,0
919,12.1557071209,15.8169538975,2
920,12.1706671715,15.829559803,2
921,12.1824691296,15.8438048363,2
922,12.1953339577,15.8522458076,2
923,12.2097401619,15.8663058281,2
924,12.2214701176,15.8822319508,2
925,12.2330369949,15.894659996,2
926,12.2444679737,15.9014968872,2
927,12.2570950985,15.9142069817,2
928,12.2700331211,15.9340219498,2
929,12.2816710472,15.9431250095,2
930,12.2932741642,15.949865818,2
931,12.3049199581,15.9657437801,2
932,12.3167681694,15.9817619324,2
933,12.3287169933,15.987765789,2
934,12.340569973,15.9998998642,2
935,12.3558590412,16.0213899612,2
936,12.3774139881,16.0379829407,2
937,12.3917109966,16.0496618748,2
938,12.404088974,16.0620448589,2
939,12.4159231186,16.0747139454,2
940,12.4286160469,16.0886008739,2
941,12.4400441647,16.0995128155,2
942,12.4515061378,16.1115078926,2
943,12.4664039612,16.1241209507,2
944,12.478621006,16.1395468712,2
945,12.4903080463,16.1490988731,2
946,12.5029611588,16.160823822,2
947,12.5190680027,16.1779298782,2
948,12.5315971375,16.1994140148,2
949,12.5496890545,16.2089898586,2
950,12.5637559891,16.2258789539,2
951,12.5760831833,16.2365138531,2
952,12.5932071209,16.251860857,2
953,12.6058821678,16.2622628212,2
954,12.6192619801,16.2804658413,2
955,12.6331930161,16.2974019051,2
956,12.648868084,16.3043358326,2
957,12.6609210968,16.3175778389,2
958,12.6734759808,16.3361258507,2
959,12.6858751774,16.3469078541,2
960,12.6983530521,16.3614318371,2
961,12.7103149891,16.3684978485,2
962,12.7240250111,16.3846969604,2
963,12.7383871078,16.3947319984,2
964,12.7540681362,16.4131259918,2
965,12.7658581734,16.4219739437,2
966,12.7776181698,16.4452869892,2
967,12.7913501263,16.4502878189,2
968,12.8035161495,16.4703447819,2
969,12.8211410046,16.4853718281,2
970,12.8373000622,16.4936068058,2
971,12.8513860703,16.5136239529,2
972,12.8659479618,16.5293738842,2
973,12.878015995,16.5400488377,2
974,12.8900630474,16.5534908772,0
975,12.9034261703,16.5654308796,0
976,12.9166741371,16.5804598331,0
977,12.9282801151,16.5889048576,0
978,12.9413249493,16.6020460129,0
979,12.9531991482,16.6127748489,0
980,12.9651780128,16.6286258698,0
981,12.9775841236,16.6426839828,0
982,12.9898149967,16.6553008556,0
983,13.0017681122,16.6583788395,0
984,13.0204100609,16.6887209415,0
985,13.0417439938,16.7026720047,0
986,13.055891037,16.7203249931,0
987,13.0676121712,16.7317898273,0
988,13.0795331001,16.7393379211,0
989,13.0913701057,16.7500598431,0
990,13.1042239666,16.7628369331,0
991,13.1160459518,16.7732689381,0
992,13.1284401417,16.789085865,0
993,13.1403501034,16.8035569191,0
994,13.1547570229,16.8147318363,0
995,13.1675000191,16.8265450001,0
996,13.186686039,16.8500959873,0
997,13.1987690926,16.8626430035,0
998,13.2108280659,16.8838248253,0
999,13.2335419655,16.8930499554,0
1000,13.2457079887,16.9036328793,0
1001,13.2600131035,16.9205257893,0
1002,13.2718501091,16.9345929623,0
1003,13.2888460159,16.9493968487,0
1004,13.3009951115,16.9592158794,0
1005,13.3168890476,16.9783649445,0
1006,13.3285679817,16.9862599373,0
1007,13.3405239582,17.0008568764,0
1008,13.3523571491,17.019605875,0
1009,13.3640799522,17.0306358337,0
1010,13.3766679764,17.0370059013,0
1011,13.3890690804,17.0526878834,0
1012,13.4036970139,17.0625088215,0
1013,13.4161829948,17.0764079094,0
1014,13.429322958,17.0960099697,0
1015,13.4439971447,17.106938839,0
1016,13.4598810673,17.1184198856,0
1017,13.4773621559,17.1408720016,0
1018,13.4894151688,17.1539158821,0
1019,13.5040700436,17.1671879292,0
1020,13.5175700188,17.1797628403,0
1021,13.52998209,17.1866619587,0
1022,13.5448961258,17.2007708549,0
1023,13.5567109585,17.2206039429,0
1024,13.5707640648,17.2292759418,0
1025,13.5825681686,17.2478938103,0
1026,13.6039090157,17.2620959282,0
1027,13.6159410477,17.2773189545,0
1028,13.6296811104,17.2896528244,0
1029,13.6433730125,17.3024258614,0
1030,13.6553840637,17.3137648106,0
1031,13.671090126,17.3315548897,0
1032,13.6864211559,17.3536508083,0
1033,13.698018074,17.3617618084,2
1034,13.7096431255,17.3763239384,2
1035,13.7238099575,17.3850018978,2
1036,13.7433130741,17.4049499035,2
1037,13.755810976,17.4205949306,2
1038,13.7715251446,17.4368050098,2
1039,13.7831070423,17.4412529469,2
1040,13.7947750092,17.4556908607,2
1041,13.8091330528,17.4674139023,2
1042,13.8210589886,17.4814589024,2
1043,13.8359310627,17.4959919453,2
1044,13.8478410244,17.5151088238,2
1045,13.868407011,17.5265109539,2
1046,13.8797931671,17.5424039364,2
1047,13.891283989,17.5522098541,2
1048,13.905725956,17.5688807964,2
1049,13.918792963,17.5762829781,2
1050,13.9304389954,17.5879387856,2
1051,13.9443099499,17.6036038399,2
1052,13.9563450813,17.6153738499,2
1053,13.9765369892,17.6396808624,2
1054,13.9908189774,17.6537759304,2
1055,14.0026180744,17.6620588303,2
1056,14.0199511051,17.6785719395,2
1057,14.0363061428,17.6960058212,2
1058,14.0514690876,17.7108209133,2
1059,14.063270092,17.7228147984,2
1060,14.0762021542,17.7410609722,2
1061,14.0881040096,17.7501289845,2
1062,14.0996980667,17.7604568005,2
1063,14.1123151779,17.7723209858,2
1064,14.1244990826,17.7834279537,2
1065,14.1360220909,17.80286479,2
1066,14.1519210339,17.8114109039,2
1067,14.1688740253,17.8287270069,2
1068,14.1821711063,17.8429977894,2
1069,14.1947860718,17.856055975,2
1070,14.2101130486,17.8711647987,2
1071,14.2255570889,17.8850758076,2
1072,14.237694025,17.8972458839,2
1073,14.2511711121,17.9136588573,2
1074,14.2627949715,17.921697855,2
1075,14.2768211365,17.9369847775,2
1076,14.2909600735,17.948818922,2
1077,14.3028049469,17.962168932,2
1078,14.3164541721,17.9753758907,2
1079,14.3279521465,17.9872047901,2
1080,14.3471720219,18.0062940121,2
1081,14.3605229855,18.0197119713,2
1082,14.3728711605,18.0342669487,2
1083,14.384458065,18.0467529297,0
1084,14.3962361813,18.0572528839,0
1085,14.4094071388,18.0687479973,0
1086,14.4261131287,18.0852189064,0
1087,14.4380891323,18.1022508144,0
1088,14.4502799511,18.1108129025,0
1089,14.4619171619,18.1203768253,0
1090,14.4768750668,18.1346168518,0
1091,14.4889769554,18.1474509239,0
1092,14.5029430389,18.1647279263,0
1093,14.5173940659,18.1770567894,0
1094,14.5339980125,18.1938459873,0
1095,14.5455720425,18.2059369087,0
1096,14.5607671738,18.2251110077,0
1097,14.57574296,18.2342569828,0
1098,14.5906500816,18.2559239864,0
1099,14.6023051739,18.2693269253,0
1100,14.624145031,18.2902479172,0
1101,14.6367921829,18.292760849,0
1102,14.6485249996,18.3126878738,0
1103,14.6709289551,18.3287608624,0
1104,14.6829550266,18.340326786,0
1105,14.6945040226,18.3551008701,0
1106,14.7103490829,18.3797619343,0
1107,14.727478981,18.3930709362,0
1108,14.7440769672,18.4044349194,0
1109,14.7559251785,18.4230189323,0
1110,14.7729401588,18.4423248768,0
1111,14.7863609791,18.4531879425,0
1112,14.7984781265,18.4616289139,0
1113,14.8110461235,18.4736700058,0
1114,14.8257291317,18.4865889549,0
1115,14.8373270035,18.4957118034,0
1116,14.8547241688,18.5149579048,0
1117,14.8706560135,18.5319418907,0
1118,14.8827300072,18.5470538139,0
1119,14.8944470882,18.5556228161,0
1120,14.9109220505,18.569729805,0
1121,14.9283349514,18.5898559093,0
1122,14.9446320534,18.6062397957,0
1123,14.9579410553,18.615623951,0
1124,14.9697401524,18.6289179325,0
1125,14.9816081524,18.6400067806,0
1126,14.9947190285,18.6529529095,0
1127,15.0067870617,18.666779995,0
1128,15.0204739571,18.6823558807,0
1129,15.0332319736,18.6935019493,0
1130,15.0452680588,18.7068347931,0
1131,15.0584950447,18.7164988518,0
1132,15.0718619823,18.7336258888,0
1133,15.0917291641,18.7538127899,0
1134,15.1077711582,18.7714128494,0
1135,15.1219100952,18.7779319286,0
1136,15.1341791153,18.7937459946,0
1137,15.1476349831,18.8121449947,0
1138,15.1623220444,18.8190279007,0
1139,15.1764349937,18.8380019665,0
1140,15.1905090809,18.8602869511,3
1141,15.2040500641,18.8681759834,3
1142,15.2220680714,18.8812999725,3
1143,15.2352361679,18.8949098587,3
1144,15.2537500858,18.9121849537,3
1145,15.2655580044,18.9240698814,3
1146,15.2778520584,18.9435780048,3
1147,15.2909560204,18.947373867,3
1148,15.302587986,18.9600977898,3
1149,15.3165020943,18.9793989658,3
1150,15.3287711143,18.9894518852,3
1151,15.3452720642,19.0038108826,3
1152,15.3592159748,19.0196509361,3
1153,15.3714330196,19.0316839218,3
1154,15.3837511539,19.0537488461,3
1155,15.3960659504,19.0569918156,3
1156,15.410531044,19.0712039471,3
1157,15.426347971,19.084471941,3
1158,15.4416379929,19.1052708626,3
1159,15.4548890591,19.1142129898,3
1160,15.4693830013,19.1295669079,3
1161,15.4829640388,19.146873951,3
1162,15.4950799942,19.156129837,3
1163,15.5084190369,19.1689708233,3
1164,15.5208280087,19.1855618954,3
1165,15.5345780849,19.198969841,3
1166,15.5545151234,19.2131209373,3
1167,15.5669851303,19.2261250019,3
1168,15.5787930489,19.2381668091,3
1169,15.5903410912,19.2568469048,3
1170,15.6116061211,19.2730019093,3
1171,15.6258990765,19.2851989269,3
1172,15.640859127,19.3005349636,3
1173,15.6537041664,19.3140778542,3
1174,15.6659309864,19.325979948,3
1175,15.6774330139,19.3373348713,3
1176,15.689191103,19.3484678268,3
1177,15.7023639679,19.3623437881,3
1178,15.7159199715,19.3781719208,3
1179,15.7290301323,19.3978037834,3
1180,15.7417910099,19.4041068554,3
1181,15.7533500195,19.4111299515,3
1182,15.7650771141,19.4289419651,3
1183,15.7768640518,19.446064949,3
1184,15.7950220108,19.4577598572,3
1185,15.8151819706,19.4757018089,3
1186,15.8276610374,19.487790823,3
1187,15.839892149,19.4994359016,3
1188,15.8514039516,19.5136408806,3
1189,15.8644330502,19.5233778954,3
1190,15.87601614,19.5376110077,3
1191,15.8881430626,19.5522689819,3
1192,15.90666008,19.5706830025,3
1193,15.9253280163,19.5846099854,3
1194,15.9371621609,19.5968539715,3
1195,15.9507610798,19.6100428104,3
1196,15.9635951519,19.6206078529,3
1197,15.9757180214,19.6341049671,3
1198,15.9872961044,19.6486999989,1
1199,15.9987499714,19.657325983,1
1200,16.0110421181,19.6738758087,1
1201,16.0259661674,19.6850008965,1
1202,16.0375189781,19.6982369423,1
1203,16.0579571724,19.7151257992,1
1204,16.0713591576,19.7334029675,1
1205,16.0835251808,19.7492318153,1
1206,16.0995380878,19.7580268383,1
1207,16.1129751205,19.7780489922,1
1208,16.1312401295,19.7925829887,1
1209,16.1438281536,19.8153758049,1
1210,16.1627621651,19.8245289326,1
1211,16.176306963,19.8384258747,1
1212,16.1905181408,19.8507118225,1
1213,16.2031440735,19.8638818264,1
1214,16.2162220478,19.8786118031,1
1215,16.2313120365,19.8904008865,1
1216,16.2447531223,19.9031097889,1
1217,16.2588210106,19.9182498455,1
1218,16.2705321312,19.9290168285,1
1219,16.2861659527,19.9445319176,1
1220,16.2978131771,19.958591938,1
1221,16.3107481003,19.970733881,1
1222,16.3277959824,19.9892439842,1
1223,16.3461370468,20.0085449219,1
1224,16.361191988,20.0201599598,1
1225,16.3727960587,20.0375459194,1
1226,16.3846170902,20.0413339138,1
1227,16.4035379887,20.0624659061,1
1228,16.4159879684,20.0747568607,1
1229,16.4274110794,20.0939588547,1
1230,16.4495689869,20.1092338562,1
1231,16.4611980915,20.1268849373,1
1232,16.4730901718,20.1334028244,1
1233,16.4860551357,20.1504638195,1
1234,16.5002131462,20.1633908749,1
1235,16.5120100975,20.1762738228,1
1236,16.5244159698,20.1889839172,1
1237,16.5367250443,20.2009298801,1
1238,16.5499479771,20.208357811,1
1239,16.5622601509,20.2243299484,1
1240,16.5742180347,20.2330448627,1
1241,16.5867660046,20.2453258038,1
1242,16.6005020142,20.2629389763,1
1243,16.618568182,20.2786509991,1
1244,16.6320359707,20.293859005,1
1245,16.6449439526,20.3071479797,1
1246,16.6574931145,20.3158018589,1
1247,16.6691119671,20.3295509815,1
1248,16.6807041168,20.3419690132,1
1249,16.6934971809,20.3561987877,1
1250,16.7051510811,20.3750858307,1
1251,16.7174501419,20.3820347786,1
1252,16.7291090488,20.3945598602,1
1253,16.7406430244,20.4045529366,1
1254,16.7551560402,20.4144349098,2
1255,16.7670609951,20.4303209782,2
1256,16.783962965,20.4492738247,2
1257,16.8008060455,20.4607927799,2
1258,16.8124530315,20.4733698368,2
1259,16.8329541683,20.4941120148,2
1260,16.8444850445,20.5040259361,2
1261,16.8560490608,20.5142929554,2
1262,16.8760540485,20.5344879627,2
1263,16.891272068,20.5499198437,2
1264,16.9069471359,20.56772089,2
1265,16.9269430637,20.5860979557,2
1266,16.9384491444,20.5990619659,2
1267,16.9515781403,20.6145877838,2
1268,16.9657461643,20.6240079403,2
1269,16.9775869846,20.6363267899,2
1270,16.9913201332,20.6547408104,2
1271,17.0045089722,20.6655650139,2
1272,17.0161299706,20.6807649136,2
1273,17.0287590027,20.6934869289,2
1274,17.0425281525,20.7009329796,2
1275,17.0575711727,20.7200798988,2
1276,17.0714690685,20.7298448086,2
1277,17.086577177,20.7430889606,2
1278,17.1002590656,20.764829874,2
1279,17.1159119606,20.777463913,2
1280,17.1304500103,20.7878718376,2
1281,17.1433601379,20.8081569672,2
1282,17.1588859558,20.8229899406,2
1283,17.1704161167,20.8340749741,2
1284,17.1841781139,20.8419659138,2
1285,17.196130991,20.8568649292,2
1286,17.2075731754,20.8659207821,2
1287,17.2205719948,20.9009418488,2
1288,17.2336530685,20.9066598415,2
1289,17.2452139854,20.9210999012,2
1290,17.2601850033,20.9322187901,2
1291,17.274007082,20.9390118122,2
1292,17.2872991562,20.9506249428,2
1293,17.2987699509,20.9642908573,2
1294,17.3106100559,20.9700658321,2
1295,17.3228490353,20.9821829796,2
1296,17.3368330002,20.9956128597,2
1297,17.3511791229,21.0134818554,2
1298,17.3669190407,21.0269019604,2
1299,17.3787281513,21.0382897854,2
1300,17.3929419518,21.0569548607,2
1301,17.4082150459,21.0691878796,2
1302,17.4201080799,21.0843398571,2
1303,17.4345581532,21.0933248997,2
1304,17.4474291801,21.1076128483,2
1305,17.461327076,21.120579958,2
1306,17.4747810364,21.1312007904,2
1307,17.4891901016,21.1482198238,2
1308,17.5061230659,21.1654188633,2
1309,17.517742157,21.1800768375,2
1310,17.5349581242,21.1939129829,2
1311,17.5529820919,21.2155439854,2
1312,17.5651831627,21.2276058197,2
1313,17.5781719685,21.2410287857,2
1314,17.5910830498,21.2569608688,0
1315,17.6039190292,21.2681119442,0
1316,17.617784977,21.277192831,0
1317,17.6360080242,21.295650959,0
1318,17.647892952,21.308604002,0
1319,17.6619861126,21.3201220036,0
1320,17.6752340794,21.3334448338,0
1321,17.6871490479,21.359607935,0
1322,17.7107579708,21.382668972,0
1323,17.7253320217,21.3972008228,0
1324,17.7400801182,21.3997659683,0
1325,17.7516350746,21.4130139351,0
1326,17.7634961605,21.4246850014,0
1327,17.7756750584,21.4359369278,0
1328,17.789206028,21.4527699947,0
1329,17.8036601543,21.4624228477,0
1330,17.8168520927,21.4802467823,0
1331,17.8352720737,21.4967420101,0
1332,17.8468821049,21.5122458935,0
1333,17.860763073,21.5243618488,0
1334,17.8746080399,21.5307118893,0
1335,17.8891780376,21.5493350029,0
1336,17.9008040428,21.5670938492,0
1337,17.912719965,21.5752558708,0
1338,17.9243509769,21.5899748802,0
1339,17.9359681606,21.5993278027,0
1340,17.9475181103,21.6076939106,0
1341,17.9592289925,21.6176218987,0
1342,17.9710669518,21.6298589706,0
1343,17.9889600277,21.646573782,0
1344,18.0053191185,21.6678488255,0
1345,18.0176441669,21.6873478889,0
1346,18.0319671631,21.7011978626,0
1347,18.0448870659,21.7115168571,0
1348,18.0566830635,21.728705883,0
1349,18.0681631565,21.7357838154,0
1350,18.080217123,21.7435829639,0
1351,18.0944910049,21.7662959099,0
1352,18.1066739559,21.7786948681,0
1353,18.1190309525,21.7920019627,0
1354,18.1308190823,21.7970709801,0
1355,18.1442911625,21.8087568283,0
1356,18.15594697,21.8263339996,0
1357,18.1730120182,21.8443617821,0
1358,18.1870241165,21.8571019173,0
1359,18.2003409863,21.869948864,0
1360,18.2132811546,21.8840098381,0
1361,18.2268440723,21.8908917904,0
1362,18.2437300682,21.9102368355,0
1363,18.2664949894,21.9241399765,0
1364,18.278149128,21.9366388321,0
1365,18.2922840118,21.9682099819,0
1366,18.3043310642,21.979008913,0
1367,18.3168871403,21.9857578278,0
1368,18.3284330368,22.0129339695,0
1369,18.3399200439,22.0238997936,0
1370,18.3522670269,22.0320308208,0
1371,18.3659460545,22.0523109436,0
1372,18.3778560162,22.0617887974,0
1373,18.391628027,22.1023278236,0
1374,18.4033751488,22.1100728512,3
1375,18.4151601791,22.1110229492,3
1376,18.4268240929,22.1403148174,3
1377,18.4413249493,22.1440529823,3
1378,18.4548611641,22.1500368118,3
1379,18.4664981365,22.1648697853,3
1380,18.4781990051,22.1708109379,3
1381,18.4904949665,22.1740558147,3
1382,18.5023880005,22.1861279011,3
1383,18.5161721706,22.1873078346,3
1384,18.5291631222,22.1989247799,3
1385,18.5414121151,22.2047867775,3
1386,18.5543301105,22.2124629021,3
1387,18.5660691261,22.2236118317,3
1388,18.5804810524,22.2512619495,3
1389,18.595252037,22.2589139938,3
1390,18.6107850075,22.2674639225,3
1391,18.6239340305,22.283946991,3
1392,18.6354050636,22.292634964,3
1393,18.6489629745,22.307186842,3
1394,18.6623160839,22.3199329376,3
1395,18.6762831211,22.334059,3
1396,18.6915919781,22.3514719009,3
1397,18.7034809589,22.3614218235,3
1398,18.7211530209,22.3797769547,3
1399,18.7340481281,22.3952589035,3
1400,18.7468590736,22.4162938595,3
1401,18.7596230507,22.4211549759,3
1402,18.7742240429,22.433139801,3
1403,18.7876570225,22.4689888954,3
1404,18.8007590771,22.4790098667,3
1405,18.8198421001,22.4829878807,3
1406,18.8313109875,22.5011889935,3
1407,18.8428180218,22.5021419525,3
1408,18.8547420502,22.5133678913,3
1409,18.8663861752,22.5280478001,3
1410,18.8838610649,22.5448698997,3
1411,18.900837183,22.5613780022,3
1412,18.9138000011,22.5763947964,3
1413,18.9276330471,22.5848498344,3
1414,18.9396660328,22.6118237972,3
1415,18.960955143,22.6207439899,3
1416,18.9729299545,22.6347949505,3
1417,18.9884381294,22.6481728554,3
1418,19.0007741451,22.6599988937,3
1419,19.0124690533,22.6759648323,3
1420,19.0260400772,22.6834368706,3
1421,19.0402681828,22.7006018162,3
1422,19.0530490875,22.7127258778,3
1423,19.0659110546,22.7238748074,3
1424,19.0780100822,22.7363789082,3
1425,19.0948910713,22.7528369427,3
1426,19.1085319519,22.7662799358,3
1427,19.1200270653,22.7870569229,1
1428,19.1399841309,22.8014688492,1
1429,19.1522619724,22.8224508762,1
1430,19.1711781025,22.8287639618,1
1431,19.1847190857,22.8489918709,1
1432,19.2051730156,22.8616609573,1
1433,19.2214810848,22.880136013,1
1434,19.2350080013,22.8984358311,1
1435,19.246819973,22.9030578136,1
1436,19.259193182,22.9221429825,1
1437,19.2715070248,22.931773901,1
1438,19.2831931114,22.9397850037,1
1439,19.2948710918,22.9510409832,1
1440,19.3073711395,22.9675459862,1
1441,19.3191349506,22.9756360054,1
1442,19.3315501213,22.9967868328,1
1443,19.3443000317,23.0006949902,1
1444,19.3570120335,23.0171229839,1
1445,19.3686420918,23.0315129757,1
1446,19.3800849915,23.0408837795,1
1447,19.3998851776,23.0618858337,1
1448,19.4167420864,23.0768299103,1
1449,19.4290001392,23.0867888927,1
1450,19.4453570843,23.1022918224,1
1451,19.4610280991,23.1180479527,1
1452,19.4729521275,23.1316637993,1
1453,19.4855511189,23.1438848972,1
1454,19.4971051216,23.1577949524,1
1455,19.5108151436,23.1693148613,1
1456,19.5272741318,23.190461874,1
1457,19.5444071293,23.2034528255,1
1458,19.5569839478,23.2179529667,1
1459,19.5691311359,23.2353088856,1
1460,19.5816180706,23.2480909824,1
1461,19.5948970318,23.2517938614,1
1462,19.6068861485,23.2662239075,1
1463,19.618997097,23.2791018486,1
1464,19.6310670376,23.2927258015,1
1465,19.6453511715,23.3077709675,1
1466,19.6572220325,23.3204967976,1
1467,19.669023037,23.3384850025,1
1468,19.6861269474,23.3434009552,1
1469,19.698102951,23.3581588268,1
1470,19.7103340626,23.4088878632,1
1471,19.7617890835,23.4197068214,1
1472,19.7766580582,23.445761919,1
1473,19.7911510468,23.4540138245,1
1474,19.8048989773,23.4653499126,1
1475,19.8168201447,23.4781258106,1
1476,19.8284790516,23.4864048958,1
1477,19.8400621414,23.5060338974,3
1478,19.8546791077,23.5113430023,3
1479,19.8707151413,23.5374729633,3
1480,19.882545948,23.5459568501,3
1481,19.8943371773,23.5543208122,3
1482,19.9060389996,23.5630278587,3
1483,19.9194879532,23.5783588886,3
1484,19.9310650826,23.5895478725,3
1485,19.9443609715,23.6016798019,3
1486,19.956592083,23.6125659943,3
1487,19.9714870453,23.6310129166,3
1488,19.9864339828,23.6464519501,3
1489,19.9988100529,23.6592309475,3
1490,20.0110580921,23.6703448296,3
1491,20.0249800682,23.6889050007,3
1492,20.0370311737,23.7029559612,3
1493,20.0490131378,23.7096328735,3
1494,20.0619189739,23.7185008526,3
1495,20.0740749836,23.7327988148,3
1496,20.0874969959,23.7480459213,3
1497,20.1024949551,23.7712090015,3
1498,20.1151540279,23.7727169991,3
1499,20.1265740395,23.7852158546,3
1500,20.1412630081,23.7986199856,3
1501,20.1531131268,23.8124659061,3
1502,20.1647291183,23.8252339363,3
1503,20.1776340008,23.8380777836,3
1504,20.1898391247,23.8529028893,3
1505,20.2054531574,23.8639438152,3
1506,20.2192101479,23.8833589554,3
1507,20.2345080376,23.8910529613,3
1508,20.2460830212,23.905328989,3
1509,20.2578890324,23.9177749157,3
1510,20.2710580826,23.9318518639,3
1511,20.2830059528,23.9442968369,3
1512,20.2969200611,23.9585969448,3
1513,20.3120281696,23.9722700119,3
1514,20.3263411522,23.9845488071,3
1515,20.3399400711,24.0044019222,3
1516,20.3518300056,24.0156469345,3
1517,20.3632471561,24.0217859745,3
1518,20.3747520447,24.0372920036,3
1519,20.3866410255,24.046836853,3
1520,20.4012651443,24.0588657856,3
1521,20.4128291607,24.0720229149,3
1522,20.4288749695,24.0887289047,3
1523,20.4404661655,24.0985689163,3
1524,20.4528770447,24.111137867,3
1525,20.472162962,24.1317279339,3
1526,20.4837710857,24.1469168663,3
1527,20.4956290722,24.159060955,3
1528,20.5123081207,24.1766998768,1
1529,20.5242381096,24.1854379177,1
1530,20.5363841057,24.2029838562,1
1531,20.5563061237,24.2146809101,1
1532,20.5704369545,24.228541851,1
1533,20.5825021267,24.2449808121,1
1534,20.5956370831,24.2567548752,1
1535,20.6078050137,24.2721869946,1
1536,20.6198430061,24.2846128941,1
1537,20.6363651752,24.2976708412,1
1538,20.6507780552,24.3149678707,1
1539,20.662635088,24.3251569271,1
1540,20.6769371033,24.3368878365,1
1541,20.6951301098,24.3548738956,1
1542,20.710100174,24.3698508739,1
1543,20.7224180698,24.3900818825,1
1544,20.7374391556,24.3964128494,1
1545,20.7535691261,24.4110629559,1
1546,20.766379118,24.4247717857,1
1547,20.778591156,24.4385797977,1
1548,20.7946510315,24.4550600052,1
1549,20.8136250973,24.480481863,1
1550,20.8378989697,24.5046567917,1
1551,20.8521051407,24.5287249088,1
1552,20.8846020699,24.5421059132,1
1553,20.8970329762,24.5585768223,1
1554,20.9112160206,24.5698299408,1
1555,20.9233431816,24.5821449757,1
1556,20.9448230267,24.6043729782,1
1557,20.9599599838,24.6218907833,1
1558,20.9720480442,24.6291429996,1
1559,20.9849960804,24.6435480118,1
1560,20.9966289997,24.6548018456,1
1561,21.0083229542,24.6692538261,1
1562,21.025812149,24.6877818108,1
1563,21.0374360085,24.701944828,1
1564,21.0518810749,24.7142698765,1
1565,21.0633440018,24.7242019176,1
1566,21.0749871731,24.7385249138,1
1567,21.087980032,24.7460119724,1
1568,21.1053071022,24.764993906,1
1569,21.1168620586,24.7794377804,1
1570,21.1296820641,24.788217783,1
1571,21.1445879936,24.8088908195,1
1572,21.1624000072,24.8215959072,1
1573,21.1749591827,24.8338758945,1
1574,21.186604023,24.8462879658,1
1575,21.1981220245,24.8597118855,1
1576,21.2108740807,24.8696079254,1
1577,21.2236700058,24.8943459988,1
1578,21.2352101803,24.9011769295,1
1579,21.247123003,24.9050838947,1
1580,21.2625410557,24.9239869118,1
1581,21.274818182,24.9365940094,1
1582,21.287997961,24.9506139755,1
1583,21.3016331196,24.9597358704,1
1584,21.3138360977,24.9742767811,1
1585,21.327627182,24.9957699776,1
1586,21.345015049,25.003595829,1
1587,21.3567011356,25.0183978081,1
1588,21.3716499805,25.032902956,3
1589,21.3911559582,25.0511059761,3
1590,21.4054369926,25.0652508736,3
1591,21.4253721237,25.085392952,3
1592,21.4372301102,25.10353899,3
1593,21.4492781162,25.1098139286,3
1594,21.4613361359,25.1224927902,3
1595,21.4733080864,25.138119936,3
1596,21.4946351051,25.1526789665,3
1597,21.5061161518,25.1673269272,3
1598,21.5177891254,25.1805438995,3
1599,21.529540062,25.1936268806,3
1600,21.5447759628,25.2039768696,3
1601,21.5571320057,25.2176280022,3
1602,21.5746700764,25.236399889,3
1603,21.5875790119,25.2445788383,3
1604,21.6044139862,25.2619547844,3
1605,21.6160891056,25.2762567997,3
1606,21.6281290054,25.2874619961,3
1607,21.6396040916,25.3068938255,3
1608,21.6511199474,25.3152348995,3
1609,21.6633141041,25.33411479,3
1610,21.675109148,25.3508248329,3
1611,21.6868100166,25.3614268303,3
1612,21.7017900944,25.3718309402,3
1613,21.7156410217,25.3821098804,3
1614,21.7289071083,25.3979020119,3
1615,21.7405440807,25.4071269035,3
1616,21.7554550171,25.4182789326,3
1617,21.7766041756,25.4385609627,3
1618,21.788711071,25.4494919777,3
1619,21.8085391521,25.4667048454,3
1620,21.8205239773,25.4857878685,3
1621,21.8375689983,25.496462822,3
1622,21.8547670841,25.5140028,3
1623,21.8767559528,25.5354747772,3
1624,21.8913969994,25.553262949,3
1625,21.9028031826,25.5604858398,3
1626,21.9157259464,25.5794539452,3
1627,21.9280519485,25.5880689621,3
1628,21.9398620129,25.6045827866,3
1629,21.9526431561,25.6128768921,3
1630,21.9643521309,25.6243169308,3
1631,21.9770040512,25.6397838593,3
1632,21.9903261662,25.6493117809,3
1633,22.0035159588,25.662612915,3
1634,22.0198431015,25.6818518639,3
1635,22.0329310894,25.6922609806,3
1636,22.0448150635,25.7072169781,3
1637,22.0572309494,25.7193307877,3
1638,22.0704131126,25.7331500053,3
1639,22.088296175,25.7502219677,3
1640,22.1102061272,25.7679128647,3
1641,22.1222951412,25.7807559967,3
1642,22.1342880726,25.8061609268,3
1643,22.1459560394,25.8154978752,3
1644,22.1615960598,25.8251140118,3
1645,22.1755821705,25.8377299309,3
1646,22.1875641346,25.8450279236,3
1647,22.2009241581,25.8572390079,1
1648,22.212428093,25.8695788383,1
1649,22.2237710953,25.8830909729,1
1650,22.2414190769,25.9041898251,1
1651,22.252833128,25.9166197777,1
1652,22.2661700249,25.9264678955,1
1653,22.2778251171,25.9370388985,1
1654,22.2912659645,25.9572908878,1
1655,22.3058900833,25.9668059349,1
1656,22.3247261047,25.9896509647,1
1657,22.3381540775,26.0008289814,1
1658,22.3500230312,26.012444973,1
1659,22.3635640144,26.023431778,1
1660,22.383934021,26.0492320061,1
1661,22.39549613,26.0571990013,1
1662,22.4078140259,26.0731658936,1
1663,22.4221661091,26.0940217972,1
1664,22.4350140095,26.0957078934,1
1665,22.4466559887,26.1076447964,1
1666,22.4623579979,26.1238679886,1
1667,22.4768891335,26.140857935,1
1668,22.4913320541,26.1524808407,1
1669,22.503798008,26.1626999378,1
1670,22.5158779621,26.1786458492,1
1671,22.5296890736,26.1885929108,1
1672,22.5432441235,26.2010707855,1
1673,22.5556910038,26.2235968113,1
1674,22.5762410164,26.2412338257,1
1675,22.5895280838,26.2496519089,1
1676,22.6010351181,26.2608428001,1
1677,22.6145319939,26.2758460045,1
1678,22.6272959709,26.2879369259,1
1679,22.641741991,26.3050498962,1
1680,22.6539430618,26.3163118362,1
1681,22.6658890247,26.3320248127,1
1682,22.6783270836,26.336206913,1
1683,22.6916410923,26.3572030067,1
1684,22.7058939934,26.3694989681,1
1685,22.7215371132,26.3818190098,1
1686,22.7348439693,26.3962249756,1
1687,22.7514481544,26.4091498852,1
1688,22.7630331516,26.4229137897,1
1689,22.7776281834,26.4360427856,1
1690,22.7895331383,26.4562599659,1
1691,22.8028960228,26.4706969261,1
1692,22.8143370152,26.478302002,1
1693,22.8282260895,26.4951958656,1
1694,22.8410511017,26.5085308552,1
1695,22.8541309834,26.5108809471,1
1696,22.8657290936,26.5238227844,1
1697,22.8777420521,26.5362989902,1
1698,22.8918190002,26.549435854,1
1699,22.9054160118,26.5707798004,1
1700,22.9213681221,26.5843369961,2
1701,22.9329280853,26.5936880112,2
1702,22.9449350834,26.6048657894,2
1703,22.9652311802,26.6250729561,2
1704,22.9781751633,26.6387338638,2
1705,22.9929251671,26.6541569233,2
1706,23.0051481724,26.6629228592,2
1707,23.0167200565,26.6768829823,2
1708,23.0311119556,26.6921098232,2
1709,23.044064045,26.7107849121,2
1710,23.0657420158,26.7277829647,2
1711,23.0790700912,26.7369248867,2
1712,23.0914821625,26.7491428852,2
1713,23.1029760838,26.7719438076,2
1714,23.116574049,26.7768068314,2
1715,23.1281919479,26.7926318645,2
1716,23.1438291073,26.8057789803,2
1717,23.1570241451,26.8158388138,2
1718,23.1713531017,26.8332779408,2
1719,23.1833570004,26.8458609581,2
1720,23.1967539787,26.8571109772,2
1721,23.2087211609,26.8714418411,2
1722,23.2211279869,26.8772099018,2
1723,23.2362241745,26.9051268101,2
1724,23.2478539944,26.9082868099,2
1725,23.2651109695,26.9238109589,2
1726,23.2776441574,26.9357588291,2
1727,23.2950069904,26.9557437897,2
1728,23.3074879646,26.9720959663,2
1729,23.3200001717,26.9826657772,2
1730,23.3351240158,26.9968838692,2
1731,23.3496119976,27.0129368305,2
1732,23.3624091148,27.0215559006,2
1733,23.3739831448,27.0356948376,2
1734,23.3856570721,27.0458409786,2
1735,23.4040379524,27.061811924,2
1736,23.4156901836,27.0758619308,2
1737,23.4314100742,27.0939958096,2
1738,23.4446921349,27.105935812,2
1739,23.4566161633,27.118532896,2
1740,23.4682290554,27.1294598579,2
1741,23.4812960625,27.1395030022,2
1742,23.493792057,27.1619188786,2
1743,23.5073001385,27.1694359779,2
1744,23.5282111168,27.1891348362,2
1745,23.5402960777,27.2005369663,2
1746,23.5546381474,27.2122249603,2
1747,23.5664999485,27.2272059917,2
1748,23.5781240463,27.2386448383,2
1749,23.595484972,27.2591049671,2
1750,23.611852169,27.2726809978,2
1751,23.6258840561,27.2868587971,2
1752,23.645127058,27.3111009598,2
1753,23.6625781059,27.3208119869,2
1754,23.6762039661,27.3380978107,2
1755,23.6950449944,27.3540709019,2
1756,23.7123270035,27.3739528656,0
1757,23.7276101112,27.3851428032,0
1758,23.7396500111,27.4047617912,0
1759,23.7575800419,27.421432972,0
1760,23.7691650391,27.4288358688,0
1761,23.7822861671,27.4433708191,0
1762,23.795124054,27.4538648129,0
1763,23.8068230152,27.4693989754,0
1764,23.8207170963,27.4913799763,0
1765,23.8386671543,27.5030357838,0
1766,23.8576231003,27.5192217827,0
1767,23.8713970184,27.5337557793,0
1768,23.883769989,27.5461378098,0
1769,23.8976240158,27.5573699474,0
1770,23.9115271568,27.5762648582,0
1771,23.9236571789,27.5897510052,0
1772,23.9361100197,27.5972719193,0
1773,23.9497001171,27.6074478626,0
1774,23.9617381096,27.6187739372,0
1775,23.9759700298,27.6380779743,0
1776,23.9892029762,27.6494820118,0
1777,24.0013689995,27.6656429768,0
1778,24.0130660534,27.6734929085,0
1779,24.0262310505,27.6872959137,0
1780,24.0400681496,27.7042958736,0
1781,24.0531480312,27.7112369537,0
1782,24.0663580894,27.7311198711,0
1783,24.078140974,27.7357428074,0
1784,24.0901591778,27.7531819344,0
1785,24.1058170795,27.7723138332,0
1786,24.1179101467,27.7803359032,0
1787,24.1300990582,27.7874789238,0
1788,24.1451621056,27.8014237881,0
1789,24.1586410999,27.8170378208,0
1790,24.1708710194,27.8365387917,0
1791,24.1928901672,27.8593528271,0
1792,24.2057549953,27.8740849495,0
1793,24.2171831131,27.8862028122,0
1794,24.2288811207,27.9007239342,0
1795,24.2405791283,27.90899086,0
1796,24.2522599697,27.918006897,0
1797,24.2644221783,27.9342339039,0
1798,24.2762739658,27.9378859997,0
1799,24.2884039879,27.9598019123,0
1800,24.3009061813,27.9646408558,0
1801,24.3127551079,27.9769718647,0
1802,24.3259160519,28.0040109158,0
1803,24.3463499546,28.0184168816,0
1804,24.3580789566,28.0293309689,0
1805,24.3703670502,28.0460979939,0
1806,24.3818249702,28.0486559868,0
1807,24.3954460621,28.0593810081,0
1808,24.412719965,28.0837538242,3
1809,24.425385952,28.0886027813,3
1810,24.4406950474,28.1038789749,3
1811,24.4588661194,28.1180448532,3
1812,24.4704661369,28.1282467842,3
1813,24.4835650921,28.1495227814,3
1814,24.5053141117,28.1684060097,3
1815,24.5168550014,28.18272686,3
1816,24.5370790958,28.1952688694,3
1817,24.5532031059,28.2181558609,3
1818,24.5657761097,28.2232170105,3
1819,24.5793881416,28.2368519306,3
1820,24.5914340019,28.2550339699,3
1821,24.6035621166,28.2679388523,3
1822,24.623281002,28.2802298069,3
1823,24.6365680695,28.2978589535,3
1824,24.6484720707,28.3060839176,3
1825,24.6601030827,28.318972826,3
1826,24.6715869904,28.327808857,3
1827,24.684002161,28.3407289982,3
1828,24.6960680485,28.5548048019,3
1829,24.7159199715,28.5576019287,3
1830,24.729902029,28.56513381,3
1831,24.745205164,28.5662198067,3
1832,24.7574779987,28.5987699032,3
1833,24.7727060318,28.6111938953,3
1834,24.7881829739,28.625041008,3
1835,24.8035399914,28.6326270103,3
1836,24.8187999725,28.6505308151,3
1837,24.8321321011,28.6615757942,3
1838,24.8462030888,28.6728758812,3
1839,24.86186409,28.6781899929,3
1840,24.8738350868,28.6995179653,3
1841,24.8900840282,28.7111067772,3
1842,24.9034609795,28.7346339226,3
1843,24.9150421619,28.7509589195,3
1844,24.9268980026,28.7531599998,3
1845,24.9399571419,28.7851438522,3
1846,24.9521811008,28.7976589203,3
1847,24.9663469791,28.8102779388,3
1848,24.9847719669,28.8360538483,3
1849,24.9982481003,28.8518018723,3
1850,25.0119769573,28.8648238182,3
1851,25.0247261524,28.8794569969,3
1852,25.039796114,28.8884809017,3
1853,25.0519969463,28.91284585,3
1854,25.0724320412,28.9429728985,3
1855,25.0857810974,28.9576618671,3
1856,25.0990111828,28.9749388695,3
1857,25.1111819744,28.98097682,3
1858,25.128549099,29.0042629242,3
1859,25.1405491829,29.0194168091,3
1860,25.1570911407,29.044552803,3
1861,25.1759819984,29.0487818718,3
1862,25.1901409626,29.0731527805,3
1863,25.2021160126,29.0865709782,3
1864,25.2151551247,29.099285841,3
1865,25.2273659706,29.1287629604,3
1866,25.242675066,29.1442859173,3
1867,25.2540690899,29.1514258385,3
1868,25.2660260201,29.1910398006,1
1869,25.2865581512,29.1983540058,1
1870,25.3016929626,29.2300238609,1
1871,25.3146669865,29.2369308472,1
1872,25.3273410797,29.2587299347,1
1873,25.3410141468,29.2838509083,1
1874,25.3619699478,29.297492981,1
1875,25.3760640621,29.3045139313,1
1876,25.3959619999,29.3152778149,1
1877,25.4096190929,29.3394749165,1
1878,25.4251329899,29.3431148529,1
1879,25.4394881725,29.3539040089,1
1880,25.451059103,29.3685519695,1
1881,25.4625971317,29.373374939,1
1882,25.4777450562,29.3860659599,1
1883,25.4967241287,29.3929309845,1
1884,25.5085141659,29.3944778442,1
1885,25.5267550945,29.3958268166,1
1886,25.5383579731,29.4276218414,1
1887,25.5498349667,29.4361379147,1
1888,25.5621640682,29.4387869835,1
1889,25.5737359524,29.4568769932,1
1890,25.5864350796,29.4578168392,1
1891,25.6000261307,29.4634079933,1
1892,25.6115410328,29.467869997,1
1893,25.6229920387,29.4703729153,1
1894,25.6348030567,29.4758269787,1
1895,25.6463019848,29.4912438393,1
1896,25.6616261005,29.5050239563,1
1897,25.67872715,29.5288648605,1
1898,25.6902661324,29.5418839455,1
1899,25.7027690411,29.5503048897,1
1900,25.7150051594,29.5539238453,1
1901,25.7287399769,29.5725059509,1
1902,25.7470531464,29.5750319958,1
1903,25.7607779503,29.586824894,1
1904,25.7724571228,29.6003940105,1
1905,25.7940089703,29.6047308445,1
1906,25.8072090149,29.6199629307,1
1907,25.828263998,29.6281268597,1
1908,25.8420920372,29.6547780037,1
1909,25.8537650108,29.6694009304,1
1910,25.8667390347,29.6755068302,1
1911,25.8817541599,29.6861338615,1
1912,25.8960151672,29.7089009285,1
1913,25.9079601765,29.7207307816,1
1914,25.9208230972,29.7329058647,1
1915,25.9337849617,29.7447907925,1
1916,25.94698596,29.74898386,1
1917,25.9585361481,29.7652578354,1
1918,25.970277071,29.7668898106,1
1919,25.9818580151,29.7774958611,1
1920,25.9953351021,29.790476799,1
1921,26.0075609684,29.8041188717,1
1922,26.0266239643,29.8171899319,1
1923,26.0450360775,29.8428938389,1
1924,26.0584981441,29.8811109066,1
1925,26.0715651512,29.9128289223,1
1926,26.0835311413,29.9383888245,1
1927,26.095443964,29.9819087982,1
1928,26.1121201515,30.0140309334,3
1929,26.123994112,30.0334699154,3
1930,26.1377849579,30.0484368801,3
1931,26.1519069672,30.0693027973,3
1932,26.1636841297,30.085007906,3
1933,26.1757531166,30.1000549793,3
1934,26.19039011,30.1113188267,3
1935,26.2068850994,30.1203768253,3
1936,26.2232561111,30.1300909519,3
1937,26.2352490425,30.1449358463,3
1938,26.2474300861,30.1490588188,3
1939,26.2600331306,30.1608428955,3
1940,26.2724339962,30.1687448025,3
1941,26.2839860916,30.1807398796,3
1942,26.2958199978,30.1913728714,3
1943,26.3152699471,30.2023668289,3
1944,26.3271739483,30.2127659321,3
1945,26.3412351608,30.2193508148,3
1946,26.3536040783,30.2382810116,3
1947,26.3655371666,30.2469739914,3
1948,26.3792200089,30.2578158379,3
1949,26.3915710449,30.2760689259,3
1950,26.4037621021,30.2905218601,3
1951,26.4223411083,30.3030397892,3
1952,26.4393820763,30.315418005,3
1953,26.4564890862,30.3410139084,3
1954,26.4694581032,30.3584649563,3
1955,26.4837729931,30.3670008183,3
1956,26.4954710007,30.3970119953,3
1957,26.5084819794,30.4207398891,3
1958,26.5267090797,30.436000824,3
1959,26.5386550426,30.4453918934,3
1960,26.5505390167,30.4567489624,3
1961,26.5627579689,30.4707579613,3
1962,26.5763239861,30.4847178459,3
1963,26.5974049568,30.499245882,3
1964,26.6121749878,30.5162148476,3
1965,26.6296861172,30.5310897827,3
1966,26.6427400112,30.5432789326,3
1967,26.6544311047,30.5588018894,3
1968,26.6664500237,30.5740377903,3
1969,26.6780440807,30.5816838741,3
1970,26.6902360916,30.5929648876,3
1971,26.7023980618,30.6007709503,3
1972,26.7142601013,30.6091887951,3
1973,26.7267341614,30.6139008999,3
1974,26.7387390137,30.624753952,3
1975,26.7505271435,30.6392788887,3
1976,26.7623720169,30.6501729488,3
1977,26.7777791023,30.6610999107,3
1978,26.7898740768,30.6695818901,3
1979,26.8040039539,30.6780087948,3
1980,26.8184161186,30.6814489365,3
1981,26.8302760124,30.700455904,3
1982,26.8456850052,30.7161388397,3
1983,26.8577520847,30.7288899422,3
1984,26.8730721474,30.7448518276,1
1985,26.8861870766,30.7588729858,1
1986,26.8985331059,30.7687427998,1
1987,26.9101979733,30.7820909023,1
1988,26.921833992,30.7935009003,1
1989,26.9350430965,30.8060748577,1
1990,26.9472939968,30.8086078167,1
1991,26.9617350101,30.8301308155,1
1992,26.9740610123,30.8429689407,1
1993,26.9962010384,30.855276823,1
1994,27.0098791122,30.8576788902,1
1995,27.0224170685,30.87972188,1
1996,27.0340631008,30.8829948902,1
1997,27.0465590954,30.9068779945,1
1998,27.0607931614,30.9139490128,1
1999,27.072450161,30.9193408489,1
2000,27.0868020058,30.9309477806,1
