PacketSeqNo,GeneratedTime(sec),ArrivalTime(sec),MulticastIdx
1,0.00187277793884,2.97138690948,1
2,0.0136919021606,2.97604990005,1
3,0.0262417793274,2.98746299744,1
4,0.0389959812164,2.9970510006,1
5,0.051876783371,3.01230788231,1
6,0.0733969211578,3.03563594818,1
7,0.0860209465027,3.04693198204,1
8,0.0980007648468,3.05791187286,1
9,0.110363960266,3.06961202621,1
10,0.123755931854,3.08507204056,1
11,0.144969940186,3.10829997063,1
12,0.156778812408,3.12835001945,1
13,0.168668985367,3.13405489922,1
14,0.183253765106,3.14147996902,1
15,0.195537805557,3.15745782852,1
16,0.21734380722,3.21480989456,1
17,0.283457994461,3.24391198158,1
18,0.295239925385,3.25362992287,1
19,0.306687831879,3.28127384186,1
20,0.324497938156,3.28988099098,1
21,0.336376905441,3.32949495316,1
22,0.350968837738,3.3298869133,1
23,0.365565776825,3.34613490105,1
24,0.412094831467,3.3854470253,1
25,0.425109863281,3.38879990578,1
26,0.447520971298,3.43242883682,1
27,0.46285200119,3.45593595505,1
28,0.498391866684,3.46530103683,1
29,0.532707929611,3.50295901299,1
30,0.556754827499,3.54151988029,3
31,0.568956851959,3.56756091118,3
32,0.593282938004,3.64216184616,3
33,0.629390001297,3.64486503601,3
34,0.643304824829,3.64547586441,3
35,0.665992975235,3.64603686333,3
36,0.678832769394,3.64786601067,3
37,0.702382802963,3.68237495422,3
38,0.7158639431,3.68702697754,3
39,0.74240398407,3.70888900757,3
40,0.774809837341,3.73157095909,3
41,0.790729999542,3.75421380997,3
42,0.810594797134,3.78620100021,3
43,0.822172880173,3.78779387474,3
44,0.8354139328,3.79601883888,3
45,0.847499847412,3.81832385063,3
46,0.864031791687,3.82398200035,3
47,0.885483980179,3.85775780678,3
48,0.917403936386,3.88676595688,3
49,0.933287858963,3.90042996407,3
50,0.955726861954,3.93770098686,1
51,0.968106985092,3.96134495735,1
52,0.988547801971,3.97069597244,1
53,1.00199580193,3.97108983994,1
54,1.02923083305,4.0044260025,1
55,1.06085991859,4.02225399017,1
56,1.0724799633,4.03022384644,1
57,1.0976858139,4.06617093086,1
58,1.11255383492,4.07409596443,1
59,1.12412595749,4.08367800713,1
60,1.13561892509,4.1103708744,1
61,1.148665905,4.11647891998,1
62,1.17258787155,4.1463599205,1
63,1.18512582779,4.15487003326,1
64,1.20510077477,4.1791229248,1
65,1.21802997589,4.18339395523,1
66,1.2404859066,4.20892190933,1
67,1.25259780884,4.21703600883,1
68,1.27714085579,4.24365782738,1
69,1.29008579254,4.25201201439,1
70,1.31511497498,4.28849697113,1
71,1.32835483551,4.29674482346,1
72,1.35010790825,4.32998394966,1
73,1.36530399323,4.33402895927,1
74,1.3985478878,4.35997891426,1
75,1.42311096191,4.394053936,1
76,1.43572688103,4.3994410038,1
77,1.45350885391,4.42296695709,1
78,1.46862888336,4.4313519001,1
79,1.49197793007,4.47334504128,2
80,1.5033159256,4.47371983528,2
81,1.52459192276,4.49069786072,2
82,1.53655576706,4.49931693077,2
83,1.56012487411,4.53332281113,2
84,1.58010387421,4.54444694519,2
85,1.59176588058,4.61379790306,2
86,1.60336899757,4.62084293365,2
87,1.61522579193,4.6217648983,2
88,1.63258576393,4.62252497673,2
89,1.64924788475,4.62919783592,2
90,1.67228293419,4.63375496864,2
91,1.68491578102,4.67428994179,2
92,1.73129796982,4.6908659935,2
93,1.74287676811,4.72149682045,2
94,1.75457787514,4.72367191315,2
95,1.76616597176,4.7360329628,2
96,1.78276991844,4.74504590034,2
97,1.81310081482,4.77241301537,2
98,1.82515597343,4.79286503792,2
99,1.83800196648,4.81633901596,2
100,1.85169577599,4.82728290558,2
101,1.86475682259,4.83109903336,2
102,1.88362598419,4.85083889961,2
103,1.90270876884,4.91167902946,2
104,1.96575093269,4.92492294312,2
105,1.98734879494,4.94476699829,0
106,1.9990568161,4.95939993858,0
107,2.01077485085,4.97330999374,0
108,2.02492594719,4.99264383316,0
109,2.03817296028,5.01688599586,0
110,2.04980778694,5.01996898651,0
111,2.06859779358,5.02707099915,0
112,2.0816848278,5.05571484566,0
113,2.09375596046,5.05697393417,0
114,2.11576986313,5.0748898983,0
115,2.12789988518,5.08411383629,0
116,2.14910984039,5.11111187935,0
117,2.16555976868,5.1248819828,0
118,2.1791138649,5.14572381973,0
119,2.19524383545,5.15120887756,0
120,2.20927786827,5.18028688431,0
121,2.22434091568,5.18506288528,0
122,2.23699498177,5.21390795708,0
123,2.24992084503,5.21720600128,0
124,2.27166891098,5.24778199196,0
125,2.2863638401,5.25134301186,0
126,2.30549788475,5.26688981056,0
127,2.31777381897,5.27867293358,0
128,2.33885383606,5.30764198303,0
129,2.35293889046,5.31960701942,0
130,2.36874198914,5.32776999474,0
131,2.38031291962,5.34253692627,0
132,2.39494681358,5.35083699226,0
133,2.41399478912,5.3860578537,0
134,2.42587184906,5.40747284889,2
135,2.43994379044,5.40832185745,2
136,2.45186591148,5.4147028923,2
137,2.46332478523,5.41966986656,2
138,2.48438286781,5.44947981834,2
139,2.50031495094,5.45750284195,2
140,2.51315879822,5.49090194702,2
141,2.52552199364,5.49689793587,2
142,2.5380589962,5.5011408329,2
143,2.55587291718,5.56122994423,2
144,2.56853485107,5.56295394897,2
145,2.60275483131,5.57053995132,2
146,2.62900876999,5.60308003426,2
147,2.64113283157,5.62434387207,2
148,2.66253185272,5.63873386383,2
149,2.67461585999,5.66046380997,2
150,2.69432592392,5.67250585556,2
151,2.70683097839,5.69789290428,2
152,2.72805380821,5.70924282074,2
153,2.74091076851,5.71381688118,2
154,2.76194190979,5.72220897675,2
155,2.77701497078,5.73810100555,2
156,2.79942798615,5.75653481483,2
157,2.81295394897,5.77676081657,2
158,2.8301718235,5.79285597801,2
159,2.84181880951,5.81121182442,0
160,2.85432982445,5.81214594841,0
161,2.87012076378,5.840487957,0
162,2.88392281532,5.85002803802,0
163,2.90079879761,5.86025094986,0
164,2.91298389435,5.87635684013,0
165,2.94156193733,5.899974823,0
166,2.95453596115,5.92218589783,0
167,2.96909093857,5.92671585083,0
168,2.98237776756,5.95593094826,0
169,2.99626994133,5.98628282547,0
170,3.01266384125,6.01740098,0
171,3.02627778053,6.01780080795,0
172,3.04775381088,6.06484985352,0
173,3.06627392769,6.08556485176,0
174,3.08291983604,6.08741688728,0
175,3.09982180595,6.09042286873,0
176,3.11912798882,6.09352898598,0
177,3.16538381577,6.12463402748,0
178,3.19185996056,6.15957689285,0
179,3.22617197037,6.19555187225,0
180,3.25459599495,6.22205686569,0
181,3.26978683472,6.23029994965,0
182,3.29484295845,6.27282094955,0
183,3.30775380135,6.29563093185,0
184,3.33023095131,6.30563497543,0
185,3.34216284752,6.31279301643,0
186,3.36158895493,6.31858301163,0
187,3.37310791016,6.33111286163,0
188,3.39727377892,6.36653780937,0
189,3.4093067646,6.38924098015,3
190,3.42901778221,6.39362692833,3
191,3.44566178322,6.40724992752,3
192,3.45766186714,6.46852087975,3
193,3.52227187157,6.4830288887,3
194,3.54510998726,6.50357294083,3
195,3.55666780472,6.51829385757,3
196,3.56832385063,6.52821588516,3
197,3.58733391762,6.55028796196,3
198,3.60054588318,6.55899786949,3
199,3.6159157753,6.58640384674,3
200,3.62767982483,6.58683300018,3
201,3.6399679184,6.62666487694,3
202,3.66099691391,6.63196897507,3
203,3.6795668602,6.63837981224,3
204,3.69172096252,6.64995002747,3
205,3.71964788437,6.68009281158,3
206,3.73251581192,6.70736598969,3
207,3.74777197838,6.70821094513,3
208,3.75965285301,6.74873304367,3
209,3.7724339962,6.75611591339,3
210,3.78925991058,6.76568484306,3
211,3.80911183357,6.77282595634,3
212,3.82759690285,6.79078698158,1
213,3.85427498817,6.81177902222,1
214,3.87097382545,6.83280491829,1
215,3.88705396652,6.8481760025,1
216,3.90386891365,6.87856793404,1
217,3.9155459404,6.90442895889,1
218,3.93431186676,6.91548991203,1
219,3.94981193542,6.92166280746,1
220,3.97029495239,6.93420696259,1
221,3.98231291771,6.94645881653,1
222,4.00577878952,6.97593903542,1
223,4.02077889442,6.98677182198,1
224,4.03578686714,6.99183487892,1
225,4.04748797417,7.02046203613,1
226,4.06149578094,7.02975988388,1
227,4.0776848793,7.04219889641,1
228,4.09065580368,7.05154895782,1
229,4.11392593384,7.0709798336,1
230,4.13090085983,7.09527182579,1
231,4.14292693138,7.11900091171,1
232,4.1552798748,7.12978482246,1
233,4.17012000084,7.15543985367,1
234,4.18491578102,7.17091393471,2
235,4.19996976852,7.17145895958,2
236,4.22063088417,7.18666195869,2
237,4.23344779015,7.19635796547,2
238,4.25576686859,7.21465396881,2
239,4.26846694946,7.23378801346,2
240,4.2863008976,7.25195503235,2
241,4.2982878685,7.2580268383,2
242,4.31092882156,7.27665400505,2
243,4.32728981972,7.29729700089,2
244,4.34141993523,7.30853295326,2
245,4.3532409668,7.34084582329,2
246,4.3653049469,7.34478092194,2
247,4.37839698792,7.35318398476,2
248,4.39903593063,7.36499500275,2
249,4.41291093826,7.37262797356,2
250,4.43480086327,7.40302491188,2
251,4.45459699631,7.41148781776,2
252,4.47020196915,7.44459795952,2
253,4.48527789116,7.44762301445,2
254,4.50948596001,7.46632003784,2
255,4.52259278297,7.48531794548,2
256,4.54509091377,7.51239395142,2
257,4.55950498581,7.54854798317,0
258,4.57508778572,7.58336687088,0
259,4.58696079254,7.58376598358,0
260,4.59882998466,7.58413982391,0
261,4.61401081085,7.59631800652,0
262,4.63173985481,7.61864686012,0
263,4.65279889107,7.62706303596,0
264,4.68469381332,7.65438890457,0
265,4.69693493843,7.66222500801,0
266,4.72036385536,7.6828520298,0
267,4.73187398911,7.69216299057,0
268,4.7561249733,7.71380591393,0
269,4.76806998253,7.72983002663,0
270,4.7807738781,7.74910497665,0
271,4.79315090179,7.75306391716,0
272,4.80505681038,7.78037881851,0
273,4.81899499893,7.83519792557,0
274,4.8471288681,7.85862088203,0
275,4.86435985565,7.86681103706,0
276,4.88617181778,7.87529492378,0
277,4.91886687279,7.88231897354,0
278,4.93229484558,7.89303803444,0
279,4.9593808651,7.94497895241,0
280,4.97530293465,7.94580698013,0
281,4.99027085304,7.97077488899,0
282,5.00281190872,7.98994588852,3
283,5.03111982346,7.99533390999,3
284,5.04281377792,8.00452399254,3
285,5.06885790825,8.03617286682,3
286,5.08623385429,8.04492783546,3
287,5.10254693031,8.0761988163,3
288,5.11746287346,8.07903003693,3
289,5.13793683052,8.10946202278,3
290,5.15369391441,8.11725902557,3
291,5.17661976814,8.1355919838,3
292,5.19162893295,8.15412902832,3
293,5.21121478081,8.17828083038,3
294,5.22307181358,8.1866350174,3
295,5.23618197441,8.21527600288,3
296,5.25007987022,8.22685194016,3
297,5.26529788971,8.23070001602,3
298,5.2846558094,8.25776195526,3
299,5.31647181511,8.28999590874,3
300,5.35099577904,8.32031202316,3
301,5.3841547966,8.35594081879,3
302,5.39998698235,8.35996389389,3
303,5.4193239212,8.38129997253,3
304,5.431401968,8.39129185677,3
305,5.45495676994,8.42250204086,3
306,5.46913290024,8.43748497963,3
307,5.48312282562,8.45801401138,3
308,5.4956099987,8.46394991875,3
309,5.51102685928,8.46726894379,3
310,5.5242228508,8.5015308857,3
311,5.53843998909,8.50197291374,3
312,5.56170678139,8.51918292046,1
313,5.59491991997,8.55232787132,1
314,5.61156582832,8.56979703903,1
315,5.63033795357,8.5875518322,1
316,5.64207291603,8.61316895485,1
317,5.65347981453,8.61951184273,1
318,5.66786289215,8.63205885887,1
319,5.68025183678,8.63815903664,1
320,5.69743299484,8.65685987473,1
321,5.71152687073,8.67827296257,1
322,5.72375488281,8.68510293961,1
323,5.73753094673,8.713752985,1
324,5.75126290321,8.72186684608,1
325,5.76740598679,8.72836399078,1
326,5.779337883,8.73621988297,1
327,5.79465699196,8.75490283966,1
328,5.81479883194,8.77244782448,1
329,5.82977676392,8.79396700859,1
330,5.84682583809,8.82819986343,1
331,5.85887289047,8.83241581917,1
332,5.87170386314,8.83279490471,1
333,5.88625788689,8.8482978344,3
334,5.90386581421,8.86381602287,3
335,5.9220957756,8.87985396385,3
336,5.93429684639,8.89350700378,3
337,5.95008587837,8.90859389305,3
338,5.96187376976,8.92332601547,3
339,5.97444581985,8.9886059761,3
340,5.98770880699,8.98968601227,3
341,6.00275683403,8.99054288864,3
342,6.01619696617,9.00003290176,3
343,6.04727196693,9.02817988396,3
344,6.06124997139,9.06590199471,3
345,6.08391785622,9.07295703888,3
346,6.10190081596,9.07346487045,3
347,6.12257695198,9.13965082169,3
348,6.13608193398,9.14061284065,3
349,6.15497398376,9.16332101822,3
350,6.16683483124,9.16738700867,3
351,6.19005799294,9.17149400711,3
352,6.20538377762,9.17287802696,3
353,6.22704386711,9.20654582977,3
354,6.2392539978,9.20948791504,3
355,6.26492094994,9.24051403999,3
356,6.29590082169,9.27365994453,3
357,6.30754899979,9.2833108902,3
358,6.33068585396,9.30590295792,3
359,6.34234499931,9.31573700905,3
360,6.3660299778,9.37494587898,1
361,6.3847899437,9.37666797638,1
362,6.4173579216,9.37826991081,1
363,6.47150397301,9.43916702271,1
364,6.48601293564,9.44809103012,1
365,6.51157093048,9.48509383202,1
366,6.52328896523,9.48839783669,1
367,6.54126286507,9.51906299591,1
368,6.55760288239,9.52397084236,1
369,6.57646989822,9.53978085518,1
370,6.58983397484,9.55106091499,1
371,6.61209487915,9.57978391647,1
372,6.6262319088,9.58862686157,1
373,6.63815593719,9.59887194633,1
374,6.65267491341,9.62601399422,1
375,6.6650249958,9.65204691887,1
376,6.68904995918,9.66721796989,1
377,6.71806287766,9.69697189331,1
378,6.75324487686,9.7283539772,1
379,6.76491594315,9.73786187172,1
380,6.7898747921,9.76893687248,2
381,6.80118489265,9.76957583427,2
382,6.82702088356,9.80456089973,2
383,6.83920788765,9.80582594872,2
384,6.85855197906,9.82470202446,2
385,6.87057685852,9.82856488228,2
386,6.89356184006,9.86173892021,2
387,6.90664696693,9.86978197098,2
388,6.921656847,9.89831495285,2
389,6.9392619133,9.91101384163,2
390,6.95228385925,9.91570091248,2
391,6.96805286407,9.92976284027,2
392,6.9998319149,9.95696687698,2
393,7.01165294647,9.97582387924,2
394,7.02380180359,9.98396587372,2
395,7.03543782234,9.99761486053,2
396,7.04863286018,10.0088748932,2
397,7.06072688103,10.0638329983,2
398,7.11678695679,10.0776338577,2
399,7.14191389084,10.1095068455,2
400,7.15411996841,10.1182248592,2
401,7.16545081139,10.1294248104,2
402,7.17926383018,10.1375048161,2
403,7.19056487083,10.1508119106,2
404,7.21586799622,10.1804008484,2
405,7.23855090141,10.196767807,2
406,7.25240397453,10.2289218903,0
407,7.26539897919,10.2531158924,0
408,7.28462290764,10.2863168716,0
409,7.29787778854,10.2871258259,0
410,7.31886196136,10.2994270325,0
411,7.3540418148,10.3268728256,0
412,7.37297296524,10.3985249996,0
413,7.44151377678,10.4263219833,0
414,7.47065591812,10.4363098145,0
415,7.49970078468,10.4735648632,0
416,7.51197290421,10.49877882,0
417,7.53292584419,10.5116689205,0
418,7.56465983391,10.5358848572,0
419,7.57859992981,10.5440700054,0
420,7.60053181648,10.6023929119,0
421,7.61346387863,10.6031579971,0
422,7.63562083244,10.6197228432,0
423,7.65272879601,10.620388031,0
424,7.67533898354,10.6474268436,0
425,7.68714284897,10.6489548683,0
426,7.71146798134,10.6822190285,0
427,7.72407078743,10.738754034,0
428,7.81071686745,10.7672610283,2
429,7.8223118782,10.7839069366,2
430,7.83770990372,10.8079109192,2
431,7.85344099998,10.8107869625,2
432,7.86727595329,10.8269970417,2
433,7.88165187836,10.8405480385,2
434,7.89802384377,10.8676009178,2
435,7.91232776642,10.8775308132,2
436,7.92885494232,10.8881669044,2
437,7.9407248497,10.9085140228,2
438,7.9553809166,10.9114370346,2
439,7.9770758152,10.9501588345,2
440,7.98995184898,10.9552359581,2
441,8.00377678871,10.9649498463,2
442,8.02050089836,10.9805698395,2
443,8.04203176498,10.9993178844,2
444,8.05389690399,11.0167648792,2
445,8.06723999977,11.0468828678,2
446,8.08250284195,11.0580089092,2
447,8.09833478928,11.0617508888,2
448,8.11383891106,11.0977449417,2
449,8.14847588539,11.1237130165,2
450,8.1636068821,11.1302440166,2
451,8.18347883224,11.1904668808,2
452,8.19958281517,11.1922409534,2
453,8.22261095047,11.195789814,2
454,8.2362818718,11.1979420185,0
455,8.26016187668,11.2315218449,0
456,8.28906083107,11.2537009716,0
457,8.30286693573,11.2628788948,0
458,8.32381486893,11.2975380421,0
459,8.33740592003,11.307464838,0
460,8.357629776,11.314991951,0
461,8.37036299706,11.3298659325,0
462,8.39081597328,11.3632278442,0
463,8.40776085854,11.3754630089,0
464,8.42265081406,11.381207943,0
465,8.4343829155,11.3926579952,0
466,8.4465239048,11.4041838646,0
467,8.46459388733,11.4466588497,0
468,8.48749899864,11.4531459808,0
469,8.5020468235,11.4644060135,0
470,8.51418399811,11.4760239124,0
471,8.53833985329,11.4961569309,0
472,8.55264782906,11.5176930428,0
473,8.57233977318,11.5316128731,0
474,8.58399176598,11.5465428829,0
475,8.59585881233,11.56062603,0
476,8.60955286026,11.5795068741,0
477,8.62388682365,11.590914011,0
478,8.63595199585,11.5941460133,0
479,8.64833879471,11.6237130165,0
480,8.66239190102,11.6507148743,0
481,8.68125295639,11.6629040241,0
482,8.69271278381,11.6923220158,0
483,8.71698784828,11.7004199028,2
484,8.75209379196,11.7153639793,2
485,8.787514925,11.7551789284,2
486,8.80224299431,11.7650609016,2
487,8.81718087196,11.7970168591,2
488,8.82895588875,11.8038918972,2
489,8.84303998947,11.8063759804,2
490,8.86151099205,11.8377439976,2
491,8.87400698662,11.8389940262,2
492,8.8959980011,11.8544559479,2
493,8.90824198723,11.8743970394,2
494,8.93056297302,11.8999860287,2
495,8.94433379173,11.9251618385,2
496,8.95631194115,11.925896883,2
497,8.97130489349,11.9309098721,2
498,8.98485589027,11.9438278675,2
499,9.00147294998,11.969408989,2
500,9.01300787926,11.978345871,2
501,9.02583289146,11.9883220196,2
502,9.04082489014,12.0083208084,2
503,9.05485582352,12.0119748116,2
504,9.07597899437,12.0407419205,2
505,9.10081386566,12.0590219498,2
506,9.11338877678,12.0881149769,2
507,9.12497186661,12.0969829559,2
508,9.14502096176,12.1241059303,2
509,9.15814876556,12.1251718998,2
510,9.17919397354,12.138204813,0
511,9.19175887108,12.158290863,0
512,9.21492886543,12.1751389503,0
513,9.22996497154,12.1969380379,0
514,9.24954581261,12.223721981,0
515,9.26295185089,12.2708790302,0
516,9.27512383461,12.2719249725,0
517,9.2898068428,12.27343297,0
518,9.30311179161,12.3140439987,0
519,9.32740592957,12.314814806,0
520,9.34497690201,12.3157019615,0
521,9.36073279381,12.3192858696,0
522,9.3724398613,12.3355548382,0
523,9.40478897095,12.3755400181,0
524,9.4197909832,12.3830318451,0
525,9.43353390694,12.3904249668,0
526,9.44532179832,12.4035348892,0
527,9.48869585991,12.4449729919,0
528,9.50145888329,12.4759569168,0
529,9.51389694214,12.5114479065,0
530,9.52531099319,12.5121889114,0
531,9.54660391808,12.5273008347,0
532,9.57660198212,12.5505628586,0
533,9.59127092361,12.5555109978,0
534,9.61210799217,12.5819778442,0
535,9.62447476387,12.590651989,0
536,9.64851284027,12.6289620399,0
537,9.66307592392,12.6597089767,3
538,9.68375682831,12.6641728878,3
539,9.69694590569,12.6646749973,3
540,9.71947479248,12.6873350143,3
541,9.73394393921,12.6958959103,3
542,9.75517582893,12.715941906,3
543,9.77035593987,12.7305278778,3
544,9.78930187225,12.7698378563,3
545,9.80791497231,12.7995560169,3
546,9.82262277603,12.8077700138,3
547,9.83928990364,12.8081479073,3
548,9.85648393631,12.8268668652,3
549,9.86920881271,12.8373758793,3
550,9.90177488327,12.873497963,3
551,9.92844200134,12.904914856,3
552,9.96560382843,12.933795929,3
553,9.98396587372,12.9774899483,3
554,10.0353469849,13.0149278641,3
555,10.0468058586,13.054404974,3
556,10.0765857697,13.0808868408,3
557,10.0885798931,13.0816948414,3
558,10.1068599224,13.0824689865,3
559,10.1248028278,13.0834000111,3
560,10.1511127949,13.1169910431,3
561,10.1764509678,13.15604496,3
562,10.1890408993,13.158356905,3
563,10.211014986,13.1712670326,3
564,10.2236008644,13.1850008965,1
565,10.2464258671,13.2067029476,1
566,10.2581539154,13.2225680351,1
567,10.271091938,13.230784893,1
568,10.2839949131,13.2528560162,1
569,10.2987279892,13.2626678944,1
570,10.3135719299,13.2751848698,1
571,10.3292379379,13.2894630432,1
572,10.3431458473,13.3198039532,1
573,10.3574798107,13.3223848343,1
574,10.3768408298,13.3601288795,1
575,10.3916649818,13.3819749355,1
576,10.4131388664,13.3925769329,1
577,10.4260458946,13.4297640324,1
578,10.4485418797,13.4312419891,1
579,10.4615049362,13.4324359894,1
580,10.4836778641,13.458220005,1
581,10.5029008389,13.4608058929,1
582,10.5279917717,13.4930758476,1
583,10.5532929897,13.5255680084,1
584,10.5868928432,13.5583238602,1
585,10.6029868126,13.5630848408,1
586,10.6204128265,13.6342489719,1
587,10.6356577873,13.6352038383,1
588,10.6595897675,13.6359548569,1
589,10.6727828979,13.6403608322,1
590,10.6970698833,13.672950983,3
591,10.7259919643,13.7028989792,3
592,10.7412698269,13.7051739693,3
593,10.7608919144,13.7285020351,3
594,10.7744047642,13.7372169495,3
595,10.7946939468,13.7531850338,3
596,10.806625843,13.7825539112,3
597,10.8197448254,13.7833278179,3
598,10.8330237865,13.8361058235,3
599,10.8510718346,13.8369250298,3
600,10.8640639782,13.8373069763,3
601,10.8841459751,13.8682208061,3
602,10.8993330002,13.8687949181,3
603,10.9234499931,13.8940248489,3
604,10.9370708466,13.9083800316,3
605,10.9648649693,13.9325048923,3
606,10.9773638248,13.9365530014,3
607,10.9957518578,13.9546790123,3
608,11.0082168579,13.982077837,3
609,11.020968914,13.9853830338,3
610,11.0340337753,13.995374918,3
611,11.0456387997,14.0096318722,3
612,11.0706977844,14.0450468063,3
613,11.0836479664,14.0547838211,3
614,11.0975129604,14.0811929703,3
615,11.1216869354,14.0935268402,3
616,11.1467587948,14.1329948902,3
617,11.1584877968,14.1391348839,3
618,11.1825819016,14.1410558224,3
619,11.1946759224,14.1521320343,1
620,11.2215688229,14.1863298416,1
621,11.2350809574,14.2100498676,1
622,11.2585778236,14.2186698914,1
623,11.277848959,14.2461340427,1
624,11.2900087833,14.2493200302,1
625,11.3029108047,14.2615048885,1
626,11.3182909489,14.3055758476,1
627,11.3316919804,14.3148159981,1
628,11.345143795,14.3162949085,1
629,11.3608989716,14.3298368454,1
630,11.3958687782,14.3535358906,1
631,11.4076018333,14.3729639053,1
632,11.4252128601,14.4016909599,1
633,11.438136816,14.4126458168,1
634,11.4534928799,14.4203209877,1
635,11.4731309414,14.4362089634,1
636,11.4847319126,14.4483430386,1
637,11.5033049583,14.5194849968,1
638,11.5212857723,14.5204570293,1
639,11.5330867767,14.5342988968,2
640,11.5455379486,14.5351729393,2
641,11.5585608482,14.541203022,2
642,11.5755198002,14.5455029011,2
643,11.5897469521,14.5478949547,2
644,11.6139228344,14.5820968151,2
645,11.6263217926,14.5899050236,2
646,11.640381813,14.6094369888,2
647,11.6538918018,14.6357328892,2
648,11.6715779305,14.646946907,2
649,11.6916258335,14.6536619663,2
650,11.7083399296,14.6804089546,2
651,11.7222578526,14.751513958,2
652,11.7899799347,14.755851984,2
653,11.8098859787,14.7699480057,2
654,11.8218369484,14.7831568718,2
655,11.8552749157,14.8220648766,2
656,11.8717367649,14.850028038,2
657,11.8847258091,14.8611369133,2
658,11.8987867832,14.8687708378,2
659,11.9210958481,14.8901460171,0
660,11.9517149925,14.9202530384,0
661,11.9651329517,14.9301259518,0
662,11.981525898,14.9405169487,0
663,11.9939639568,14.9561629295,0
664,12.0082089901,14.9726698399,0
665,12.0268859863,15.0024588108,0
666,12.0422439575,15.0104570389,0
667,12.0575668812,15.0978329182,0
668,12.0737037659,15.0988388062,0
669,12.0947589874,15.0992939472,0
670,12.1115319729,15.0997238159,0
671,12.1313819885,15.1054120064,0
672,12.1430518627,15.109539032,0
673,12.1674389839,15.1270539761,0
674,12.1813027859,15.1471669674,0
675,12.1949818134,15.1557879448,0
676,12.2075078487,15.1925618649,0
677,12.2199339867,15.1934349537,0
678,12.2314798832,15.1975438595,0
679,12.2475678921,15.2055280209,0
680,12.2784438133,15.2463829517,0
681,12.2983307838,15.2565259933,0
682,12.3140017986,15.2835869789,0
683,12.3257708549,15.2948570251,0
684,12.3371667862,15.3033149242,0
685,12.3505959511,15.3685770035,0
686,12.3852319717,15.3705439568,0
687,12.4046359062,15.3731389046,2
688,12.427741766,15.4034869671,2
689,12.4570639133,15.4186859131,2
690,12.4709157944,15.4434258938,2
691,12.4855699539,15.4489328861,2
692,12.5052309036,15.4808499813,2
693,12.5202968121,15.4822030067,2
694,12.5420539379,15.5112168789,2
695,12.5578269958,15.5203340054,2
696,12.5795929432,15.5397930145,2
697,12.5919938087,15.5524089336,2
698,12.6129488945,15.5808069706,2
699,12.6268489361,15.59146595,2
700,12.6413838863,15.6020820141,2
701,12.653731823,15.6172738075,2
702,12.6712448597,15.6295800209,2
703,12.6901087761,15.6538748741,2
704,12.7038238049,15.6685650349,2
705,12.7187969685,15.7066898346,2
706,12.7332918644,15.7655818462,2
707,12.7556138039,15.7732639313,2
708,12.7703239918,15.7742078304,2
709,12.7930839062,15.808152914,2
710,12.8054838181,15.8090138435,2
711,12.8344697952,15.809830904,2
712,12.8616838455,15.8391518593,0
713,12.8746798038,15.8486208916,0
714,12.8973639011,15.8660809994,0
715,12.9098639488,15.8775839806,0
716,12.932559967,15.9125359058,0
717,12.9442548752,15.9783568382,0
718,12.9678177834,15.9793329239,0
719,12.9793348312,15.9801738262,0
720,13.0035657883,15.9809219837,0
721,13.0218288898,15.9837369919,0
722,13.0458369255,16.0142400265,0
723,13.0732967854,16.0358419418,0
724,13.0855429173,16.0493350029,0
725,13.1083488464,16.0711708069,0
726,13.1199529171,16.091244936,0
727,13.1366558075,16.1227679253,0
728,13.15625,16.1326858997,0
729,13.1726179123,16.1443178654,0
730,13.1928079128,16.1521790028,0
731,13.2242269516,16.1820309162,0
732,13.2432878017,16.2184009552,0
733,13.2654139996,16.2262558937,0
734,13.2799539566,16.261934042,0
735,13.2926228046,16.2705788612,0
736,13.3242399693,16.3009150028,0
737,13.3369309902,16.3039059639,0
738,13.3605029583,16.3275558949,0
739,13.3722069263,16.3329489231,0
740,13.3926467896,16.3514988422,0
741,13.4047148228,16.3874189854,2
742,13.418432951,16.3885040283,2
743,13.4333119392,16.4048678875,2
744,13.4477279186,16.4076008797,2
745,13.4642379284,16.432585001,2
746,13.4765148163,16.4425578117,2
747,13.4926879406,16.4537379742,2
748,13.505769968,16.4680240154,2
749,13.518340826,16.4796659946,2
750,13.5388848782,16.5043900013,2
751,13.5555479527,16.5428068638,2
752,13.569786787,16.5556440353,2
753,13.5813009739,16.5587608814,2
754,13.5944478512,16.5792298317,2
755,13.6102519035,16.5924839973,2
756,13.6220319271,16.5969688892,2
757,13.646573782,16.6079750061,2
758,13.6798517704,16.6465029716,2
759,13.6939828396,16.6553759575,2
760,13.709556818,16.6687719822,2
761,13.7211318016,16.6835319996,2
762,13.7350029945,16.7002329826,0
763,13.7532057762,16.7345478535,0
764,13.7705919743,16.7561399937,0
765,13.7848248482,16.7663450241,0
766,13.7974009514,16.791066885,0
767,13.8103539944,16.7914838791,0
768,13.8221709728,16.7998189926,0
769,13.8336369991,16.8083360195,0
770,13.8586368561,16.8319590092,0
771,13.8715307713,16.8330409527,0
772,13.8926508427,16.8625459671,0
773,13.91010499,16.8700149059,0
774,13.9308028221,16.9071829319,0
775,13.9431629181,16.9095318317,0
776,13.9640598297,16.9268460274,0
777,13.9763538837,16.9405269623,0
778,14.0000998974,16.9599659443,0
779,14.0118367672,16.9765000343,0
780,14.0251469612,16.9866588116,0
781,14.0412809849,17.0225818157,0
782,14.0530908108,17.0376110077,0
783,14.0658829212,17.0428218842,0
784,14.0783538818,17.0494978428,0
785,14.0910329819,17.0509679317,0
786,14.1241889,17.1050229073,0
787,14.139384985,17.1124589443,0
788,14.151722908,17.119412899,0
789,14.165104866,17.1357328892,0
790,14.1802327633,17.1396708488,0
791,14.1999008656,17.1581640244,0
792,14.2167108059,17.1890089512,2
793,14.2460749149,17.2044949532,2
794,14.2598719597,17.2362649441,2
795,14.2720799446,17.242702961,2
796,14.2905919552,17.2515108585,2
797,14.3041248322,17.2715499401,2
798,14.3273348808,17.2861859798,2
799,14.3438959122,17.3145728111,2
800,14.3599789143,17.3194518089,2
801,14.3733899593,17.334774971,2
802,14.3850669861,17.3447108269,2
803,14.4061467648,17.3768320084,2
804,14.4182999134,17.3911168575,2
805,14.4363529682,17.4123818874,2
806,14.4542927742,17.4223070145,2
807,14.4782748222,17.458178997,2
808,14.4928479195,17.4859728813,2
809,14.5141448975,17.5374178886,2
810,14.5267469883,17.5429699421,2
811,14.5499529839,17.5593960285,2
812,14.5620009899,17.5702140331,2
813,14.5861418247,17.5822548866,2
814,14.600001812,17.5933609009,2
815,14.6296598911,17.6004548073,2
816,14.6439528465,17.6040790081,2
817,14.6574528217,17.6206598282,2
818,14.6696119308,17.6297988892,2
819,14.6812589169,17.6487388611,2
820,14.6936948299,17.6635529995,0
821,14.7056908607,17.6691830158,0
822,14.7177009583,17.676117897,0
823,14.7315819263,17.6938638687,0
824,14.7471158504,17.7163259983,0
825,14.7603108883,17.7726969719,0
826,14.7729198933,17.7748329639,0
827,14.7862739563,17.8435230255,0
828,14.7978248596,17.8455469608,0
829,14.8201208115,17.874161005,0
830,14.8321428299,17.8820269108,0
831,14.8441259861,17.8941240311,0
832,14.8560087681,17.8962888718,0
833,14.8675777912,17.8978319168,0
834,14.894397974,17.8995540142,0
835,14.9103808403,17.9003689289,0
836,14.9325349331,17.9060540199,0
837,14.9444248676,17.9326028824,0
838,14.9809498787,17.9423098564,0
839,14.9937829971,17.9541089535,0
840,15.0053777695,17.9660689831,0
841,15.0172498226,17.9806249142,0
842,15.0292928219,18.0031599998,0
843,15.0437698364,18.0146310329,0
844,15.0558898449,18.0217549801,0
845,15.0675499439,18.0501158237,3
846,15.0823428631,18.0578169823,3
847,15.0961248875,18.1231808662,3
848,15.1776869297,18.1417059898,3
849,15.1894037724,18.1537289619,3
850,15.215159893,18.1865470409,3
851,15.2277438641,18.2071290016,3
852,15.2434108257,18.2129518986,3
853,15.2552578449,18.2179028988,3
854,15.267059803,18.2281880379,3
855,15.2937269211,18.2722098827,3
856,15.3253448009,18.2866120338,3
857,15.3373668194,18.2975568771,3
858,15.3493437767,18.3163080215,3
859,15.3662238121,18.3248958588,3
860,15.3806438446,18.3419089317,3
861,15.3962359428,18.3529059887,3
862,15.409403801,18.3723638058,3
863,15.4286408424,18.4262878895,3
864,15.4730138779,18.4293830395,3
865,15.4849359989,18.441437006,3
866,15.496368885,18.4564800262,1
867,15.519785881,18.4787509441,1
868,15.5354478359,18.5115020275,1
869,15.5669548512,18.5408098698,1
870,15.5787379742,18.5588858128,1
871,15.5902178288,18.5600099564,1
872,15.6107478142,18.57041502,1
873,15.6248588562,18.5821628571,1
874,15.6421399117,18.6029369831,1
875,15.6568808556,18.6227149963,1
876,15.6715250015,18.6351218224,1
877,15.6831028461,18.6533508301,1
878,15.6989588737,18.6656839848,1
879,15.7108938694,18.6765139103,1
880,15.7241377831,18.6891310215,1
881,15.7362148762,18.6989719868,1
882,15.7547857761,18.7309608459,1
883,15.7719697952,18.803467989,1
884,15.7852919102,18.804420948,1
885,15.8007068634,18.8048288822,1
886,15.8218958378,18.8072040081,2
887,15.8346319199,18.8101298809,2
888,15.8608629704,18.8202528954,2
889,15.8951058388,18.9191148281,2
890,15.9114069939,18.9290249348,2
891,15.9241189957,18.9378948212,2
892,15.9374759197,18.9390368462,2
893,15.9572489262,18.9497888088,2
894,15.9711458683,18.9510149956,2
895,15.9829399586,18.9518089294,2
896,15.9948019981,18.954210043,2
897,16.0111269951,18.9732220173,2
898,16.0231838226,18.9832849503,2
899,16.0355467796,18.9980969429,2
900,16.0471949577,19.0141808987,2
901,16.0587859154,19.0215959549,2
902,16.0724928379,19.0378029346,2
903,16.0849199295,19.0526809692,2
904,16.0995619297,19.1106228828,2
905,16.1114618778,19.111479044,2
906,16.1233417988,19.112293005,2
907,16.139539957,19.1378548145,2
908,16.1545307636,19.1418700218,2
909,16.1777768135,19.1426589489,2
910,16.2112429142,19.1702408791,2
911,16.2279479504,19.1949110031,2
912,16.2469029427,19.2085549831,0
913,16.2584319115,19.2164218426,0
914,16.2719519138,19.2346968651,0
915,16.2870409489,19.2455048561,0
916,16.3008549213,19.2696199417,0
917,16.3173367977,19.2926049232,0
918,16.329720974,19.3084788322,0
919,16.3472847939,19.3116338253,0
920,16.3593978882,19.3177928925,0
921,16.3784599304,19.3915820122,0
922,16.4452238083,19.4042048454,0
923,16.4568579197,19.420776844,0
924,16.4682328701,19.4330878258,0
925,16.4797477722,19.4416949749,0
926,16.4913229942,19.460039854,0
927,16.5047018528,19.4774038792,0
928,16.5168228149,19.4779028893,0
929,16.5338768959,19.4917700291,0
930,16.5487778187,19.5095980167,0
931,16.5617098808,19.532230854,0
932,16.579061985,19.5422568321,0
933,16.5910918713,19.5476908684,0
934,16.6035587788,19.5639929771,0
935,16.6165349483,19.5761659145,0
936,16.6339788437,19.6027059555,0
937,16.6461730003,19.6113169193,0
938,16.6614937782,19.6317749023,3
939,16.6757998466,19.63773489,3
940,16.6901869774,19.653482914,3
941,16.7090308666,19.6738369465,3
942,16.7305858135,19.6884298325,3
943,16.7449548244,19.720266819,3
944,16.76343894,19.7236938477,3
945,16.7954769135,19.8043608665,3
946,16.8580479622,19.8187298775,3
947,16.882119894,19.8502700329,3
948,16.8941559792,19.8604369164,3
949,16.9060099125,19.8722410202,3
950,16.9202618599,19.8870899677,3
951,16.9320108891,19.8930399418,3
952,16.9609949589,19.9310848713,3
953,16.9783108234,19.9346199036,3
954,16.99421978,19.9533479214,3
955,17.0070619583,19.969591856,3
956,17.0353858471,20.0021619797,3
957,17.0473787785,20.0100338459,3
958,17.0594367981,20.0291860104,3
959,17.071436882,20.0404558182,3
960,17.0827968121,20.0451478958,3
961,17.1032009125,20.0629680157,3
962,17.1305968761,20.0877380371,3
963,17.1459679604,20.1109008789,3
964,17.16016078,20.136330843,3
965,17.171931982,20.145788908,3
966,17.1856508255,20.1620109081,1
967,17.2016458511,20.1689279079,1
968,17.2145688534,20.1734139919,1
969,17.2377169132,20.194950819,1
970,17.2513639927,20.218048811,1
971,17.2633988857,20.2238240242,1
972,17.2757217884,20.236232996,1
973,17.2872438431,20.2491879463,1
974,17.3096988201,20.2792818546,1
975,17.3217129707,20.2903740406,1
976,17.3370440006,20.295140028,1
977,17.3506119251,20.3244040012,1
978,17.3626129627,20.3275330067,1
979,17.3809947968,20.3440339565,1
980,17.3963649273,20.3564119339,1
981,17.4163630009,20.3847908974,1
982,17.4298198223,20.3988130093,1
983,17.4451408386,20.4055228233,1
984,17.4574549198,20.4213809967,1
985,17.4696509838,20.4352350235,1
986,17.4922988415,20.4645349979,2
987,17.5139198303,20.4719920158,2
988,17.5278718472,20.5001058578,2
989,17.5409269333,20.5037529469,2
990,17.558991909,20.5814838409,2
991,17.5721349716,20.5934808254,2
992,17.5977268219,20.6016709805,2
993,17.6133677959,20.6086058617,2
994,17.6323158741,20.6098878384,2
995,17.645870924,20.6140928268,2
996,17.6653938293,20.6317448616,2
997,17.6805818081,20.6667728424,2
998,17.6956348419,20.6746089458,2
999,17.7073128223,20.6795449257,2
1000,17.7214009762,20.680934906,2
1001,17.7335669994,20.693035841,2
1002,17.756084919,20.7131249905,2
1003,17.7739109993,20.7312548161,2
1004,17.7875618935,20.7539849281,2
1005,17.7990939617,20.7854199409,2
1006,17.8121438026,20.7903439999,2
1007,17.8239238262,20.8181278706,0
1008,17.8444478512,20.8204069138,0
1009,17.8630518913,20.8900289536,0
1010,17.9505608082,20.9077889919,0
1011,17.9621908665,20.9194488525,0
1012,17.9744069576,20.9503428936,0
1013,17.9914159775,20.976339817,0
1014,18.0126857758,21.0291478634,0
1015,18.041331768,21.0307388306,0
1016,18.0565028191,21.0318729877,0
1017,18.0775709152,21.0744488239,0
1018,18.114440918,21.0836420059,0
1019,18.1266307831,21.0846478939,0
1020,18.1565439701,21.1453328133,0
1021,18.1830208302,21.1503498554,0
1022,18.1959388256,21.1546850204,0
1023,18.2079749107,21.169315815,0
1024,18.2459719181,21.2109060287,0
1025,18.2666988373,21.2305879593,0
1026,18.2782878876,21.2362439632,0
1027,18.289659977,21.2549338341,0
1028,18.3034749031,21.2705478668,0
1029,18.3220119476,21.292981863,0
1030,18.3383178711,21.2993338108,0
1031,18.3526358604,21.3253228664,0
1032,18.36606884,21.3908448219,0
1033,18.379270792,21.410779953,0
1034,18.394536972,21.4129228592,2
1035,18.4182019234,21.4134860039,2
1036,18.4303658009,21.4205889702,2
1037,18.4561328888,21.4265489578,2
1038,18.4693439007,21.4270198345,2
1039,18.498472929,21.4660878181,2
1040,18.5122787952,21.4736230373,2
1041,18.5245399475,21.5031340122,2
1042,18.5372889042,21.5637309551,2
1043,18.5494878292,21.6612010002,2
1044,18.5706958771,21.6622560024,2
1045,18.5827229023,21.6636469364,2
1046,18.6099758148,21.670347929,2
1047,18.6217529774,21.6911559105,2
1048,18.6495559216,21.6954598427,2
1049,18.6632728577,21.701102972,2
1050,18.6876449585,21.7107489109,2
1051,18.6999208927,21.7117500305,2
1052,18.729970932,21.7215359211,2
1053,18.7552127838,21.7271869183,2
1054,18.7686388493,21.7345340252,2
1055,18.7930378914,21.7530238628,2
1056,18.8076989651,21.7678658962,2
1057,18.8193287849,21.8018820286,2
1058,18.8368179798,21.8122439384,2
1059,18.8543148041,21.8126969337,2
1060,18.8663318157,21.8269879818,2
1061,18.8816218376,21.8431808949,2
1062,18.8971259594,21.8665628433,0
1063,18.9091279507,21.8675029278,0
1064,18.9230108261,21.8946490288,0
1065,18.9349868298,21.9000320435,0
1066,18.9545547962,21.936604023,0
1067,18.9688489437,21.9453039169,0
1068,18.9820230007,21.9483869076,0
1069,18.9973168373,21.9615218639,0
1070,19.0288059711,22.0038309097,0
1071,19.0474739075,22.0071899891,0
1072,19.0616338253,22.0179560184,0
1073,19.0741319656,22.0345318317,0
1074,19.0858559608,22.0691399574,0
1075,19.1178488731,22.1109030247,0
1076,19.1360988617,22.141356945,0
1077,19.1480689049,22.1422638893,0
1078,19.1748077869,22.1514298916,0
1079,19.1880609989,22.156927824,0
1080,19.2165658474,22.1839230061,0
1081,19.2430357933,22.2183709145,0
1082,19.2587189674,22.2234978676,0
1083,19.2771759033,22.282189846,0
1084,19.310546875,22.2851099968,0
1085,19.3248009682,22.3009970188,0
1086,19.3488588333,22.3139379025,0
1087,19.388728857,22.3503718376,0
1088,19.4026389122,22.3660149574,2
1089,19.4155619144,22.377384901,2
1090,19.4305298328,22.3953649998,2
1091,19.4501957893,22.4167459011,2
1092,19.4636969566,22.4313139915,2
1093,19.4789068699,22.4427540302,2
1094,19.4972097874,22.4606280327,2
1095,19.5170137882,22.4959728718,2
1096,19.5383958817,22.499434948,2
1097,19.5531408787,22.5164139271,2
1098,19.5700838566,22.5338628292,2
1099,19.5971059799,22.5697720051,2
1100,19.609115839,22.5850989819,2
1101,19.6255009174,22.5916118622,2
1102,19.6381189823,22.6011118889,2
1103,19.6610388756,22.6298220158,2
1104,19.6734478474,22.6389949322,2
1105,19.6864659786,22.6538980007,2
1106,19.7024798393,22.6666328907,2
1107,19.7143588066,22.680991888,2
1108,19.7362568378,22.7025368214,2
1109,19.7539668083,22.7181799412,2
1110,19.768185854,22.7442979813,2
1111,19.7827408314,22.7474958897,2
1112,19.8041408062,22.786149025,0
1113,19.8196129799,22.7908959389,0
1114,19.8480288982,22.8230779171,0
1115,19.8806087971,22.885848999,0
1116,19.8926978111,22.886811018,0
1117,19.9164018631,22.9034438133,0
1118,19.930741787,22.9285669327,0
1119,19.9566037655,22.972080946,0
1120,19.9684309959,22.9728558064,0
1121,20.0255289078,22.9993839264,0
1122,20.0371408463,23.0128309727,0
1123,20.0608987808,23.0658638477,0
1124,20.0738627911,23.0666429996,0
1125,20.0981299877,23.0829780102,0
1126,20.1143858433,23.0858969688,0
1127,20.1320388317,23.0909209251,0
1128,20.1441168785,23.1006298065,0
1129,20.1672987938,23.1251149178,0
1130,20.1797788143,23.1364319324,0
1131,20.1918587685,23.1555998325,0
1132,20.205824852,23.1719858646,0
1133,20.2184648514,23.1839900017,0
1134,20.2304599285,23.1896929741,3
1135,20.2423827648,23.2099540234,3
1136,20.2569568157,23.2163879871,3
1137,20.2773468494,23.234128952,3
1138,20.2898907661,23.2597119808,3
1139,20.3025817871,23.2707748413,3
1140,20.3151259422,23.2820489407,3
1141,20.327256918,23.3006248474,3
1142,20.3472969532,23.3094308376,3
1143,20.3610258102,23.3276209831,3
1144,20.3756527901,23.3428788185,3
1145,20.3879678249,23.3685529232,3
1146,20.4023537636,23.3698840141,3
1147,20.4139399529,23.3791339397,3
1148,20.4293568134,23.4037230015,3
1149,20.4438588619,23.4077618122,3
1150,20.4679307938,23.4317250252,3
1151,20.4996578693,23.4683828354,3
1152,20.5147218704,23.4767520428,3
1153,20.5290648937,23.4864349365,3
1154,20.5405299664,23.502122879,3
1155,20.5542228222,23.5135579109,3
1156,20.5755999088,23.5412688255,3
1157,20.588133812,23.568351984,1
1158,20.6017038822,23.5735759735,1
1159,20.6133668423,23.5800039768,1
1160,20.6254398823,23.5879228115,1
1161,20.642829895,23.6124699116,1
1162,20.6558368206,23.6281850338,1
1163,20.6746759415,23.6314828396,1
1164,20.6865859032,23.6481499672,1
1165,20.6984639168,23.6625628471,1
1166,20.721601963,23.6984050274,1
1167,20.7432057858,23.721146822,1
1168,20.7560739517,23.7306728363,1
1169,20.7697849274,23.7379949093,1
1170,20.7863168716,23.7459828854,1
1171,20.8000478745,23.7609548569,1
1172,20.8227808475,23.77983284,1
1173,20.8377628326,23.797303915,1
1174,20.8531248569,23.8121898174,1
1175,20.8653728962,23.8445110321,1
1176,20.8788349628,23.849437952,1
1177,20.8986258507,23.8587188721,1
1178,20.91365695,23.8729128838,1
1179,20.9356319904,23.9033129215,1
1180,20.9485349655,23.9262700081,2
1181,20.9605669975,23.9279818535,2
1182,20.9743537903,23.9316449165,2
1183,20.9858558178,23.9565598965,2
1184,21.0112299919,23.9733948708,2
1185,21.0282588005,23.9949288368,2
1186,21.0411059856,24.0120978355,2
1187,21.0583658218,24.05210495,2
1188,21.0751488209,24.0690658092,2
1189,21.0964207649,24.0805308819,2
1190,21.1080389023,24.0884950161,2
1191,21.1333937645,24.0962688923,2
1192,21.1456518173,24.1105918884,2
1193,21.1700248718,24.1290659904,2
1194,21.1821248531,24.148665905,2
1195,21.1979808807,24.1584579945,2
1196,21.211635828,24.173774004,2
1197,21.2250978947,24.1902229786,2
1198,21.242525816,24.2128088474,2
1199,21.2600967884,24.2202370167,2
1200,21.2754528522,24.2471959591,0
1201,21.2920088768,24.2552878857,0
1202,21.3144869804,24.27034688,0
1203,21.3285028934,24.2901630402,0
1204,21.35283494,24.3179628849,0
1205,21.3654949665,24.3260588646,0
1206,21.3802697659,24.3366639614,0
1207,21.3918919563,24.3551428318,0
1208,21.4072799683,24.3658719063,0
1209,21.4242799282,24.3906898499,0
1210,21.4421548843,24.39812994,0
1211,21.4566538334,24.4263119698,0
1212,21.4751849174,24.4328458309,0
1213,21.4923088551,24.4689748287,0
1214,21.5081548691,24.476913929,0
1215,21.5300028324,24.5366749763,0
1216,21.5630629063,24.5377969742,0
1217,21.5790059566,24.5489900112,0
1218,21.5981268883,24.5683000088,0
1219,21.6135737896,24.5768899918,0
1220,21.6334958076,24.5908780098,0
1221,21.6521778107,24.6093738079,0
1222,21.6700129509,24.6381268501,0
1223,21.682502985,24.6470389366,0
1224,21.6964168549,24.6546440125,0
1225,21.7097067833,24.683401823,0
1226,21.724178791,24.6851379871,0
1227,21.7418568134,24.7105178833,0
1228,21.7563538551,24.7244119644,0
1229,21.7767188549,24.737790823,0
1230,21.7964408398,24.7658648491,3
1231,21.8120539188,24.773763895,3
1232,21.826184988,24.8015208244,3
1233,21.8393719196,24.8110189438,3
1234,21.8561477661,24.8390369415,3
1235,21.8721477985,24.8845069408,3
1236,21.8849189281,24.8857228756,3
1237,21.9081208706,24.8955078125,3
1238,21.9405179024,24.9600338936,3
1239,21.9521198273,24.9615988731,3
1240,21.9665839672,24.9636628628,3
1241,21.9790489674,25.0145709515,3
1242,21.9906609058,25.0153310299,3
1243,22.0172247887,25.0157628059,3
1244,22.0473268032,25.0229070187,3
1245,22.0592708588,25.0239589214,3
1246,22.081253767,25.0520310402,3
1247,22.0962197781,25.0645878315,3
1248,22.1100139618,25.0693638325,3
1249,22.1222519875,25.134526968,3
1250,22.1369559765,25.1349709034,3
1251,22.1531779766,25.1361398697,3
1252,22.1668429375,25.1406190395,3
1253,22.190310955,25.1559209824,3
1254,22.2231509686,25.1901209354,3
1255,22.2351989746,25.2000279427,3
1256,22.2485358715,25.2102029324,3
1257,22.2634987831,25.2209088802,3
1258,22.2792069912,25.2389140129,3
1259,22.2965118885,25.2666919231,3
1260,22.3143699169,25.2748789787,1
1261,22.3287098408,25.3105909824,1
1262,22.3493218422,25.3112509251,1
1263,22.364759922,25.3331968784,1
1264,22.4458007812,25.4032139778,1
1265,22.4717309475,25.4339249134,1
1266,22.4834928513,25.4420759678,1
1267,22.4949457645,25.4521260262,1
1268,22.5129828453,25.4719979763,1
1269,22.5267188549,25.4883508682,1
1270,22.545773983,25.5103030205,1
1271,22.5632879734,25.5244719982,1
1272,22.5845139027,25.544615984,1
1273,22.6021728516,25.5706069469,1
1274,22.6160857677,25.5816500187,1
1275,22.6299088001,25.5921208858,1
1276,22.6435368061,25.6066219807,1
1277,22.6557178497,25.6215078831,1
1278,22.6793448925,25.6495809555,1
1279,22.6937777996,25.653719902,1
1280,22.7083098888,25.6668150425,1
1281,22.7228717804,25.6881809235,1
1282,22.7454168797,25.7141819,1
1283,22.759002924,25.7227909565,1
1284,22.7783417702,25.7371118069,1
1285,22.790268898,25.750150919,3
1286,22.8024048805,25.7644879818,3
1287,22.8208258152,25.7954180241,3
1288,22.8373367786,25.7979209423,3
1289,22.8489129543,25.8122599125,3
1290,22.8610019684,25.8246350288,3
1291,22.878018856,25.8378999233,3
1292,22.8903539181,25.8476610184,3
1293,22.9053969383,25.865888834,3
1294,22.9177589417,25.8838078976,3
1295,22.931139946,25.9022018909,3
1296,22.9509308338,25.9146769047,3
1297,22.9676098824,25.9384288788,3
1298,22.9806058407,25.947329998,3
1299,23.0037338734,25.9626350403,3
1300,23.0163228512,25.9786348343,3
1301,23.0399668217,26.0086128712,3
1302,23.0544629097,26.0224409103,3
1303,23.0689308643,26.0531220436,3
1304,23.0858678818,26.0545778275,3
1305,23.0995149612,26.0885670185,3
1306,23.1811819077,26.1465129852,3
1307,23.1985578537,26.1595528126,3
1308,23.2165257931,26.1817438602,1
1309,23.2281939983,26.2162389755,1
1310,23.2422487736,26.2431309223,1
1311,23.2562749386,26.2439169884,1
1312,23.2748179436,26.2446830273,1
1313,23.28982687,26.2484350204,1
1314,23.3038768768,26.2652499676,1
1315,23.317650795,26.2950828075,1
1316,23.3336668015,26.3016428947,1
1317,23.34947896,26.3244428635,1
1318,23.3637299538,26.3358409405,1
1319,23.3750929832,26.3389708996,1
1320,23.393611908,26.3617930412,1
1321,23.4258348942,26.3949139118,1
1322,23.4455327988,26.4048159122,1
1323,23.4578168392,26.4381918907,1
1324,23.4695169926,26.4408209324,1
1325,23.4819638729,26.4475970268,1
1326,23.501718998,26.4752168655,1
1327,23.5745158195,26.5322418213,1
1328,23.5869858265,26.5458459854,1
1329,23.6044077873,26.5679090023,2
1330,23.6162238121,26.5750069618,2
1331,23.6311709881,26.6046249866,2
1332,23.6448028088,26.6181750298,2
1333,23.6661179066,26.6280639172,2
1334,23.6793727875,26.6393158436,2
1335,23.6941227913,26.6633310318,2
1336,23.7088229656,26.6714789867,2
1337,23.7293558121,26.7002339363,2
1338,23.7410647869,26.7109680176,2
1339,23.7565357685,26.71565485,2
1340,23.7725169659,26.7487728596,2
1341,23.8017399311,26.7763140202,2
1342,23.8167867661,26.781318903,2
1343,23.8375298977,26.8039298058,2
1344,23.8502349854,26.8126809597,2
1345,23.8739647865,26.8506419659,2
1346,23.8879818916,26.8565778732,2
1347,23.9195218086,26.8860399723,2
1348,23.9424319267,26.9227919579,2
1349,23.9572708607,26.9255218506,2
1350,23.9779779911,26.9378409386,2
1351,23.9904887676,26.9473559856,2
1352,24.0140058994,26.9817459583,2
1353,24.02698493,26.9915089607,2
1354,24.041738987,27.0148179531,0
1355,24.0558829308,27.0163068771,0
1356,24.070168972,27.0410249233,0
1357,24.0881979465,27.0545430183,0
1358,24.1013789177,27.072412014,0
1359,24.1163389683,27.0851428509,0
1360,24.1279737949,27.0901529789,0
1361,24.1403939724,27.1001749039,0
1362,24.1561849117,27.116189003,0
1363,24.1734499931,27.1332559586,0
1364,24.1869227886,27.1502058506,0
1365,24.200660944,27.1658918858,0
1366,24.2177507877,27.1826038361,0
1367,24.2315728664,27.2032248974,0
1368,24.2454099655,27.2153580189,0
1369,24.267239809,27.2399249077,0
1370,24.2842378616,27.245028019,0
1371,24.3044908047,27.284471035,0
1372,24.3171308041,27.2926390171,0
1373,24.3772017956,27.3349378109,0
1374,24.3897249699,27.3522219658,0
1375,24.4017868042,27.3614578247,0
1376,24.413312912,27.3881959915,0
1377,24.4249918461,27.3966150284,0
1378,24.4365208149,27.4025998116,0
1379,24.4499499798,27.4071500301,0
1380,24.4632349014,27.4254498482,2
1381,24.4886608124,27.4456999302,2
1382,24.5029709339,27.4620299339,2
1383,24.5167548656,27.4871048927,2
1384,24.5302369595,27.5024638176,2
1385,24.5461339951,27.5134708881,2
1386,24.5600259304,27.5279529095,2
1387,24.5786168575,27.5473108292,2
1388,24.5984299183,27.5571699142,2
1389,24.6147649288,27.5884139538,2
1390,24.6296899319,27.5908768177,2
1391,24.6533708572,27.6292948723,2
1392,24.666176796,27.6376450062,2
1393,24.6885509491,27.6483948231,2
1394,24.7000529766,27.6571090221,2
1395,24.7212519646,27.6791570187,2
1396,24.7342338562,27.7008099556,2
1397,24.7501378059,27.7087438107,2
1398,24.7623357773,27.7375178337,2
1399,24.7793669701,27.7513840199,2
1400,24.793640852,27.7552599907,2
1401,24.8075897694,27.7684028149,2
1402,24.8285908699,27.7971630096,2
1403,24.8412289619,27.8241298199,2
1404,24.8566999435,27.8249309063,2
1405,24.8699018955,27.8305559158,2
1406,24.8849959373,27.8497838974,0
1407,24.9053969383,27.8814179897,0
1408,24.9259419441,27.8858308792,0
1409,24.937874794,27.9178848267,0
1410,24.9514157772,27.9228520393,0
1411,24.9731538296,27.9312589169,0
1412,24.9858839512,27.9508779049,0
1413,25.0090019703,27.9795188904,0
1414,25.0242028236,27.9847149849,0
1415,25.0429749489,28.0211470127,0
1416,25.0606949329,28.0280120373,0
1417,25.0838069916,28.0915298462,0
1418,25.0978808403,28.1216139793,0
1419,25.120043993,28.1324799061,0
1420,25.1513109207,28.1333169937,0
1421,25.1680018902,28.1363990307,0
1422,25.1865289211,28.1559920311,0
1423,25.1982679367,28.1649188995,0
1424,25.2252848148,28.2028388977,0
1425,25.2380399704,28.2261688709,0
1426,25.2573029995,28.2501330376,2
1427,25.2689728737,28.2573549747,2
1428,25.2912979126,28.2645318508,2
1429,25.3028278351,28.2684378624,2
1430,25.3272497654,28.285681963,2
1431,25.3482987881,28.3149418831,2
1432,25.3613708019,28.3248388767,2
1433,25.378059864,28.3528468609,2
1434,25.3899669647,28.3666949272,2
1435,25.4039099216,28.3682889938,2
1436,25.4217219353,28.3882658482,2
1437,25.4541099072,28.4228270054,2
1438,25.4682679176,28.431607008,2
1439,25.4800457954,28.4363379478,2
1440,25.4956769943,28.4544429779,2
1441,25.510466814,28.4733970165,2
1442,25.529173851,28.5036199093,2
1443,25.5524067879,28.5089550018,2
1444,25.5653529167,28.5407848358,2
1445,25.5840599537,28.5492060184,2
1446,25.602617979,28.5641589165,2
1447,25.6319849491,28.5998358727,2
1448,25.6444449425,28.6094889641,2
1449,25.6594247818,28.6205759048,2
1450,25.6711947918,28.6461179256,2
1451,25.682612896,28.6598730087,2
1452,25.7062277794,28.6658558846,2
1453,25.719149828,28.6790738106,2
1454,25.7393548489,28.707903862,0
1455,25.7517538071,28.7173089981,0
1456,25.76749897,28.7344419956,0
1457,25.7803997993,28.7391149998,0
1458,25.7936639786,28.7515819073,0
1459,25.8142387867,28.7710988522,0
1460,25.8360278606,28.7997069359,0
1461,25.8496778011,28.8086509705,0
1462,25.864333868,28.8287978172,0
1463,25.8794679642,28.8394539356,0
1464,25.8929548264,28.8501908779,0
1465,25.9065628052,28.8772878647,0
1466,25.9214859009,28.8913068771,0
1467,25.9347097874,28.894644022,0
1468,25.9480109215,28.9147498608,0
1469,25.964348793,28.9275870323,0
1470,25.9787809849,28.9508628845,0
1471,25.9913048744,28.9598739147,0
1472,26.0044689178,28.9637508392,0
1473,26.0162329674,28.9851689339,0
1474,26.0366518497,28.9995338917,0
1475,26.055328846,29.0352208614,0
1476,26.0767607689,29.0429370403,0
1477,26.0896008015,29.0505058765,0
1478,26.101421833,29.0625619888,0
1479,26.1250808239,29.0956578255,0
1480,26.1389939785,29.1230700016,2
1481,26.1511888504,29.1268708706,2
1482,26.1647939682,29.1423938274,2
1483,26.1796109676,29.1484529972,2
1484,26.2062008381,29.1766588688,2
1485,26.2220919132,29.1814758778,2
1486,26.2343719006,29.1965799332,2
1487,26.2499217987,29.2135930061,2
1488,26.2621588707,29.2330999374,2
1489,26.2739698887,29.2373850346,2
1490,26.2859427929,29.2525238991,2
1491,26.2976138592,29.2561049461,2
1492,26.3154029846,29.275331974,2
1493,26.3323128223,29.2990119457,2
1494,26.348916769,29.3076348305,2
1495,26.3645949364,29.3381259441,2
1496,26.3761298656,29.3455638885,2
1497,26.3880238533,29.4059410095,2
1498,26.4602949619,29.4387459755,2
1499,26.4926018715,29.4559299946,2
1500,26.5046999454,29.4746208191,2
1501,26.5180418491,29.4820709229,2
1502,26.5298118591,29.4885578156,0
1503,26.548306942,29.5427708626,0
1504,26.5744388103,29.574048996,0
1505,26.5892469883,29.579269886,0
1506,26.6010158062,29.5802028179,0
1507,26.6125278473,29.5825009346,0
1508,26.6470217705,29.6135070324,0
1509,26.6599378586,29.6220068932,0
1510,26.6721749306,29.6324539185,0
1511,26.684720993,29.6502859592,0
1512,26.6968607903,29.6657059193,0
1513,26.7199947834,29.6866109371,0
1514,26.7316858768,29.6966118813,0
1515,26.7515559196,29.7317788601,0
1516,26.767346859,29.7380418777,0
1517,26.7883107662,29.7581489086,0
1518,26.8079957962,29.8193619251,0
1519,26.8734099865,29.8320670128,0
1520,26.8968729973,29.8542149067,0
1521,26.9085738659,29.872961998,0
1522,26.9202129841,29.8791508675,0
1523,26.9324269295,29.9003689289,0
1524,26.9465208054,29.9159138203,2
1525,26.9586057663,29.9216740131,2
1526,26.9989497662,29.9728808403,2
1527,27.0221858025,29.9813640118,2
1528,27.0401079655,30.0102379322,2
1529,27.0529708862,30.0248179436,2
1530,27.0792617798,30.056470871,2
1531,27.0943248272,30.082777977,2
1532,27.1119439602,30.0939218998,2
1533,27.1264097691,30.1010048389,2
1534,27.1479489803,30.1059038639,2
1535,27.1602079868,30.1265900135,2
1536,27.1838889122,30.1430778503,2
1537,27.1999599934,30.1646068096,2
1538,27.2184309959,30.1910488605,2
1539,27.2307789326,30.2058949471,2
1540,27.2433538437,30.207777977,2
1541,27.2566509247,30.217799902,2
1542,27.2689409256,30.2293899059,2
1543,27.2921597958,30.2739918232,2
1544,27.3049659729,30.2758300304,2
1545,27.3184919357,30.2790648937,2
1546,27.3309078217,30.307612896,2
1547,27.3426408768,30.3151519299,2
1548,27.3634698391,30.3300738335,2
1549,27.3762388229,30.3431060314,2
1550,27.3990988731,30.3703198433,2
1551,27.4163489342,30.384832859,2
1552,27.4310598373,30.4112458229,2
1553,27.442691803,30.4148159027,2
1554,27.4576818943,30.4507749081,0
1555,27.4719378948,30.4571590424,0
1556,27.4857628345,30.4598200321,0
1557,27.512141943,30.4765188694,0
1558,27.545994997,30.5142729282,0
1559,27.5575349331,30.5240569115,0
1560,27.5692129135,30.530299902,0
1561,27.5854549408,30.5412559509,0
1562,27.5973308086,30.5589079857,0
1563,27.620901823,30.5942358971,0
1564,27.6426279545,30.5999310017,0
1565,27.6586117744,30.623914957,0
1566,27.6702048779,30.6276209354,0
1567,27.697565794,30.667536974,0
1568,27.7161068916,30.6725800037,0
1569,27.7284867764,30.6891729832,0
1570,27.7416679859,30.7036218643,0
1571,27.7601208687,30.7297589779,0
1572,27.7727389336,30.7410349846,0
1573,27.7871768475,30.7741568089,0
1574,27.7995657921,30.7825729847,0
1575,27.813480854,30.7940080166,3
1576,27.8314378262,30.7945849895,3
1577,27.8669729233,30.825469017,3
1578,27.881955862,30.84917593,3
1579,27.9005658627,30.8730618954,3
1580,27.9153718948,30.8821480274,3
1581,27.9269859791,30.8870270252,3
1582,27.9389269352,30.9182798862,3
1583,27.9508919716,30.9259779453,3
1584,27.9746589661,30.9327278137,3
1585,27.986481905,30.9450788498,3
1586,28.0101969242,30.9702990055,3
1587,28.0253789425,30.9956829548,3
1588,28.0455777645,31.0015230179,3
1589,28.0578148365,31.0312788486,3
1590,28.0700938702,31.0339009762,3
1591,28.087130785,31.0514008999,3
1592,28.1003258228,31.0617318153,3
1593,28.1216578484,31.0920569897,3
1594,28.135008812,31.1051108837,3
1595,28.1524748802,31.1344659328,3
1596,28.1701748371,31.1364529133,1
1597,28.1937549114,31.173635006,1
1598,28.206859827,31.1762909889,1
1599,28.2292869091,31.1936650276,1
1600,28.2651228905,31.2226948738,1
1601,28.286249876,31.2452478409,1
1602,28.300388813,31.2595398426,1
1603,28.3122267723,31.2797489166,1
1604,28.3235869408,31.327931881,1
1605,28.3348958492,31.3289959431,1
1606,28.3467829227,31.3539550304,1
1607,28.3600177765,31.3585569859,1
1608,28.3720917702,31.3868479729,1
1609,28.386305809,31.3874058723,1
1610,28.399091959,31.38783288,1
1611,28.4197487831,31.3925359249,1
1612,28.4526758194,31.4204678535,1
1613,28.4698867798,31.4998888969,1
1614,28.5421648026,31.5121629238,1
1615,28.5610568523,31.5326049328,1
1616,28.5723848343,31.5627639294,1
1617,28.5869688988,31.5635678768,1
1618,28.6019148827,31.5842819214,1
1619,28.6138768196,31.5863180161,1
1620,28.6322717667,31.6008749008,1
1621,28.6457698345,31.6215569973,2
1622,28.6632158756,31.6360418797,2
1623,28.6830279827,31.6419370174,2
1624,28.6972329617,31.6752970219,2
1625,28.7128567696,31.6859948635,2
1626,28.7343919277,31.7261328697,2
1627,28.7513408661,31.7400259972,2
1628,28.7740187645,31.7516798973,2
1629,28.7875919342,31.755959034,2
1630,28.8052489758,31.7679409981,2
1631,28.8206598759,31.7857718468,2
1632,28.8409659863,31.811811924,2
1633,28.8529319763,31.8270590305,2
1634,28.869617939,31.8513820171,2
1635,28.8823859692,31.8671898842,2
1636,28.8952159882,31.8677549362,2
1637,28.9134869576,31.8786978722,2
1638,28.9287078381,31.8880958557,2
1639,28.9488489628,31.9220058918,2
1640,28.9685897827,31.9354848862,2
1641,28.9800927639,31.9441599846,2
1642,29.0022959709,31.9599838257,2
1643,29.0196628571,31.9821369648,2
1644,29.0369489193,32.0064778328,2
1645,29.0518398285,32.010696888,2
1646,29.064360857,32.0226099491,0
1647,29.0832579136,32.0424518585,0
1648,29.098459959,32.0602450371,0
1649,29.1104419231,32.0743839741,0
1650,29.123696804,32.0848529339,0
1651,29.1365158558,32.0960769653,0
1652,29.1519079208,32.1279299259,0
1653,29.1697258949,32.170717001,0
1654,29.1812729836,32.1778628826,0
1655,29.1929848194,32.1845769882,0
1656,29.2051069736,32.2155778408,0
1657,29.2302508354,32.2467958927,0
1658,29.2451429367,32.247781992,0
1659,29.2635099888,32.2541120052,0
1660,29.2789099216,32.2561600208,0
1661,29.2992379665,32.262182951,0
1662,29.3118407726,32.2736849785,0
1663,29.3330388069,32.3018219471,0
1664,29.3463459015,32.3176329136,0
1665,29.3637568951,32.3850040436,0
1666,29.3754138947,32.3859579563,0
1667,29.3876338005,32.3868358135,0
1668,29.4033868313,32.4070618153,0
1669,29.4183189869,32.4102489948,0
1670,29.4407978058,32.4132399559,3
1671,29.4837348461,32.4519298077,3
1672,29.5086648464,32.4984788895,3
1673,29.5211009979,32.5155878067,3
1674,29.5443480015,32.5209679604,3
1675,29.5819268227,32.5407710075,3
1676,29.5964839458,32.5682499409,3
1677,29.6200268269,32.6050899029,3
1678,29.6325287819,32.6069319248,3
1679,29.651350975,32.6141200066,3
1680,29.6777048111,32.6457459927,3
1681,29.6899709702,32.6600518227,3
1682,29.7021658421,32.6901960373,3
1683,29.7205967903,32.7085528374,3
1684,29.7348778248,32.7113039494,3
1685,29.7473688126,32.7205369473,3
1686,29.7615358829,32.7269768715,3
1687,29.7901067734,32.7486948967,3
1688,29.8028099537,32.7834198475,3
1689,29.8279838562,32.7870829105,3
1690,29.8411438465,32.8002049923,3
1691,29.8527879715,32.8159079552,3
1692,29.8659808636,32.8260679245,3
1693,29.8831498623,32.8546729088,3
1694,29.901804924,32.8632559776,3
1695,29.9133958817,32.8778808117,1
1696,29.9255478382,32.8854248524,1
1697,29.9403679371,32.9386978149,1
1698,29.9731969833,33.0152540207,1
1699,29.9870347977,33.0187439919,1
1700,29.9992637634,33.020802021,1
1701,30.0116319656,33.047855854,1
1702,30.0441639423,33.0496008396,1
1703,30.0751638412,33.0550229549,1
1704,30.0874688625,33.113711834,1
1705,30.1089129448,33.1154818535,1
1706,30.1208338737,33.116312027,1
1707,30.1437687874,33.1470019817,1
1708,30.160148859,33.1581280231,1
1709,30.1927058697,33.1627528667,1
1710,30.2157769203,33.1758778095,1
1711,30.2485358715,33.2153158188,1
1712,30.2637729645,33.2236869335,1
1713,30.2772729397,33.2432160378,1
1714,30.2892708778,33.2522149086,1
1715,30.3048977852,33.2684528828,3
1716,30.3220248222,33.2893919945,3
1717,30.3380789757,33.2981479168,3
1718,30.3535978794,33.3349230289,3
1719,30.369920969,33.3386008739,3
1720,30.3910439014,33.3598098755,3
1721,30.4108538628,33.4211969376,3
1722,30.4754037857,33.4338879585,3
1723,30.4972047806,33.4543318748,3
1724,30.5088319778,33.4684808254,3
1725,30.5201368332,33.4871740341,3
1726,30.5343668461,33.5271458626,3
1727,30.5473427773,33.5346848965,3
1728,30.5610949993,33.5431878567,3
1729,30.5885908604,33.5510668755,3
1730,30.6077208519,33.619109869,3
1731,30.6755878925,33.6377828121,3
1732,30.6961767673,33.6642160416,3
1733,30.7079679966,33.6741440296,3
1734,30.7203969955,33.6855778694,3
1735,30.7355129719,33.6959500313,1
1736,30.7482898235,33.7082428932,1
1737,30.7724747658,33.7416009903,1
1738,30.7920639515,33.7526788712,1
1739,30.8072838783,33.7841739655,1
1740,30.8213298321,33.7887558937,1
1741,30.8406639099,33.8182718754,1
1742,30.8541607857,33.8226838112,1
1743,30.8748128414,33.8353168964,1
1744,30.8898248672,33.8518569469,1
1745,30.9115388393,33.8766138554,1
1746,30.9244349003,33.892359972,1
1747,30.937073946,33.9134409428,1
1748,30.9491698742,33.9237189293,1
1749,30.961348772,33.9540228844,1
1750,30.9780299664,33.9592678547,1
1751,30.9932069778,33.9648358822,1
1752,31.0139949322,33.971146822,1
1753,31.0489897728,34.006098032,1
1754,31.0640718937,34.0246038437,1
1755,31.0779268742,34.034776926,1
1756,31.0899469852,34.0568799973,1
1757,31.1052379608,34.0730960369,1
1758,31.117194891,34.1269128323,1
1759,31.1348118782,34.1279728413,1
1760,31.1585178375,34.1455199718,1
1761,31.1739537716,34.1700999737,1
1762,31.1976709366,34.1733999252,1
1763,31.2094459534,34.1798648834,2
1764,31.2371878624,34.2121369839,2
1765,31.2659959793,34.2342560291,2
1766,31.2773609161,34.2376999855,2
1767,31.3019797802,34.271422863,2
1768,31.3137779236,34.2842788696,2
1769,31.3272299767,34.2918739319,2
1770,31.3444178104,34.3023679256,2
1771,31.3732879162,34.3496198654,2
1772,31.3932898045,34.3583920002,2
1773,31.4064879417,34.3666079044,2
1774,31.4187548161,34.3889758587,2
1775,31.4301939011,34.3933718204,2
1776,31.4626097679,34.4302909374,2
1777,31.4746057987,34.4362318516,2
1778,31.4912128448,34.4521608353,2
1779,31.5046918392,34.4693908691,2
1780,31.5340838432,34.5012128353,2
1781,31.5537059307,34.512693882,2
1782,31.5666429996,34.5289299488,2
1783,31.5805177689,34.542536974,0
1784,31.6004228592,34.5633640289,0
1785,31.6142947674,34.5731298923,0
1786,31.6304228306,34.6090638638,0
1787,31.6440498829,34.615831852,0
1788,31.6558358669,34.677451849,0
1789,31.736386776,34.7101290226,0
1790,31.7478590012,34.7230279446,0
1791,31.7766458988,34.7580478191,0
1792,31.7897109985,34.7622988224,0
1793,31.8100509644,34.7716920376,0
1794,31.8415207863,34.8102889061,0
1795,31.8555378914,34.8191459179,0
1796,31.8690347672,34.8337478638,0
1797,31.8817389011,34.8451259136,0
1798,31.8970108032,34.861618042,0
1799,31.916757822,34.8827109337,0
1800,31.9340498447,34.8971250057,0
1801,31.949354887,34.9282588959,0
1802,31.9633848667,34.9392998219,0
1803,31.9847788811,34.947165966,0
1804,31.9989278316,34.9592130184,0
1805,32.0195918083,34.9889578819,0
1806,32.035312891,35.0044100285,0
1807,32.0489177704,35.0257809162,0
1808,32.060669899,35.0376749039,0
1809,32.0734429359,35.0433359146,0
1810,32.0905659199,35.0597038269,0
1811,32.1048867702,35.0722329617,0
1812,32.1264169216,35.1047468185,0
1813,32.1390938759,35.1103298664,3
1814,32.1613578796,35.128759861,3
1815,32.1736578941,35.1319878101,3
1816,32.1963119507,35.1639039516,3
1817,32.2098069191,35.1691420078,3
1818,32.2223308086,35.1914088726,3
1819,32.2449059486,35.2220578194,3
1820,32.2569959164,35.2250359058,3
1821,32.283400774,35.2664430141,3
1822,32.299590826,35.2669219971,3
1823,32.3223757744,35.3285639286,3
1824,32.3355288506,35.3298428059,3
1825,32.3548679352,35.3328888416,3
1826,32.3666779995,35.3336830139,3
1827,32.3925387859,35.3706588745,3
1828,32.4061398506,35.3763608932,3
1829,32.4260017872,35.3857049942,3
1830,32.4390769005,35.4041068554,3
1831,32.4639058113,35.432145834,3
1832,32.4768369198,35.4465079308,3
1833,32.4920458794,35.4535498619,3
1834,32.5053219795,35.4695429802,3
1835,32.5171108246,35.481746912,3
1836,32.5294618607,35.4965498447,3
1837,32.5409009457,35.5084400177,3
1838,32.5552799702,35.5328810215,3
1839,32.5694909096,35.547729969,3
1840,32.5886898041,35.550082922,1
1841,32.6050429344,35.5769979954,1
1842,32.6345069408,35.6158828735,1
1843,32.6697459221,35.6425750256,1
1844,32.6847407818,35.6539289951,1
1845,32.7046899796,35.6742949486,1
1846,32.7176439762,35.6825869083,1
1847,32.740475893,35.7085659504,1
1848,32.7551019192,35.7210168839,1
1849,32.7759549618,35.7549648285,1
1850,32.7897279263,35.7635760307,1
1851,32.802549839,35.7757220268,1
1852,32.8154039383,35.7802948952,1
1853,32.8336069584,35.8001790047,1
1854,32.8481109142,35.8140389919,1
1855,32.8648619652,35.8637468815,1
1856,32.8773977757,35.8646628857,1
1857,32.8894069195,35.8654639721,1
1858,32.901419878,35.8982329369,1
1859,32.9289798737,35.9043400288,1
1860,32.9407429695,35.9130058289,1
1861,32.9653949738,35.9473409653,1
1862,32.981456995,35.9499249458,1
1863,33.0045678616,35.9650399685,1
1864,33.0349948406,35.9926660061,1
1865,33.0489988327,36.014166832,1
1866,33.066590786,36.0323059559,1
1867,33.07822299,36.0362968445,2
1868,33.0906178951,36.057404995,2
1869,33.1064088345,36.0768368244,2
1870,33.1234948635,36.085714817,2
1871,33.1370508671,36.0958240032,2
1872,33.1508219242,36.1129539013,2
1873,33.1786279678,36.1358578205,2
1874,33.1906268597,36.1622958183,2
1875,33.2045757771,36.1877508163,2
1876,33.2243628502,36.1889898777,2
1877,33.2357428074,36.1945459843,2
1878,33.2476348877,36.2195470333,2
1879,33.2640008926,36.2315819263,2
1880,33.2867269516,36.261523962,2
1881,33.3019349575,36.2646198273,2
1882,33.3254139423,36.2826509476,2
1883,33.3543698788,36.3211858273,2
1884,33.3743669987,36.3310220242,2
1885,33.3892858028,36.3626279831,2
1886,33.4011647701,36.3652780056,2
1887,33.4127669334,36.3715858459,0
1888,33.4256498814,36.4027650356,0
1889,33.4595148563,36.4164049625,0
1890,33.4732699394,36.4370098114,0
1891,33.494822979,36.4638078213,0
1892,33.5069198608,36.473706007,0
1893,33.5200698376,36.4799189568,0
1894,33.5345439911,36.5159699917,0
1895,33.5514757633,36.5190658569,0
1896,33.5705168247,36.5320160389,0
1897,33.6036448479,36.5717878342,0
1898,33.6182579994,36.5801589489,0
1899,33.6336138248,36.5922298431,0
1900,33.6463468075,36.6079359055,0
1901,33.6606869698,36.6251478195,0
1902,33.6784548759,36.6526808739,0
1903,33.6937749386,36.6611590385,0
1904,33.7061729431,36.662045002,0
1905,33.7196578979,36.6797678471,0
1906,33.7468249798,36.7246389389,0
1907,33.7669818401,36.7277979851,0
1908,33.7793519497,36.7688720226,0
1909,33.7911269665,36.7747409344,0
1910,33.8029007912,36.7755029202,0
1911,33.8175568581,36.7824559212,0
1912,33.8293018341,36.7862718105,0
1913,33.8549239635,36.8166599274,0
1914,33.8680818081,36.8253569603,0
1915,33.8837659359,36.8603048325,0
1916,33.8959338665,36.8748519421,3
1917,33.9081828594,36.8846418858,3
1918,33.9250178337,36.8917248249,3
1919,33.9552798271,36.9252679348,3
1920,33.9703958035,36.939455986,3
1921,33.9848909378,36.9616138935,3
1922,33.9964118004,36.9717488289,3
1923,34.0087797642,36.9746749401,3
1924,34.0268468857,36.9944858551,3
1925,34.0402319431,37.0050048828,3
1926,34.0622799397,37.1277439594,3
1927,34.0738949776,37.1290378571,3
1928,34.0896749496,37.1363389492,3
1929,34.1035249233,37.1374518871,3
1930,34.1160869598,37.1385509968,3
1931,34.1341788769,37.1498959064,3
1932,34.1462109089,37.1541860104,3
1933,34.1608178616,37.1650938988,3
1934,34.1730079651,37.180177927,3
1935,34.1913149357,37.1810958385,3
1936,34.2035038471,37.1819159985,3
1937,34.2167458534,37.19145298,1
1938,34.2332038879,37.1942698956,1
1939,34.2485389709,37.231194973,1
1940,34.26460886,37.2371649742,1
1941,34.2761869431,37.2490839958,1
1942,34.2918748856,37.258095026,1
1943,34.3037488461,37.2647168636,1
1944,34.3167419434,37.3017129898,1
1945,34.3300879002,37.3197000027,1
1946,34.3499379158,37.3323960304,1
1947,34.3654508591,37.3386938572,1
1948,34.386731863,37.3493919373,1
1949,34.399971962,37.3593468666,1
1950,34.4219799042,37.3894510269,1
1951,34.434732914,37.3979890347,1
1952,34.4511017799,37.42689991,1
1953,34.4723057747,37.4380459785,1
1954,34.4981989861,37.4723558426,1
1955,34.5112259388,37.4970710278,1
1956,34.5284497738,37.5440678596,1
1957,34.564136982,37.5449898243,1
1958,34.580881834,37.5678229332,1
1959,34.6013019085,37.5837519169,1
1960,34.6152977943,37.5846068859,1
1961,34.6338639259,37.5934460163,1
1962,34.6456618309,37.6165299416,3
1963,34.6692528725,37.6494688988,3
1964,34.6911489964,37.6574368477,3
1965,34.7053778172,37.6646399498,3
1966,34.7187709808,37.6810119152,3
1967,34.7415888309,37.7106888294,3
1968,34.753210783,37.7189838886,3
1969,34.766204834,37.7222440243,3
1970,34.778665781,37.7395608425,3
1971,34.7912688255,37.7529408932,3
1972,34.8123607635,37.7811169624,3
1973,34.8240149021,37.7895519733,3
1974,34.8402099609,37.8011088371,3
1975,34.8531727791,37.8147768974,3
1976,34.86510396,37.8255109787,3
1977,34.8897809982,37.854421854,3
1978,34.9052047729,37.8697528839,3
1979,34.9235627651,37.9039359093,3
1980,34.9358158112,37.9045460224,3
1981,34.9559350014,37.9695849419,3
1982,34.9714808464,37.9733338356,3
1983,34.9928588867,37.9792728424,3
1984,35.0055069923,38.0501079559,3
1985,35.0392258167,38.0808768272,3
1986,35.0637948513,38.0821180344,3
1987,35.0755829811,38.0828638077,3
1988,35.1005349159,38.0845489502,3
1989,35.1192038059,38.1492500305,3
1990,35.2061288357,38.1898210049,3
1991,35.2190868855,38.1961989403,3
1992,35.2499017715,38.2437829971,1
1993,35.281318903,38.2496979237,1
1994,35.2968277931,38.2884538174,1
1995,35.3357958794,38.2996499538,1
1996,35.3487288952,38.3053569794,1
1997,35.3615479469,38.3239400387,1
1998,35.3749778271,38.3341119289,1
1999,35.3951089382,38.3617868423,1
2000,35.4106018543,38.3746030331,1
