PacketSeqNo,GeneratedTime(sec),ArrivalTime(sec),MulticastIdx
1,0.0020580291748,7.84936094284,1
2,0.014190196991,7.86045694351,1
3,0.0269491672516,7.87307977676,1
4,0.0392241477966,7.88436198235,1
5,0.0514001846313,7.89598488808,1
6,0.0634071826935,7.90839099884,1
7,0.0757360458374,7.92034077644,1
8,0.0879650115967,7.93492794037,1
9,0.100153207779,7.94771790504,1
10,0.11208319664,7.95821595192,1
11,0.12640619278,7.9716489315,1
12,0.138663053513,7.98700499535,1
13,0.150671005249,7.99518895149,1
14,0.162446022034,8.00716090202,1
15,0.174720048904,8.01972699165,1
16,0.186878204346,8.05113196373,1
17,0.216019153595,8.06717896461,1
18,0.2284719944,8.07360076904,1
19,0.240744113922,8.08745479584,1
20,0.252786159515,8.09836697578,1
21,0.264675140381,8.10945987701,1
22,0.276921033859,8.12110090256,1
23,0.289222002029,8.13472485542,1
24,0.301225185394,8.14597988129,1
25,0.313095092773,8.15773582458,1
26,0.325170993805,8.1693918705,1
27,0.337336063385,8.18841195107,1
28,0.350462198257,8.19620800018,1
29,0.363898038864,8.21289992332,1
30,0.376218080521,8.22185087204,1
31,0.388512134552,8.23615098,1
32,0.401120185852,8.24859189987,1
33,0.413404226303,8.26170778275,1
34,0.425758123398,8.2700688839,1
35,0.437803030014,8.28419589996,1
36,0.449485063553,8.29786682129,1
37,0.461470127106,8.30682992935,1
38,0.473412036896,8.32075381279,1
39,0.485650062561,8.33206391335,1
40,0.498036146164,8.34339284897,2
41,0.510014057159,8.35448694229,2
42,0.522001028061,8.36788392067,2
43,0.534212112427,8.38052177429,2
44,0.54764008522,8.39209389687,2
45,0.559994220734,8.40716600418,2
46,0.572443008423,8.42309093475,2
47,0.585036039352,8.42896199226,2
48,0.597067117691,8.44134378433,2
49,0.609030008316,8.45407295227,2
50,0.621240139008,8.46928691864,2
51,0.633244991302,8.48589277267,2
52,0.645889043808,8.49095797539,2
53,0.658194065094,8.50269699097,2
54,0.670340061188,8.51490187645,2
55,0.682760000229,8.52767896652,2
56,0.694892168045,8.5398747921,2
57,0.706843137741,8.55599689484,2
58,0.719022989273,8.56620192528,2
59,0.731539011002,8.57720184326,2
60,0.743732213974,8.59107089043,2
61,0.755800008774,8.60275483131,2
62,0.768088102341,8.61342787743,2
63,0.780893087387,8.62744784355,2
64,0.793766021729,8.64094185829,2
65,0.805818080902,8.65129899979,2
66,0.818062067032,8.6629087925,2
67,0.830311059952,8.67640995979,2
68,0.842189073563,8.68719577789,2
69,0.853740215302,8.69800186157,2
70,0.865441083908,8.70964789391,2
71,0.876887083054,8.72418284416,2
72,0.888299226761,8.73636579514,2
73,0.899972200394,8.74585580826,2
74,0.911957025528,8.75774598122,2
75,0.924122095108,8.77267193794,2
76,0.936809062958,8.78474283218,2
77,0.949148178101,8.79948282242,2
78,0.961266994476,8.80704379082,2
79,0.973492145538,8.81991291046,2
80,0.985852003098,8.83284091949,2
81,0.99805521965,8.84455299377,2
82,1.01024317741,8.85744976997,2
83,1.02287507057,8.86922883987,2
84,1.03477311134,8.88215279579,2
85,1.0470700264,8.89341282845,2
86,1.05973505974,8.90717792511,2
87,1.0720140934,8.91935682297,2
88,1.08465909958,8.92969799042,2
89,1.09707713127,8.94156193733,2
90,1.109333992,8.9549369812,2
91,1.12158513069,8.96736288071,2
92,1.13386702538,8.97946882248,2
93,1.14628314972,8.99277377129,2
94,1.15853214264,9.00335597992,2
95,1.17066216469,9.01736092567,2
96,1.18323802948,9.0277338028,2
97,1.19553399086,9.0445959568,0
98,1.20771121979,9.05278992653,0
99,1.22026014328,9.06619381905,0
100,1.23266506195,9.07697582245,0
101,1.24503302574,9.09044885635,0
102,1.25737714767,9.10282897949,0
103,1.27081918716,9.12113499641,0
104,1.28450417519,9.13057494164,0
105,1.29651117325,9.14152884483,0
106,1.31018614769,9.15631985664,0
107,1.3217279911,9.16690278053,0
108,1.33313918114,9.17946386337,0
109,1.344810009,9.19081997871,0
110,1.35641002655,9.20414495468,0
111,1.3679060936,9.21644186974,0
112,1.37974715233,9.22488689423,0
113,1.39168715477,9.23643684387,0
114,1.40341114998,9.25282478333,0
115,1.41530299187,9.26002788544,0
116,1.42678904533,9.27147984505,0
117,1.43854308128,9.28326892853,0
118,1.45054602623,9.30003976822,0
119,1.4623131752,9.30708479881,0
120,1.4739420414,9.31935286522,0
121,1.48568511009,9.33702898026,0
122,1.49745607376,9.34296679497,0
123,1.5093832016,9.35634493828,0
124,1.52177405357,9.36633181572,0
125,1.53408503532,9.37947177887,0
126,1.54634404182,9.39192795753,0
127,1.55885601044,9.40372681618,0
128,1.57114005089,9.41934585571,0
129,1.58333420753,9.43284678459,0
130,1.59601402283,9.44080090523,0
131,1.60834002495,9.45386099815,0
132,1.62049221992,9.46780776978,0
133,1.63301110268,9.47830796242,0
134,1.64527010918,9.49281692505,0
135,1.65760421753,9.50455880165,0
136,1.67001199722,9.51660299301,0
137,1.68200111389,9.52770090103,0
138,1.69374418259,9.53983592987,0
139,1.7055079937,9.55103898048,0
140,1.7174551487,9.56393885612,0
141,1.72934508324,9.57707285881,0
142,1.74178814888,9.58778095245,0
143,1.75402617455,9.60381484032,0
144,1.76619815826,9.61358880997,0
145,1.77844500542,9.62555789948,0
146,1.79084205627,9.63660979271,0
147,1.80314517021,9.64981484413,0
148,1.81566905975,9.66028380394,3
149,1.82805204391,9.67306184769,3
150,1.84046816826,9.68675494194,3
151,1.85301017761,9.69914078712,3
152,1.86502408981,9.71013998985,3
153,1.87680506706,9.7224149704,3
154,1.8891210556,9.73447299004,3
155,1.90110015869,9.74684596062,3
156,1.91325807571,9.75871491432,3
157,1.92548203468,9.77055382729,3
158,1.93773317337,9.78294897079,3
159,1.9501709938,9.79599380493,3
160,1.96283102036,9.80879592896,3
161,1.97517704964,9.82263278961,3
162,1.98766803741,9.83619189262,3
163,2.00034117699,9.84494876862,3
164,2.01260399818,9.85723185539,3
165,2.02467012405,9.87069582939,3
166,2.03708004951,9.88494992256,3
167,2.04881811142,9.89348196983,3
168,2.06064319611,9.90627193451,3
169,2.07262206078,9.92095589638,3
170,2.08448505402,9.92836880684,3
171,2.09629321098,9.9413869381,3
172,2.10819911957,9.95693397522,3
173,2.12045407295,9.96785283089,3
174,2.13258218765,9.9777739048,3
175,2.14543914795,9.99027895927,3
176,2.15708017349,10.0034639835,3
177,2.16876316071,10.0149829388,3
178,2.18079614639,10.026665926,3
179,2.19241213799,10.0372569561,3
180,2.20437121391,10.0506029129,3
181,2.22253799438,10.0690789223,3
182,2.23493313789,10.0812728405,3
183,2.24854421616,10.0956008434,3
184,2.26125907898,10.1079897881,3
185,2.27296614647,10.1193888187,3
186,2.28456020355,10.1293888092,3
187,2.29634714127,10.1416938305,3
188,2.3078751564,10.1535429955,3
189,2.31939220428,10.1647977829,3
190,2.33139419556,10.1804068089,3
191,2.34473013878,10.1904079914,3
192,2.35748004913,10.2035458088,3
193,2.37215304375,10.2203059196,3
194,2.38389921188,10.2286069393,3
195,2.39585208893,10.2406859398,3
196,2.40781712532,10.2542598248,3
197,2.42291116714,10.2695169449,3
198,2.43467211723,10.2798218727,3
199,2.4464571476,10.2923409939,3
200,2.45825719833,10.3033459187,3
201,2.47009921074,10.3153309822,3
202,2.482183218,10.3276269436,3
203,2.49393010139,10.3405528069,3
204,2.50565719604,10.3507709503,3
205,2.51751708984,10.363134861,3
206,2.52929711342,10.3747739792,3
207,2.54145407677,10.3881978989,3
208,2.55396413803,10.3996579647,1
209,2.56850004196,10.4170079231,1
210,2.58443212509,10.4287037849,1
211,2.59592318535,10.4417669773,1
212,2.60760521889,10.454613924,1
213,2.61947703362,10.4676699638,1
214,2.63263511658,10.4771609306,1
215,2.64446401596,10.4922449589,1
216,2.65707802773,10.5023488998,1
217,2.66872501373,10.5134019852,1
218,2.68071317673,10.5279917717,1
219,2.69285416603,10.5414807796,1
220,2.70484113693,10.5495889187,1
221,2.71679711342,10.5617358685,1
222,2.72894215584,10.5741569996,1
223,2.74139308929,10.5872688293,1
224,2.75341010094,10.5998449326,1
225,2.76550722122,10.6102428436,1
226,2.77785921097,10.6234688759,1
227,2.7897670269,10.6359128952,1
228,2.80169820786,10.6472327709,1
229,2.81358408928,10.6586158276,1
230,2.82537817955,10.6711108685,1
231,2.83705306053,10.6815578938,1
232,2.84898114204,10.6934328079,1
233,2.86102199554,10.7071638107,1
234,2.87254810333,10.7211928368,1
235,2.88415813446,10.7297229767,1
236,2.90154910088,10.7458658218,1
237,2.9197371006,10.7641658783,1
238,2.93163609505,10.7793068886,1
239,2.95297408104,10.7974967957,1
240,2.96704816818,10.8130888939,1
241,2.97968506813,10.8253288269,1
242,2.9920630455,10.8353898525,1
243,3.00474905968,10.8522667885,1
244,3.01648020744,10.8599648476,1
245,3.02881217003,10.8732178211,1
246,3.04218220711,10.8865668774,1
247,3.05390405655,10.8984708786,1
248,3.06774616241,10.9141368866,1
249,3.07996201515,10.926019907,1
250,3.09201622009,10.9398369789,1
251,3.10373401642,10.9534988403,1
252,3.11561918259,10.9615190029,1
253,3.12773108482,10.9748449326,1
254,3.14049816132,10.986125946,1
255,3.15387320518,10.9994227886,1
256,3.16577410698,11.01095891,1
257,3.17781400681,11.0235319138,1
258,3.18971920013,11.0373008251,1
259,3.202064991,11.0470709801,1
260,3.21468520164,11.0617017746,1
261,3.22660017014,11.0718178749,1
262,3.23840713501,11.0844259262,1
263,3.25152921677,11.0978188515,1
264,3.26365208626,11.1125519276,1
265,3.27854514122,11.123734951,1
266,3.29135608673,11.140709877,1
267,3.30286002159,11.1499009132,3
268,3.31625008583,11.170268774,3
269,3.32783317566,11.1815578938,3
270,3.33979010582,11.1902267933,3
271,3.3516960144,11.2010169029,3
272,3.36380314827,11.2095170021,3
273,3.37545919418,11.2296259403,3
274,3.38741207123,11.233330965,3
275,3.39932012558,11.2502379417,3
276,3.41123104095,11.2614188194,3
277,3.4230401516,11.2690529823,3
278,3.43464612961,11.2844519615,3
279,3.44620108604,11.2986249924,3
280,3.45834898949,11.3066837788,3
281,3.4701321125,11.3156838417,3
282,3.48200011253,11.329862833,3
283,3.49372410774,11.3394079208,3
284,3.50555706024,11.3526408672,3
285,3.51755213737,11.3646359444,3
286,3.52963805199,11.3876647949,3
287,3.54148602486,11.3884379864,3
288,3.55302000046,11.4006068707,3
289,3.56499099731,11.4093728065,3
290,3.57792019844,11.4240548611,3
291,3.5913670063,11.4356868267,3
292,3.60354304314,11.4538660049,3
293,3.61546611786,11.4601128101,3
294,3.62721610069,11.4724388123,3
295,3.63960313797,11.48523283,3
296,3.65145111084,11.497784853,3
297,3.66416811943,11.509803772,3
298,3.67637014389,11.5266399384,3
299,3.6884021759,11.5371479988,3
300,3.70023798943,11.5455999374,3
301,3.71175813675,11.5575919151,3
302,3.72451710701,11.569988966,3
303,3.73625707626,11.5820667744,3
304,3.7480430603,11.5919389725,3
305,3.7600710392,11.605340004,3
306,3.77253007889,11.6205809116,3
307,3.78482413292,11.6315670013,3
308,3.79682612419,11.6421699524,3
309,3.80950021744,11.6548449993,3
310,3.82182908058,11.6696379185,3
311,3.83427715302,11.6798119545,3
312,3.84706711769,11.6950399876,3
313,3.85933709145,11.7038178444,3
314,3.8713850975,11.7154939175,3
315,3.88327407837,11.7275838852,3
316,3.89545702934,11.7400357723,3
317,3.90732312202,11.7521297932,3
318,3.919506073,11.7641689777,3
319,3.93191409111,11.7794249058,3
320,3.94401812553,11.7889199257,1
321,3.95710110664,11.8069429398,1
322,3.97011518478,11.8151738644,1
323,3.98252820969,11.8269658089,1
324,3.99429106712,11.8388209343,1
325,4.00661301613,11.8522439003,1
326,4.01848816872,11.8619399071,1
327,4.03206801414,11.8769929409,1
328,4.04416298866,11.889261961,1
329,4.05589413643,11.9015100002,1
330,4.06782817841,11.913064003,1
331,4.07961606979,11.9244968891,1
332,4.0912501812,11.9373888969,1
333,4.10277605057,11.9520127773,1
334,4.11446499825,11.9628288746,1
335,4.12756204605,11.9723649025,1
336,4.13948607445,11.9858198166,1
337,4.15132522583,11.9976768494,1
338,4.16314911842,12.0063548088,1
339,4.17503714561,12.0205888748,1
340,4.18678307533,12.0329389572,1
341,4.19835615158,12.0417699814,1
342,4.21043515205,12.0548229218,1
343,4.22206306458,12.0723428726,1
344,4.23397922516,12.0792148113,1
345,4.24588322639,12.0907149315,1
346,4.25796818733,12.1029798985,1
347,4.26984620094,12.1145088673,1
348,4.2816491127,12.1264109612,1
349,4.29363107681,12.1376099586,1
350,4.30544805527,12.1516139507,1
351,4.31738615036,12.1635968685,1
352,4.32967710495,12.1763188839,1
353,4.3416800499,12.1860239506,1
354,4.35391116142,12.1993467808,1
355,4.3658721447,12.2102789879,1
356,4.37893009186,12.2240519524,1
357,4.39082813263,12.2342448235,1
358,4.40266799927,12.248185873,1
359,4.41426420212,12.2598719597,1
360,4.42842817307,12.2750689983,1
361,4.44103622437,12.2874119282,1
362,4.45252799988,12.2993249893,1
363,4.46431899071,12.3083488941,1
364,4.47634315491,12.3225069046,1
365,4.4879732132,12.3362767696,1
366,4.4997010231,12.3443419933,1
367,4.51177501678,12.3599939346,1
368,4.52341604233,12.3698289394,1
369,4.53540110588,12.3834788799,1
370,4.54740309715,12.3912539482,1
371,4.55958819389,12.4037528038,1
372,4.57131814957,12.4175448418,1
373,4.58310818672,12.427959919,1
374,4.59510207176,12.4495408535,2
375,4.60725522041,12.4526219368,2
376,4.62588810921,12.4720988274,2
377,4.63851118088,12.484926939,2
378,4.65039110184,12.499917984,2
379,4.66350722313,12.5084657669,2
380,4.67503499985,12.519797802,2
381,4.68789505959,12.5349698067,2
382,4.70009016991,12.5481159687,2
383,4.71189808846,12.5566799641,2
384,4.72337317467,12.5697619915,2
385,4.73542714119,12.5808258057,2
386,4.74757218361,12.5919859409,2
387,4.75949120522,12.6045598984,2
388,4.77146100998,12.6186609268,2
389,4.78327512741,12.6272568703,2
390,4.79593920708,12.6408278942,2
391,4.80857920647,12.6521439552,2
392,4.82099318504,12.6661639214,2
393,4.8329679966,12.6783437729,2
394,4.84523820877,12.6903688908,2
395,4.8569791317,12.7012908459,2
396,4.86878800392,12.7141678333,2
397,4.88094210625,12.7263429165,2
398,4.89280509949,12.7407817841,2
399,4.90699315071,12.7542469501,2
400,4.91895103455,12.7698168755,2
401,4.93077206612,12.7780518532,2
402,4.94264316559,12.7876420021,2
403,4.95437216759,12.8033638,2
404,4.97297215462,12.8183739185,2
405,4.98536801338,12.8318359852,2
406,4.99780511856,12.8445677757,2
407,5.01315712929,12.8577067852,2
408,5.02518820763,12.8704409599,2
409,5.03702902794,12.8819158077,2
410,5.04865121841,12.8929359913,2
411,5.06010818481,12.9050278664,2
412,5.07390809059,12.9180438519,2
413,5.08603715897,12.9300267696,2
414,5.0988202095,12.942553997,2
415,5.11107611656,12.9569299221,2
416,5.12284517288,12.9699819088,2
417,5.13483810425,12.9805788994,2
418,5.14674520493,12.9914748669,2
419,5.16005516052,13.007172823,2
420,5.17185211182,13.0146949291,2
421,5.18361520767,13.027466774,2
422,5.19569921494,13.0413818359,2
423,5.20802617073,13.051224947,2
424,5.22186899185,13.0704479218,2
425,5.23347902298,13.0829508305,2
426,5.24516010284,13.0905628204,2
427,5.25831699371,13.1027758121,2
428,5.27059412003,13.1146137714,0
429,5.28425621986,13.1336619854,0
430,5.29738712311,13.1417319775,0
431,5.30913114548,13.1555528641,0
432,5.32275009155,13.1705009937,0
433,5.3347761631,13.1818089485,0
434,5.34671115875,13.1919429302,0
435,5.35839700699,13.2056438923,0
436,5.3700401783,13.2148168087,0
437,5.38170814514,13.2260689735,0
438,5.39340305328,13.238866806,0
439,5.40541815758,13.2479717731,0
440,5.41732621193,13.2638978958,0
441,5.43016719818,13.274750948,0
442,5.44205999374,13.288533926,0
443,5.45352816582,13.2993309498,0
444,5.46507620811,13.3099339008,0
445,5.47713398933,13.3252749443,0
446,5.48892903328,13.3436918259,0
447,5.50064611435,13.3486227989,0
448,5.51266813278,13.3577139378,0
449,5.52426505089,13.3702628613,0
450,5.53582620621,13.3806049824,0
451,5.54738211632,13.3917839527,0
452,5.55955910683,13.4066579342,0
453,5.57134604454,13.4157369137,0
454,5.58384513855,13.4291009903,0
455,5.59844112396,13.4440329075,0
456,5.61088418961,13.4591588974,0
457,5.62272119522,13.4667057991,0
458,5.63452005386,13.483869791,0
459,5.64616012573,13.4934539795,0
460,5.65806603432,13.5027968884,0
461,5.67122101784,13.5150308609,0
462,5.68284010887,13.5269918442,0
463,5.69557905197,13.5452239513,0
464,5.70744919777,13.5561158657,0
465,5.71925520897,13.5642929077,0
466,5.73112916946,13.5750479698,0
467,5.74348521233,13.5913667679,0
468,5.75526309013,13.6000227928,0
469,5.76721811295,13.612185955,0
470,5.77910518646,13.623636961,0
471,5.79193711281,13.6443197727,0
472,5.80397701263,13.65356493,0
473,5.81644821167,13.6625978947,0
474,5.82928419113,13.6738438606,0
475,5.84124302864,13.6866579056,0
476,5.8530330658,13.6980807781,0
477,5.86519002914,13.7119998932,0
478,5.87722301483,13.7222828865,0
479,5.88903403282,13.7336728573,0
480,5.90053319931,13.7445068359,3
481,5.9133682251,13.7578628063,3
482,5.92546415329,13.7696650028,3
483,5.93786215782,13.7815079689,3
484,5.94988107681,13.7958159447,3
485,5.965072155,13.8137979507,3
486,5.9770450592,13.8246889114,3
487,5.98854613304,13.8338348866,3
488,6.00017499924,13.8464138508,3
489,6.01364016533,13.8591079712,3
490,6.02561903,13.8699979782,3
491,6.03802204132,13.8816947937,3
492,6.05001711845,13.8942849636,3
493,6.06193518639,13.9072599411,3
494,6.07353115082,13.9208118916,3
495,6.08533811569,13.9298648834,3
496,6.09760308266,13.9423677921,3
497,6.10952806473,13.9551467896,3
498,6.12359499931,13.9704740047,3
499,6.13555121422,13.9812119007,3
500,6.14748120308,13.992677927,3
501,6.15925717354,14.0032558441,3
502,6.17127513885,14.0230638981,3
503,6.1831381321,14.0282659531,3
504,6.19506812096,14.0459489822,3
505,6.20686721802,14.0544769764,3
506,6.21885108948,14.0635418892,3
507,6.23061418533,14.0780069828,3
508,6.24265122414,14.0905079842,3
509,6.25433802605,14.0983698368,3
510,6.26595115662,14.1107439995,3
511,6.27772116661,14.1279878616,3
512,6.28959202766,14.1372458935,3
513,6.30143022537,14.1480247974,3
514,6.31354022026,14.1590948105,3
515,6.3253891468,14.170776844,3
516,6.33721613884,14.1836409569,3
517,6.34882307053,14.1950778961,3
518,6.36082410812,14.2075209618,3
519,6.37270522118,14.2175889015,3
520,6.38506221771,14.2306909561,3
521,6.39684104919,14.2436800003,3
522,6.40956616402,14.2564408779,3
523,6.42150402069,14.2658398151,3
524,6.43387317657,14.2789218426,3
525,6.446819067,14.2931518555,3
526,6.45878005028,14.3040459156,3
527,6.47040009499,14.3151237965,3
528,6.48318314552,14.3307228088,3
529,6.49487113953,14.3428418636,3
530,6.5065510273,14.3567249775,3
531,6.51831507683,14.3628108501,3
532,6.53016114235,14.3787119389,3
533,6.54165410995,14.3919699192,3
534,6.55324721336,14.3981149197,3
535,6.56564211845,14.4107279778,3
536,6.57724714279,14.4252178669,1
537,6.58927416801,14.4356718063,1
538,6.60133099556,14.4473907948,1
539,6.61381912231,14.4610188007,1
540,6.62546920776,14.4738018513,1
541,6.63739013672,14.4869399071,1
542,6.64915919304,14.4935719967,1
543,6.66092705727,14.510406971,1
544,6.67302322388,14.5185508728,1
545,6.68478012085,14.5306389332,1
546,6.69660401344,14.5429639816,1
547,6.70870018005,14.559773922,1
548,6.72110104561,14.5666809082,1
549,6.73312807083,14.5773968697,1
550,6.74514603615,14.5911297798,1
551,6.757158041,14.606623888,1
552,6.76945519447,14.6140348911,1
553,6.78159117699,14.6277899742,1
554,6.79342412949,14.6412220001,1
555,6.80531811714,14.6519939899,1
556,6.81751704216,14.663492918,1
557,6.82933306694,14.6738607883,1
558,6.84157013893,14.6873338223,1
559,6.85371017456,14.6976537704,1
560,6.86573219299,14.7105698586,1
561,6.87779521942,14.7224469185,1
562,6.89001822472,14.734487772,1
563,6.9020280838,14.7480428219,1
564,6.9141960144,14.7598757744,1
565,6.92650198936,14.7709608078,1
566,6.93843412399,14.7825939655,1
567,6.95034813881,14.7961919308,1
568,6.96474313736,14.8118829727,1
569,6.97863817215,14.8239409924,1
570,6.99162316322,14.8419308662,1
571,7.00533604622,14.8488869667,1
572,7.01966118813,14.867759943,1
573,7.03317403793,14.8812448978,1
574,7.04660105705,14.8918149471,1
575,7.05870699883,14.9034559727,1
576,7.07061815262,14.9147779942,1
577,7.08272004128,14.9263489246,1
578,7.09429001808,14.9388868809,1
579,7.10840201378,14.958894968,1
580,7.12204313278,14.965736866,1
581,7.13409900665,14.9784209728,1
582,7.14684820175,14.9903678894,1
583,7.1593310833,15.0077409744,1
584,7.1708741188,15.0148849487,1
585,7.18247413635,15.0273258686,1
586,7.1965470314,15.0444209576,1
587,7.2138440609,15.0587089062,1
588,7.22638511658,15.0777738094,1
589,7.23918414116,15.0837697983,1
590,7.25192308426,15.0967669487,1
591,7.26392221451,15.1092779636,1
592,7.27580499649,15.1200368404,3
593,7.28837108612,15.1343808174,3
594,7.30219006538,15.1462109089,3
595,7.31677508354,15.160681963,3
596,7.3286550045,15.1747918129,3
597,7.34171819687,15.1970617771,3
598,7.35341906548,15.1978518963,3
599,7.36499214172,15.2108008862,3
600,7.3768761158,15.2233319283,3
601,7.3883202076,15.2377228737,3
602,7.4006562233,15.2450537682,3
603,7.41224598885,15.2601618767,3
604,7.42404007912,15.2743239403,3
605,7.43599414825,15.2800109386,3
606,7.44841313362,15.2967689037,3
607,7.46000814438,15.3034029007,3
608,7.47148513794,15.315682888,3
609,7.48424911499,15.3308119774,3
610,7.49717211723,15.3447709084,3
611,7.50875806808,15.3537809849,3
612,7.52097201347,15.3670067787,3
613,7.53264808655,15.3774437904,3
614,7.54425311089,15.3957438469,3
615,7.55570220947,15.4016628265,3
616,7.56743621826,15.413340807,3
617,7.58195114136,15.4260749817,3
618,7.59651112556,15.4429848194,3
619,7.60824108124,15.456004858,3
620,7.61986613274,15.4674007893,3
621,7.63151717186,15.4791607857,3
622,7.64568305016,15.4958558083,3
623,7.65729904175,15.5032258034,3
624,7.66874313354,15.5146009922,3
625,7.68043017387,15.5270748138,3
626,7.69664812088,15.5401449203,3
627,7.71333217621,15.559461832,3
628,7.72502708435,15.5716948509,3
629,7.73658800125,15.5819618702,3
630,7.74859118462,15.5927867889,3
631,7.76115512848,15.6095449924,3
632,7.77300000191,15.6236009598,3
633,7.7854590416,15.6344537735,3
634,7.79965209961,15.656678915,3
635,7.8219871521,15.6669259071,3
636,7.83578705788,15.6808338165,3
637,7.84742999077,15.6942269802,3
638,7.85984802246,15.7072257996,3
639,7.87177920341,15.7177789211,3
640,7.88390922546,15.7310888767,3
641,7.89626908302,15.7430160046,3
642,7.90781402588,15.7517559528,3
643,7.9196100235,15.7635967731,3
644,7.93230509758,15.7775719166,3
645,7.94406318665,15.7935059071,1
646,7.956179142,15.8079149723,1
647,7.96935606003,15.814650774,1
648,7.98190116882,15.8279249668,1
649,7.9948990345,15.8430459499,1
650,8.00736999512,15.8548939228,1
651,8.01973819733,15.8649117947,1
652,8.03315901756,15.8779649734,1
653,8.04702115059,15.8921399117,1
654,8.06003904343,15.906334877,1
655,8.0715341568,15.9161448479,1
656,8.08417916298,15.930366993,1
657,8.0957930088,15.9399638176,1
658,8.10745120049,15.9586730003,1
659,8.11962413788,15.9675908089,1
660,8.13126921654,15.9825267792,1
661,8.14404511452,15.9903478622,1
662,8.1555120945,15.999437809,1
663,8.16814208031,16.0125489235,1
664,8.17989015579,16.0249438286,1
665,8.19170022011,16.0413038731,1
666,8.2041079998,16.0494477749,1
667,8.21797418594,16.064688921,1
668,8.229637146,16.0749619007,1
669,8.24144816399,16.0862939358,1
670,8.25302505493,16.0978989601,1
671,8.26574206352,16.1158628464,1
672,8.28028607368,16.127671957,1
673,8.29534912109,16.146905899,1
674,8.30833101273,16.1590049267,1
675,8.32034611702,16.1760599613,1
676,8.33232021332,16.1853368282,1
677,8.34409213066,16.1940698624,1
678,8.35618805885,16.2065148354,1
679,8.36848902702,16.2157518864,1
680,8.38062000275,16.2342607975,1
681,8.39239215851,16.2439188957,1
682,8.40394210815,16.2531168461,1
683,8.41752719879,16.2659339905,1
684,8.42917299271,16.288328886,1
685,8.44123601913,16.289801836,1
686,8.45285010338,16.3027348518,1
687,8.46502399445,16.3101289272,1
688,8.47892308235,16.3343789577,1
689,8.4907720089,16.33670187,1
690,8.50260210037,16.3471388817,1
691,8.5141119957,16.3660838604,1
692,8.52586007118,16.3704988956,1
693,8.5373711586,16.3902587891,1
694,8.54966402054,16.3997957706,1
695,8.56135416031,16.407791853,1
696,8.57290816307,16.4235568047,1
697,8.58500099182,16.4329259396,3
698,8.59741401672,16.4472727776,3
699,8.61028909683,16.4591228962,3
700,8.62187099457,16.4659628868,3
701,8.63412809372,16.4791388512,3
702,8.6473801136,16.491809845,3
703,8.6597430706,16.5038759708,3
704,8.6711730957,16.5154538155,3
705,8.68270802498,16.5282628536,3
706,8.69532513618,16.5429887772,3
707,8.70708703995,16.5509479046,3
708,8.71922111511,16.5677268505,3
709,8.73233699799,16.5760118961,3
710,8.74461102486,16.5899178982,3
711,8.75621819496,16.6058268547,3
712,8.76847600937,16.6131908894,3
713,8.78067708015,16.6265199184,3
714,8.79258418083,16.6404049397,3
715,8.804074049,16.6505889893,3
716,8.81561017036,16.6590919495,3
717,8.82725214958,16.6741759777,3
718,8.83940315247,16.6849019527,3
719,8.85117006302,16.6953029633,3
720,8.86528301239,16.7094948292,3
721,8.87700915337,16.7263047695,3
722,8.88838100433,16.7333137989,3
723,8.90018200874,16.7467808723,3
724,8.91215610504,16.7596848011,3
725,8.92388510704,16.7702078819,3
726,8.93542313576,16.7798748016,3
727,8.94709300995,16.7950549126,3
728,8.96338415146,16.8086578846,3
729,8.97488117218,16.823941946,3
730,8.98682403564,16.8344459534,3
731,9.00104618073,16.8463129997,3
732,9.01299500465,16.8577108383,3
733,9.02497315407,16.8749938011,3
734,9.0370721817,16.8855128288,3
735,9.04947113991,16.8970479965,3
736,9.06410908699,16.9108707905,3
737,9.08070611954,16.9266870022,3
738,9.09500908852,16.9412808418,3
739,9.11332011223,16.9586827755,3
740,9.12746214867,16.9711787701,3
741,9.13971304893,16.9945049286,3
742,9.15264105797,17.003169775,3
743,9.16748309135,17.011002779,3
744,9.18009209633,17.0254268646,3
745,9.19695901871,17.0417718887,3
746,9.21038508415,17.0570139885,3
747,9.22223711014,17.0753369331,3
748,9.23435521126,17.0818719864,3
749,9.24594807625,17.093515873,3
750,9.25754618645,17.1053318977,3
751,9.2699379921,17.1146798134,3
752,9.2814540863,17.126352787,3
753,9.29748106003,17.1462118626,3
754,9.30936408043,17.1558327675,3
755,9.32177615166,17.1663858891,3
756,9.33490610123,17.1792328358,3
757,9.34802603722,17.1949269772,1
758,9.36354112625,17.2100529671,1
759,9.37607717514,17.2259178162,1
760,9.38810515404,17.2433757782,1
761,9.39989805222,17.2448759079,1
762,9.4133310318,17.259857893,1
763,9.43141317368,17.2758769989,1
764,9.44612407684,17.2914638519,1
765,9.45775508881,17.3051679134,1
766,9.46937417984,17.3134438992,1
767,9.48088216782,17.3262879848,1
768,9.49270606041,17.3414487839,1
769,9.50477218628,17.3495519161,1
770,9.51628899574,17.3602149487,1
771,9.52971816063,17.3746628761,1
772,9.54645800591,17.3982458115,1
773,9.56401610374,17.4095799923,1
774,9.57559108734,17.4238278866,1
775,9.58823800087,17.4408028126,1
776,9.60041618347,17.4474368095,1
777,9.61318802834,17.4625809193,1
778,9.62741518021,17.4770028591,1
779,9.63951802254,17.4824309349,1
780,9.65242600441,17.5003149509,1
781,9.66427111626,17.5109848976,1
782,9.67596507072,17.5207397938,1
783,9.68742108345,17.5352199078,1
784,9.7013630867,17.5462329388,1
785,9.71285319328,17.5625298023,1
786,9.72424912453,17.570237875,1
787,9.7378180027,17.5838649273,1
788,9.75349903107,17.597525835,1
789,9.76797199249,17.613601923,1
790,9.78003311157,17.6261608601,1
791,9.79186010361,17.6378309727,1
792,9.80329799652,17.6480958462,1
793,9.81763410568,17.6638109684,1
794,9.82915401459,17.675303936,1
795,9.84108304977,17.690281868,1
796,9.8532371521,17.6974258423,1
797,9.8652920723,17.7101659775,1
798,9.87874221802,17.7234048843,1
799,9.89167809486,17.7426948547,1
800,9.90308904648,17.7486979961,1
801,9.91467809677,17.7591338158,1
802,9.92647504807,17.7786118984,1
803,9.93831419945,17.7823879719,1
804,9.95071411133,17.796890974,1
805,9.9639441967,17.8093409538,1
806,9.97592711449,17.823196888,1
807,9.98772621155,17.8349969387,1
808,10.0010781288,17.8479747772,1
809,10.0175991058,17.8658998013,1
810,10.0307161808,17.8764269352,1
811,10.0432281494,17.8923499584,1
812,10.0548160076,17.8998169899,1
813,10.067592144,17.9120259285,3
814,10.082750082,17.9267377853,3
815,10.0957410336,17.9465899467,3
816,10.1072130203,17.951584816,3
817,10.1187012196,17.9625909328,3
818,10.1308500767,17.9751288891,3
819,10.1425340176,17.9947469234,3
820,10.1541941166,17.9993219376,3
821,10.1672921181,18.0122628212,3
822,10.1788341999,18.023034811,3
823,10.1905200481,18.0429098606,3
824,10.2021710873,18.0491058826,3
825,10.2156291008,18.0602948666,3
826,10.2273950577,18.0760579109,3
827,10.2394690514,18.0831999779,3
828,10.2513232231,18.0975449085,3
829,10.2671961784,18.112475872,3
830,10.2890632153,18.1366689205,3
831,10.3063061237,18.1518349648,3
832,10.3201169968,18.16543293,3
833,10.3401122093,18.1856679916,3
834,10.3602461815,18.2061948776,3
835,10.3802080154,18.2248568535,3
836,10.4002342224,18.2482469082,3
837,10.4201672077,18.2669248581,3
838,10.4401922226,18.2873327732,3
839,10.4569561481,18.3046598434,3
840,10.4740521908,18.3210728168,3
841,10.4859900475,18.3318657875,3
842,10.4991931915,18.3447988033,3
843,10.5118021965,18.3638107777,3
844,10.5241332054,18.3726379871,3
845,10.5404291153,18.3924269676,3
846,10.5602350235,18.4132637978,3
847,10.5740740299,18.4241068363,3
848,10.5913481712,18.4420418739,3
849,10.6036980152,18.450799942,3
850,10.6190202236,18.4655179977,3
851,10.6325571537,18.4782788754,3
852,10.6450362206,18.4901938438,3
853,10.6567020416,18.5041799545,3
854,10.6683721542,18.5121397972,3
855,10.6819441319,18.5324788094,3
856,10.6964030266,18.5485517979,3
857,10.713599205,18.5613279343,3
858,10.7274000645,18.5779359341,3
859,10.7387650013,18.5846288204,3
860,10.7509520054,18.5974919796,3
861,10.763864994,18.6120839119,3
862,10.7776491642,18.621863842,3
863,10.7894182205,18.6354219913,3
864,10.8018171787,18.6468229294,3
865,10.8146061897,18.6580297947,3
866,10.8274011612,18.6719977856,3
867,10.8389182091,18.6845898628,3
868,10.8516321182,18.7008378506,1
869,10.8702661991,18.717569828,1
870,10.8828442097,18.7370569706,1
871,10.8944702148,18.7510027885,1
872,10.9062261581,18.7556698322,1
873,10.9184370041,18.777466774,1
874,10.9311292171,18.7859477997,1
875,10.947412014,18.8059329987,1
876,10.9638881683,18.8158528805,1
877,10.9803390503,18.8416879177,1
878,10.9926660061,18.8549208641,1
879,11.0058209896,18.8664829731,1
880,11.0180711746,18.8753437996,1
881,11.0312211514,18.8860518932,1
882,11.0429160595,18.8963627815,1
883,11.0569400787,18.9114558697,1
884,11.0690891743,18.915063858,1
885,11.0805790424,18.9290819168,1
886,11.0922260284,18.9383678436,1
887,11.1037011147,18.9476788044,1
888,11.115445137,18.9614779949,1
889,11.1273350716,18.9748637676,1
890,11.1388640404,18.9842588902,1
891,11.1507451534,18.9969348907,1
892,11.1638050079,19.0120167732,1
893,11.18029809,19.026419878,1
894,11.1921300888,19.0483739376,1
895,11.2038750648,19.048997879,1
896,11.2171261311,19.0631279945,1
897,11.229694128,19.0739469528,1
898,11.2420661449,19.0862789154,1
899,11.253688097,19.0990169048,1
900,11.2653181553,19.1126818657,1
901,11.2768471241,19.1202027798,1
902,11.2884821892,19.1414809227,1
903,11.3005251884,19.147993803,1
904,11.3135130405,19.1615917683,1
905,11.327753067,19.1714248657,1
906,11.3402581215,19.1861739159,1
907,11.352804184,19.1993539333,1
908,11.3644280434,19.211263895,1
909,11.3796830177,19.2266438007,1
910,11.3940050602,19.2397639751,1
911,11.4054532051,19.24969697,1
912,11.4173870087,19.2650549412,1
913,11.4291071892,19.2743899822,1
914,11.4412281513,19.2964389324,1
915,11.4527411461,19.2971158028,1
916,11.4644031525,19.3079919815,1
917,11.4759352207,19.3256008625,1
918,11.4873590469,19.3358199596,1
919,11.5003201962,19.3491637707,3
920,11.5153741837,19.362293005,3
921,11.5294611454,19.3744328022,3
922,11.5429971218,19.3872978687,3
923,11.5562450886,19.4243938923,3
924,11.5697231293,19.4252288342,3
925,11.5818140507,19.4275929928,3
926,11.5952830315,19.4416799545,3
927,11.6167221069,19.4650678635,3
928,11.6285331249,19.4772939682,3
929,11.6447491646,19.4952199459,3
930,11.659992218,19.5137648582,3
931,11.6717531681,19.5158479214,3
932,11.6833641529,19.5322508812,3
933,11.695027113,19.5400369167,3
934,11.7079651356,19.552946806,3
935,11.7194712162,19.5677909851,3
936,11.7323482037,19.577796936,3
937,11.7442770004,19.5925037861,3
938,11.758505106,19.6026668549,3
939,11.7698471546,19.6143779755,3
940,11.781594038,19.6268978119,3
941,11.793200016,19.6402909756,3
942,11.8082661629,19.6562948227,3
943,11.8213732243,19.671984911,3
944,11.8356311321,19.6858379841,3
945,11.847766161,19.6951658726,3
946,11.8615880013,19.7088668346,3
947,11.8739931583,19.7218828201,3
948,11.8862371445,19.7344157696,3
949,11.8998811245,19.7461509705,3
950,11.913818121,19.7630388737,3
951,11.9255211353,19.7757198811,3
952,11.9373691082,19.7836909294,3
953,11.9500050545,19.7972548008,3
954,11.961867094,19.8066728115,3
955,11.9735200405,19.8193538189,3
956,11.9851861,19.8318929672,3
957,11.9967420101,19.8446819782,3
958,12.0084650517,19.8527178764,3
959,12.0211350918,19.8684887886,3
960,12.0337901115,19.8857638836,3
961,12.0479841232,19.8946318626,3
962,12.0605781078,19.9079139233,3
963,12.0726730824,19.9211928844,3
964,12.0876390934,19.9319097996,3
965,12.1001691818,19.9538328648,3
966,12.116713047,19.9662268162,3
967,12.1285440922,19.9738409519,3
968,12.1402680874,19.9862937927,3
969,12.1537330151,20.0012218952,3
970,12.1653850079,20.0156669617,3
971,12.1774170399,20.0220749378,3
972,12.1893200874,20.0340778828,3
973,12.2011802197,20.0474808216,3
974,12.2151250839,20.0645599365,3
975,12.2289001942,20.0732178688,3
976,12.2405381203,20.090528965,1
977,12.2581911087,20.1014568806,1
978,12.2714121342,20.1175909042,1
979,12.2829921246,20.1363329887,1
980,12.2957789898,20.1429388523,1
981,12.3090391159,20.1607189178,1
982,12.3247640133,20.1726768017,1
983,12.3369240761,20.1876039505,1
984,12.3505060673,20.1969218254,1
985,12.364672184,20.2156419754,1
986,12.3798081875,20.2288758755,1
987,12.3914890289,20.241699934,1
988,12.4040870667,20.2517068386,1
989,12.4167480469,20.2647588253,1
990,12.4281971455,20.2747719288,1
991,12.4396510124,20.2869598866,1
992,12.4512960911,20.2992928028,1
993,12.4681780338,20.313079834,1
994,12.4822790623,20.329458952,1
995,12.4965081215,20.3464798927,1
996,12.5088341236,20.3548069,1
997,12.5221600533,20.3689439297,1
998,12.5406470299,20.3922839165,1
999,12.5540130138,20.4027938843,1
1000,12.5695931911,20.4198858738,1
1001,12.5888051987,20.4351928234,1
1002,12.6014370918,20.4484508038,1
1003,12.6212232113,20.4663739204,1
1004,12.6342890263,20.4792118073,1
1005,12.6460561752,20.4961879253,1
1006,12.6613562107,20.5099058151,1
1007,12.6730480194,20.517914772,1
1008,12.6856110096,20.5337460041,1
1009,12.7034811974,20.5491099358,1
1010,12.7152101994,20.5652499199,1
1011,12.7323391438,20.5800418854,1
1012,12.7439751625,20.5931198597,1
1013,12.7566812038,20.6031289101,1
1014,12.7698810101,20.6184699535,1
1015,12.7862160206,20.6330029964,1
1016,12.797837019,20.6421508789,1
1017,12.8094630241,20.6567468643,1
1018,12.8223600388,20.6668589115,1
1019,12.8374562263,20.6858267784,1
1020,12.8488922119,20.6968989372,1
1021,12.8611750603,20.7135999203,1
1022,12.8747291565,20.724118948,1
1023,12.8907999992,20.7430877686,1
1024,12.9068260193,20.7546188831,1
1025,12.9250562191,20.7707538605,1
1026,12.9373931885,20.7903239727,1
1027,12.9489271641,20.7985877991,1
1028,12.9605481625,20.8146588802,1
1029,12.9733700752,20.8216309547,1
1030,12.9865701199,20.8363399506,1
1031,12.9987821579,20.844853878,1
1032,13.0168321133,20.8634309769,1
1033,13.0283532143,20.8754827976,1
1034,13.0415000916,20.8898139,1
1035,13.0543961525,20.9019808769,2
1036,13.0669221878,20.9161968231,2
1037,13.0805401802,20.9259829521,2
1038,13.0920882225,20.935243845,2
1039,13.1042912006,20.9484508038,2
1040,13.1205890179,20.9663248062,2
1041,13.1344721317,20.988232851,2
1042,13.1461651325,21.0018639565,2
1043,13.1577820778,21.0045878887,2
1044,13.1693370342,21.0158457756,2
1045,13.1823580265,21.0252418518,2
1046,13.1999270916,21.0448827744,2
1047,13.2146480083,21.0657098293,2
1048,13.2273700237,21.0701029301,2
1049,13.2399001122,21.0835869312,2
1050,13.2545161247,21.0995218754,2
1051,13.2674121857,21.1120820045,2
1052,13.2822890282,21.1280019283,2
1053,13.2954220772,21.1433279514,2
1054,13.3099601269,21.16462183,2
1055,13.3243989944,21.1671037674,2
1056,13.3379251957,21.1818048954,2
1057,13.3493721485,21.1946539879,2
1058,13.3608510494,21.2133009434,2
1059,13.3734941483,21.2247729301,2
1060,13.3858110905,21.2377409935,2
1061,13.4035360813,21.2471349239,2
1062,13.4161140919,21.2671289444,2
1063,13.4300580025,21.2745079994,2
1064,13.4501781464,21.3008368015,2
1065,13.4628460407,21.3145649433,2
1066,13.4748220444,21.3217787743,2
1067,13.4900081158,21.3360087872,2
1068,13.5017011166,21.3472619057,2
1069,13.5203330517,21.3679769039,2
1070,13.5329082012,21.3852028847,2
1071,13.5445501804,21.4036808014,2
1072,13.5575671196,21.4171788692,2
1073,13.5695621967,21.4427428246,2
1074,13.5816571712,21.4576737881,2
1075,13.5933520794,21.4594109058,2
1076,13.6069550514,21.4780809879,2
1077,13.618691206,21.4797577858,2
1078,13.6306421757,21.4953489304,2
1079,13.6503651142,21.5025458336,2
1080,13.6688652039,21.5151269436,2
1081,13.6804881096,21.5263338089,2
1082,13.6964330673,21.5411758423,2
1083,13.7117290497,21.5580928326,2
1084,13.7235810757,21.5764408112,2
1085,13.7408821583,21.5878739357,2
1086,13.7568531036,21.6064758301,2
1087,13.7703959942,21.6209568977,2
1088,13.7875699997,21.6335098743,2
1089,13.8008711338,21.6456098557,2
1090,13.8153982162,21.6636049747,0
1091,13.828384161,21.6756839752,0
1092,13.8404331207,21.6880779266,0
1093,13.8522980213,21.7026507854,0
1094,13.8668692112,21.709717989,0
1095,13.8789331913,21.7298789024,0
1096,13.8916091919,21.7408919334,0
1097,13.9075951576,21.7521729469,0
1098,13.9198241234,21.7656359673,0
1099,13.932942152,21.78764081,0
1100,13.9444980621,21.7909209728,0
1101,13.9561920166,21.8050608635,0
1102,13.9693281651,21.819783926,0
1103,13.9838070869,21.8347668648,0
1104,14.0004131794,21.8497669697,0
1105,14.0135681629,21.8611369133,0
1106,14.0258891582,21.8714058399,0
1107,14.0391981602,21.8915259838,0
1108,14.0520532131,21.9011678696,0
1109,14.066257,21.9117379189,0
1110,14.080696106,21.9275429249,0
1111,14.0922291279,21.9377629757,0
1112,14.1069121361,21.9582018852,0
1113,14.1213440895,21.9692108631,0
1114,14.1340591908,21.9824450016,0
1115,14.1473841667,21.992046833,0
1116,14.1607410908,22.0109248161,0
1117,14.1743052006,22.0191128254,0
1118,14.1903250217,22.0402719975,0
1119,14.2022361755,22.049905777,0
1120,14.214302063,22.0633108616,0
1121,14.2258150578,22.0702347755,0
1122,14.2374281883,22.0858118534,0
1123,14.2492940426,22.0974998474,0
1124,14.2652790546,22.112749815,0
1125,14.2767481804,22.1239318848,0
1126,14.2899501324,22.1359708309,0
1127,14.302216053,22.1485719681,0
1128,14.3170452118,22.1626608372,0
1129,14.3292992115,22.1801609993,0
1130,14.3411591053,22.1972417831,0
1131,14.3543810844,22.2004709244,0
1132,14.3661201,22.2112669945,0
1133,14.3815581799,22.2277607918,0
1134,14.3957090378,22.2427759171,0
1135,14.4104940891,22.2597367764,0
1136,14.4254841805,22.2718718052,0
1137,14.4373691082,22.2839257717,0
1138,14.4550330639,22.303155899,0
1139,14.4670641422,22.3154227734,0
1140,14.4812641144,22.3259418011,0
1141,14.4928081036,22.3461837769,0
1142,14.5046231747,22.3508019447,0
1143,14.5164151192,22.3645617962,0
1144,14.5295321941,22.3759498596,0
1145,14.5462191105,22.3946619034,0
1146,14.5634040833,22.4129378796,0
1147,14.5767250061,22.4279530048,3
1148,14.588280201,22.43638587,3
1149,14.5999171734,22.451830864,3
1150,14.6156880856,22.4662637711,3
1151,14.6292920113,22.4820687771,3
1152,14.6413481236,22.5002529621,3
1153,14.6554942131,22.5039680004,3
1154,14.669093132,22.520157814,3
1155,14.6844530106,22.5317928791,3
1156,14.6995790005,22.5439519882,3
1157,14.71113801,22.5607919693,3
1158,14.7243230343,22.5728549957,3
1159,14.738448143,22.5828039646,3
1160,14.7520701885,22.5991108418,3
1161,14.7674090862,22.6132349968,3
1162,14.7810270786,22.6328549385,3
1163,14.7947261333,22.6468567848,3
1164,14.8063189983,22.6583178043,3
1165,14.8212561607,22.6647338867,3
1166,14.8328552246,22.6756629944,3
1167,14.8443281651,22.6904418468,3
1168,14.8570702076,22.7023639679,3
1169,14.8701250553,22.7154419422,3
1170,14.8876051903,22.7419297695,3
1171,14.9007821083,22.7583208084,3
1172,14.91370821,22.7700259686,3
1173,14.9255490303,22.7781779766,3
1174,14.9372501373,22.7855107784,3
1175,14.948923111,22.7987918854,3
1176,14.9605212212,22.8091027737,3
1177,14.9739730358,22.8223018646,3
1178,14.9870831966,22.8303499222,3
1179,15.0070490837,22.8525869846,3
1180,15.0235850811,22.8699607849,3
1181,15.0368211269,22.8888499737,3
1182,15.0482420921,22.8946349621,3
1183,15.0618920326,22.9103748798,3
1184,15.0759541988,22.9233448505,3
1185,15.0896751881,22.9410328865,3
1186,15.1019949913,22.9490039349,3
1187,15.1136569977,22.9575238228,3
1188,15.1274681091,22.9723818302,3
1189,15.1410930157,22.9874458313,3
1190,15.1552481651,23.0020558834,3
1191,15.1671831608,23.0099568367,3
1192,15.1789572239,23.0277547836,3
1193,15.1911270618,23.0422677994,3
1194,15.2059440613,23.0561258793,3
1195,15.2202219963,23.0713288784,3
1196,15.2397060394,23.0846009254,3
1197,15.2513701916,23.095610857,3
1198,15.2638430595,23.1168439388,3
1199,15.2756910324,23.123718977,3
1200,15.2874791622,23.1372439861,3
1201,15.3009800911,23.1486737728,3
1202,15.3179821968,23.1692929268,3
1203,15.3294870853,23.1864449978,1
1204,15.3442521095,23.1957199574,1
1205,15.3570899963,23.203263998,1
1206,15.3711380959,23.2150359154,1
1207,15.3864831924,23.2429378033,1
1208,15.4093701839,23.3416547775,1
1209,15.4216551781,23.3519937992,1
1210,15.4355771542,23.3530759811,1
1211,15.4473772049,23.3585758209,1
1212,15.4615371227,23.3600018024,1
1213,15.4744341373,23.3640527725,1
1214,15.4873502254,23.3648109436,1
1215,15.499119997,23.376390934,1
1216,15.5109391212,23.3844609261,1
1217,15.5257911682,23.3869998455,1
1218,15.5400731564,23.4053528309,1
1219,15.5556800365,23.4121718407,1
1220,15.5674099922,23.4166839123,1
1221,15.5789570808,23.4238619804,1
1222,15.5912811756,23.4343719482,1
1223,15.6057310104,23.4526939392,1
1224,15.6187741756,23.4671289921,1
1225,15.6306431293,23.4780027866,1
1226,15.6452832222,23.4921319485,1
1227,15.6576411724,23.5078098774,1
1228,15.6694920063,23.5165708065,1
1229,15.6879451275,23.5411520004,1
1230,15.7018501759,23.5468599796,1
1231,15.7141551971,23.5626838207,1
1232,15.72747612,23.5720257759,1
1233,15.7394120693,23.5872788429,1
1234,15.7518341541,23.5988669395,1
1235,15.7677130699,23.6157338619,1
1236,15.7839660645,23.6356539726,1
1237,15.7972722054,23.6428098679,1
1238,15.8099441528,23.6584219933,1
1239,15.8221600056,23.6679239273,1
1240,15.8341481686,23.6837718487,1
1241,15.8484020233,23.7002408504,1
1242,15.8620281219,23.7141327858,1
1243,15.8739750385,23.7199108601,1
1244,15.8859221935,23.7342648506,1
1245,15.8999891281,23.7473797798,1
1246,15.9177391529,23.7665379047,1
1247,15.9294791222,23.7742087841,1
1248,15.9419381618,23.7887399197,1
1249,15.954608202,23.7989928722,1
1250,15.9673340321,23.818114996,1
1251,15.9801280499,23.8347799778,1
1252,15.993448019,23.8434278965,1
1253,16.0061731339,23.8557507992,1
1254,16.0224821568,23.8669388294,1
1255,16.0347421169,23.8866808414,1
1256,16.0474450588,23.894151926,1
1257,16.060144186,23.9106209278,1
1258,16.0738580227,23.9196069241,1
1259,16.0854871273,23.9298048019,1
1260,16.1002612114,23.9442629814,1
1261,16.1127130985,23.9562978745,1
1262,16.1255102158,23.9710819721,3
1263,16.1415951252,23.9901428223,3
1264,16.1534721851,23.9989848137,3
1265,16.1660749912,24.0124018192,3
1266,16.1805901527,24.0275819302,3
1267,16.1959910393,24.054546833,3
1268,16.2094130516,24.0625078678,3
1269,16.2208871841,24.0706038475,3
1270,16.2324881554,24.0769848824,3
1271,16.2447161674,24.0949738026,3
1272,16.2578940392,24.1028339863,3
1273,16.27146101,24.1157689095,3
1274,16.2851390839,24.1340868473,3
1275,16.3012270927,24.1511719227,3
1276,16.3136620522,24.1603858471,3
1277,16.3254961967,24.1722178459,3
1278,16.3378641605,24.1835238934,3
1279,16.3508970737,24.1947789192,3
1280,16.3625781536,24.2088718414,3
1281,16.374890089,24.2178559303,3
1282,16.3891811371,24.2365689278,3
1283,16.4023911953,24.2536468506,3
1284,16.4167780876,24.2665469646,3
1285,16.4317901134,24.2867689133,3
1286,16.4447090626,24.2941219807,3
1287,16.4561231136,24.3098809719,3
1288,16.4732801914,24.3341507912,3
1289,16.4883019924,24.3449487686,3
1290,16.5014212132,24.3524098396,3
1291,16.517190218,24.3724298477,3
1292,16.5290341377,24.3761878014,3
1293,16.5406701565,24.3870689869,3
1294,16.5536231995,24.3984808922,3
1295,16.566213131,24.4154689312,3
1296,16.5789949894,24.4271187782,3
1297,16.5922651291,24.435259819,3
1298,16.6043581963,24.4587619305,3
1299,16.619987011,24.4683248997,3
1300,16.6355471611,24.487869978,3
1301,16.6523060799,24.5053057671,3
1302,16.6639120579,24.5186378956,3
1303,16.6763830185,24.5290858746,3
1304,16.691576004,24.5381639004,3
1305,16.7057580948,24.5503618717,3
1306,16.7223231792,24.5653879642,3
1307,16.7387051582,24.5821759701,3
1308,16.7530360222,24.602093935,3
1309,16.7648370266,24.6126949787,3
1310,16.7783880234,24.6260638237,3
1311,16.7901110649,24.6376698017,3
1312,16.8032581806,24.646807909,3
1313,16.8149790764,24.6588528156,3
1314,16.8294022083,24.6754968166,3
1315,16.8413472176,24.6909828186,1
1316,16.8573400974,24.7113928795,1
1317,16.8735880852,24.7226729393,1
1318,16.8874070644,24.7303218842,1
1319,16.9005250931,24.7468218803,1
1320,16.9121320248,24.7571687698,1
1321,16.9250202179,24.7692389488,1
1322,16.9375681877,24.7821807861,1
1323,16.9529521465,24.796214819,1
1324,16.9661149979,24.8128488064,1
1325,16.9780511856,24.8238759041,1
1326,16.9915890694,24.8433189392,1
1327,17.0075562,24.8541707993,1
1328,17.0199480057,24.8677928448,1
1329,17.0323560238,24.8884418011,1
1330,17.0444850922,24.8922429085,1
1331,17.0564091206,24.9018018246,1
1332,17.0695052147,24.9194738865,1
1333,17.0905921459,24.9409778118,1
1334,17.1026871204,24.9484798908,1
1335,17.114593029,24.960616827,1
1336,17.1302142143,24.9773099422,1
1337,17.1420462132,24.9865138531,1
1338,17.1541471481,25.0000958443,1
1339,17.1673591137,25.0128588676,1
1340,17.1806330681,25.029886961,1
1341,17.1984541416,25.0463588238,1
1342,17.2143800259,25.0632379055,1
1343,17.2259252071,25.070830822,1
1344,17.2400231361,25.0947268009,1
1345,17.2560601234,25.102686882,1
1346,17.2676951885,25.1165099144,1
1347,17.2801220417,25.1283459663,1
1348,17.2918331623,25.1358909607,1
1349,17.3085381985,25.1560149193,1
1350,17.320649147,25.1681039333,1
1351,17.3323011398,25.1773269176,1
1352,17.343832016,25.1897699833,1
1353,17.3574981689,25.2032828331,1
1354,17.3692719936,25.2147989273,1
1355,17.3811740875,25.23416996,1
1356,17.3929920197,25.2373588085,1
1357,17.4075291157,25.2538349628,1
1358,17.4193382263,25.2665858269,1
1359,17.4310531616,25.2822449207,1
1360,17.4427900314,25.2878530025,1
1361,17.4555521011,25.3047487736,1
1362,17.4675860405,25.3141629696,1
1363,17.4790780544,25.328291893,1
1364,17.4910950661,25.3407599926,1
1365,17.5027852058,25.3497338295,1
1366,17.5186071396,25.3657069206,1
1367,17.530821085,25.3830518723,1
1368,17.5425741673,25.3929519653,1
1369,17.5582849979,25.406170845,1
1370,17.5716061592,25.4243838787,3
1371,17.5836081505,25.4327089787,3
1372,17.600369215,25.4482579231,3
1373,17.6146621704,25.463351965,3
1374,17.6349730492,25.4808278084,3
1375,17.6473560333,25.4927330017,3
1376,17.6592490673,25.5034070015,3
1377,17.6748151779,25.5211489201,3
1378,17.6893270016,25.5374369621,3
1379,17.7029089928,25.5510098934,3
1380,17.7183852196,25.5630598068,3
1381,17.7301502228,25.5774888992,3
1382,17.7424111366,25.5897498131,3
1383,17.7551929951,25.599367857,3
1384,17.7679312229,25.6182878017,3
1385,17.7914440632,25.640542984,3
1386,17.8055520058,25.6531999111,3
1387,17.8175930977,25.6636269093,3
1388,17.8291721344,25.6749939919,3
1389,17.8414912224,25.6930317879,3
1390,17.8588910103,25.7088208199,3
1391,17.8708510399,25.7192409039,3
1392,17.8823711872,25.7330877781,3
1393,17.8942821026,25.7459628582,3
1394,17.9089510441,25.7582368851,3
1395,17.922960043,25.7708427906,3
1396,17.9361441135,25.7818589211,3
1397,17.9519131184,25.7979178429,3
1398,17.9640011787,25.8105537891,3
1399,17.9758601189,25.8218917847,3
1400,17.9877300262,25.8351929188,3
1401,17.9993400574,25.8469069004,3
1402,18.0124270916,25.8591239452,3
1403,18.0242090225,25.8743948936,3
1404,18.03926301,25.8865468502,3
1405,18.0515511036,25.902807951,3
1406,18.068529129,25.9185497761,3
1407,18.0851230621,25.9338049889,3
1408,18.1016910076,25.9481759071,3
1409,18.1131701469,25.9581677914,3
1410,18.1250891685,25.972178936,3
1411,18.1409780979,25.9860768318,3
1412,18.1529271603,26.0019938946,3
1413,18.1644182205,26.0140519142,3
1414,18.1765739918,26.0225419998,3
1415,18.1909301281,26.0362939835,3
1416,18.2064270973,26.0509009361,3
1417,18.2183740139,26.0656609535,3
1418,18.230022192,26.07533288,3
1419,18.2516920567,26.0959279537,3
1420,18.2650520802,26.1095569134,1
1421,18.2767810822,26.12398386,1
1422,18.2893362045,26.1351869106,1
1423,18.3009231091,26.1503257751,1
1424,18.3127100468,26.1587867737,1
1425,18.330365181,26.1810498238,1
1426,18.3429141045,26.1963398457,1
1427,18.3589131832,26.2083389759,1
1428,18.3709731102,26.221973896,1
1429,18.3825001717,26.2255609035,1
1430,18.3980000019,26.2464900017,1
1431,18.4094860554,26.2603387833,1
1432,18.424749136,26.2714369297,1
1433,18.4380311966,26.283220768,1
1434,18.4523200989,26.3001718521,1
1435,18.4647541046,26.3114378452,1
1436,18.4768199921,26.3281238079,1
1437,18.4901101589,26.3335127831,1
1438,18.502628088,26.3485519886,1
1439,18.5162401199,26.3659877777,1
1440,18.5279672146,26.3777639866,1
1441,18.5399591923,26.3868639469,1
1442,18.5517082214,26.3960249424,1
1443,18.5638952255,26.438439846,1
1444,18.5796182156,26.4513628483,1
1445,18.5914552212,26.4523358345,1
1446,18.6041932106,26.4672307968,1
1447,18.6156320572,26.473708868,1
1448,18.630202055,26.4820997715,1
1449,18.6422162056,26.4922668934,1
1450,18.6594111919,26.5104198456,1
1451,18.6710190773,26.5154898167,1
1452,18.6840591431,26.5342597961,1
1453,18.6965470314,26.5445108414,1
1454,18.7189171314,26.5664288998,1
1455,18.7307190895,26.5777459145,1
1456,18.7431490421,26.5953319073,1
1457,18.7576479912,26.6007750034,1
1458,18.7696840763,26.6158108711,1
1459,18.7822990417,26.6278498173,1
1460,18.8004040718,26.6465649605,1
1461,18.8135330677,26.6598169804,1
1462,18.8262560368,26.6730768681,1
1463,18.8410301208,26.690874815,1
1464,18.8537180424,26.7034518719,1
1465,18.86769104,26.7159998417,1
1466,18.8806900978,26.7343659401,1
1467,18.8931992054,26.7412908077,1
1468,18.9052860737,26.7542247772,1
1469,18.9230101109,26.7719359398,1
1470,18.9348201752,26.7817838192,1
1471,18.9543731213,26.8043529987,1
1472,18.9753851891,26.8212068081,1
1473,18.9875431061,26.8340938091,1
1474,18.9999651909,26.851405859,1
1475,19.0153460503,26.8677108288,2
1476,19.027089119,26.8847818375,2
1477,19.0389711857,26.8861589432,2
1478,19.0517151356,26.9001858234,2
1479,19.0672841072,26.9149940014,2
1480,19.0814270973,26.9333767891,2
1481,19.1001381874,26.9449748993,2
1482,19.1136200428,26.9583637714,2
1483,19.1251971722,26.9695727825,2
1484,19.1396310329,26.9900958538,2
1485,19.1519110203,27.0003399849,2
1486,19.1638891697,27.0170948505,2
1487,19.1754570007,27.0250427723,2
1488,19.187693119,27.0335898399,2
1489,19.1992502213,27.0476357937,2
1490,19.2181031704,27.0695428848,2
1491,19.2317280769,27.0750179291,2
1492,19.2441260815,27.0968558788,2
1493,19.2685830593,27.1174139977,2
1494,19.2894880772,27.135710001,2
1495,19.3026080132,27.1490519047,2
1496,19.314617157,27.1665899754,2
1497,19.326239109,27.1731319427,2
1498,19.3389210701,27.1879718304,2
1499,19.3505589962,27.19490695,2
1500,19.3622751236,27.2144739628,2
1501,19.3751471043,27.2219099998,2
1502,19.3878400326,27.2522258759,2
1503,19.400657177,27.2842569351,2
1504,19.4162261486,27.3084359169,2
1505,19.4278461933,27.318269968,2
1506,19.439469099,27.3288238049,2
1507,19.451611042,27.3410999775,2
1508,19.4686322212,27.3517007828,2
1509,19.4870660305,27.3575928211,2
1510,19.5019462109,27.3740839958,2
1511,19.5133981705,27.3818438053,2
1512,19.5251941681,27.3966109753,2
1513,19.5383980274,27.4136838913,2
1514,19.5504710674,27.4399819374,2
1515,19.5664250851,27.4488379955,2
1516,19.5796592236,27.4701368809,2
1517,19.5917520523,27.4754509926,2
1518,19.6033260822,27.484803915,2
1519,19.623426199,27.493229866,2
1520,19.6351950169,27.4989848137,2
1521,19.6556901932,27.5083987713,2
1522,19.6677331924,27.5155789852,2
1523,19.6821219921,27.5332019329,2
1524,19.6956031322,27.5402038097,2
1525,19.7089910507,27.5641069412,2
1526,19.7245810032,27.5854439735,2
1527,19.738984108,27.6023719311,0
1528,19.7513420582,27.616260767,0
1529,19.7628881931,27.630781889,0
1530,19.775313139,27.6453368664,0
1531,19.7870151997,27.6506659985,0
1532,19.7986090183,27.6587657928,0
1533,19.8122901917,27.6655550003,0
1534,19.8244721889,27.6747479439,0
1535,19.8406600952,27.6905667782,0
1536,19.8545241356,27.7052679062,0
1537,19.8678760529,27.71022892,0
1538,19.883669138,27.733273983,0
1539,19.9030821323,27.7561209202,0
1540,19.9207761288,27.7687988281,0
1541,19.9326410294,27.7813148499,0
1542,19.9496099949,27.8010058403,0
1543,19.9614171982,27.806044817,0
1544,19.9743862152,27.8193058968,0
1545,19.9892380238,27.8407359123,0
1546,20.0018601418,27.8522119522,0
1547,20.013351202,27.8562619686,0
1548,20.0302550793,27.876819849,0
1549,20.0428981781,27.8907399178,0
1550,20.0557661057,27.905807972,0
1551,20.0680382252,27.9186849594,0
1552,20.08091712,27.9291348457,0
1553,20.0927290916,27.9504039288,0
1554,20.1051352024,27.9582309723,0
1555,20.1205010414,27.9733498096,0
1556,20.1353120804,27.9884238243,0
1557,20.1476390362,27.9968299866,0
1558,20.1641161442,28.0106489658,0
1559,20.1757922173,28.0217068195,0
1560,20.1875309944,28.0335710049,0
1561,20.1991941929,28.0456779003,0
1562,20.2117450237,28.0565338135,0
1563,20.2232151031,28.0686178207,0
1564,20.2363572121,28.0840239525,0
1565,20.2500300407,28.0945978165,0
1566,20.2618041039,28.1089158058,0
1567,20.2743690014,28.1212899685,0
1568,20.2876970768,28.1353609562,0
1569,20.2991940975,28.1560847759,0
1570,20.3110020161,28.1610658169,0
1571,20.3241581917,28.1738078594,0
1572,20.3370170593,28.1877307892,0
1573,20.3503170013,28.1957597733,0
1574,20.3658671379,28.2121779919,0
1575,20.3773131371,28.2242548466,0
1576,20.3893990517,28.2342159748,0
1577,20.4041740894,28.2485349178,0
1578,20.4182879925,28.26222682,0
1579,20.4311480522,28.2792429924,0
1580,20.4441962242,28.2889568806,0
1581,20.459605217,28.3125817776,2
1582,20.4741170406,28.3204669952,2
1583,20.489467144,28.3385469913,2
1584,20.5010612011,28.3482518196,2
1585,20.513972044,28.3770358562,2
1586,20.5402901173,28.3948309422,2
1587,20.558617115,28.4060509205,2
1588,20.5757780075,28.4622149467,2
1589,20.6214900017,28.4757158756,2
1590,20.635376215,28.4849479198,2
1591,20.652162075,28.5000457764,2
1592,20.6656601429,28.5147140026,2
1593,20.6784300804,28.525788784,2
1594,20.6924650669,28.54535079,2
1595,20.7080361843,28.55316782,2
1596,20.720220089,28.5696268082,2
1597,20.7391140461,28.5850548744,2
1598,20.7523961067,28.604241848,2
1599,20.7685890198,28.6174809933,2
1600,20.7806780338,28.6260027885,2
1601,20.7922990322,28.6421477795,2
1602,20.8101360798,28.6569437981,2
1603,20.8230850697,28.6746759415,2
1604,20.8349721432,28.6866018772,2
1605,20.8476781845,28.6997108459,2
1606,20.8614292145,28.7067098618,2
1607,20.8737671375,28.7194879055,2
1608,20.8876721859,28.7383449078,2
1609,20.9035050869,28.7564427853,2
1610,20.9149451256,28.7629768848,2
1611,20.9282090664,28.7807970047,2
1612,20.9467182159,28.7943089008,2
1613,20.958725214,28.8094367981,2
1614,20.9707810879,28.8208129406,2
1615,20.9829440117,28.8387439251,2
1616,20.9944741726,28.849932909,2
1617,21.0069072247,28.856415987,2
1618,21.0209581852,28.8669769764,2
1619,21.0351080894,28.8804929256,2
1620,21.0476830006,28.8937168121,2
1621,21.0593070984,28.904955864,2
1622,21.0758471489,28.9264438152,2
1623,21.0912950039,28.9368078709,2
1624,21.1063070297,28.9547579288,2
1625,21.1218030453,28.9674119949,2
1626,21.1338090897,28.9855937958,2
1627,21.1461031437,28.9970519543,2
1628,21.1603400707,29.0143778324,2
1629,21.1748640537,29.0232830048,2
1630,21.1887550354,29.0470178127,2
1631,21.208176136,29.051129818,2
1632,21.2215909958,29.0741949081,2
1633,21.2366290092,29.0867478848,2
1634,21.2499780655,29.0956130028,2
1635,21.2628531456,29.1071438789,2
1636,21.2762989998,29.1260068417,2
1637,21.2887120247,29.1329078674,2
1638,21.3005280495,29.1523029804,2
1639,21.3125891685,29.1582148075,2
1640,21.3251311779,29.1715729237,2
1641,21.338973999,29.1850059032,0
1642,21.351170063,29.2076230049,0
1643,21.3696780205,29.2191038132,0
1644,21.3814890385,29.2328209877,0
1645,21.3935501575,29.2434659004,0
1646,21.4050881863,29.2564837933,0
1647,21.4178421497,29.2681658268,0
1648,21.4338080883,29.2850699425,0
1649,21.4475281239,29.2909829617,0
1650,21.4591321945,29.3163897991,0
1651,21.4722521305,29.3220160007,0
1652,21.4838252068,29.3303229809,0
1653,21.4961471558,29.3437809944,0
1654,21.5087640285,29.3581838608,0
1655,21.5241720676,29.3685548306,0
1656,21.5358700752,29.3896989822,0
1657,21.5479431152,29.3913648129,0
1658,21.5597720146,29.4117438793,0
1659,21.5724351406,29.4220907688,0
1660,21.586630106,29.4330317974,0
1661,21.5997262001,29.4547548294,0
1662,21.6114761829,29.4560799599,0
1663,21.6258130074,29.4755039215,0
1664,21.6416060925,29.4892468452,0
1665,21.6547400951,29.5041909218,0
1666,21.6677410603,29.5193498135,0
1667,21.6794321537,29.530905962,0
1668,21.691119194,29.5450549126,0
1669,21.7026371956,29.5515379906,0
1670,21.714217186,29.5602939129,0
1671,21.726252079,29.5789589882,0
1672,21.7456650734,29.5919508934,0
1673,21.7581391335,29.6048607826,0
1674,21.7718892097,29.6250798702,0
1675,21.7876930237,29.6355829239,0
1676,21.8001430035,29.6487159729,0
1677,21.8117961884,29.6664237976,0
1678,21.8316562176,29.6802158356,0
1679,21.8442821503,29.6962997913,0
1680,21.8620800972,29.7082228661,0
1681,21.874819994,29.7217648029,0
1682,21.8940021992,29.7518727779,0
1683,21.906689167,29.7627949715,0
1684,21.9302031994,29.7749109268,0
1685,21.942825079,29.787760973,0
1686,21.9582901001,29.8038549423,0
1687,21.9760460854,29.8309388161,0
1688,21.9968531132,29.8448808193,0
1689,22.0093710423,29.854282856,0
1690,22.0250291824,29.8716578484,0
1691,22.03779006,29.8833317757,0
1692,22.0508971214,29.8979029655,0
1693,22.0677061081,29.9138588905,0
1694,22.0826900005,29.9302728176,0
1695,22.0949749947,29.949644804,3
1696,22.1078460217,29.9630877972,3
1697,22.1277132034,29.9729709625,3
1698,22.1405479908,29.9957249165,3
1699,22.1606152058,30.0090959072,3
1700,22.1725361347,30.0178787708,3
1701,22.1873261929,30.0302259922,3
1702,22.2000210285,30.0468378067,3
1703,22.2116770744,30.054792881,3
1704,22.2230582237,30.0693678856,3
1705,22.2366909981,30.0862689018,3
1706,22.248265028,30.0952630043,3
1707,22.259937048,30.1056489944,3
1708,22.2719662189,30.1181378365,3
1709,22.2894580364,30.1349339485,3
1710,22.3073780537,30.1575579643,3
1711,22.3223881721,30.1696219444,3
1712,22.3394842148,30.1951267719,3
1713,22.3516390324,30.2064499855,3
1714,22.3685631752,30.2175648212,3
1715,22.3876881599,30.2337698936,3
1716,22.39935112,30.2498378754,3
1717,22.4121091366,30.2613499165,3
1718,22.4306621552,30.2833089828,3
1719,22.442661047,30.2941188812,3
1720,22.4545772076,30.3031737804,3
1721,22.4670290947,30.3148038387,3
1722,22.4810080528,30.3333179951,3
1723,22.4936680794,30.3463008404,3
1724,22.5091991425,30.3624367714,3
1725,22.5304281712,30.3759629726,3
1726,22.543076992,30.3914439678,3
1727,22.556014061,30.4038248062,3
1728,22.5678050518,30.4131939411,3
1729,22.5794591904,30.4283599854,3
1730,22.5926311016,30.4431679249,3
1731,22.6042411327,30.4512248039,3
1732,22.6186962128,30.4674999714,3
1733,22.6306090355,30.4755108356,3
1734,22.6424582005,30.4874329567,3
1735,22.6548800468,30.5059869289,3
1736,22.6674590111,30.5115838051,3
1737,22.6806340218,30.5343728065,3
1738,22.6923730373,30.5430169106,3
1739,22.7038772106,30.5530769825,3
1740,22.7153480053,30.5662529469,3
1741,22.728399992,30.5773677826,3
1742,22.7430260181,30.5901579857,3
1743,22.7567591667,30.605232954,3
1744,22.7688810825,30.6151278019,3
1745,22.7898051739,30.6345698833,3
1746,22.8018209934,30.649091959,3
1747,22.8167681694,30.6672348976,3
1748,22.8308360577,30.6766870022,3
1749,22.8458490372,30.691783905,3
1750,22.8593540192,30.7067799568,3
1751,22.8709330559,30.7213869095,1
1752,22.8847219944,30.7309658527,1
1753,22.8963050842,30.7559888363,1
1754,22.9096632004,30.7630620003,1
1755,22.9217221737,30.7737848759,1
1756,22.9336640835,30.7798237801,1
1757,22.945456028,30.7962088585,1
1758,22.9571151733,30.8039879799,1
1759,22.9709131718,30.8193387985,1
1760,22.9827270508,30.825524807,1
1761,23.0018410683,30.8471307755,1
1762,23.0199270248,30.8650047779,1
1763,23.0355770588,30.8824589252,1
1764,23.0590801239,30.9017977715,1
1765,23.0707101822,30.9150538445,1
1766,23.0841960907,30.9298248291,1
1767,23.0971620083,30.9426620007,1
1768,23.1095421314,30.9563918114,1
1769,23.1211202145,30.9752378464,1
1770,23.1393470764,30.9881129265,1
1771,23.1554040909,31.0002129078,1
1772,23.1696841717,31.0143749714,1
1773,23.1861641407,31.0293309689,1
1774,23.1990451813,31.0477759838,1
1775,23.2143721581,31.0621089935,1
1776,23.2267260551,31.07076478,1
1777,23.2407560349,31.0951318741,1
1778,23.2601850033,31.1078779697,1
1779,23.2727761269,31.1198298931,1
1780,23.285389185,31.1392009258,1
1781,23.2972450256,31.1497488022,1
1782,23.3087141514,31.1538968086,1
1783,23.322838068,31.1679289341,1
1784,23.3344790936,31.1879179478,1
1785,23.3476171494,31.1970729828,1
1786,23.3617691994,31.2156608105,1
1787,23.3767170906,31.2260198593,1
1788,23.3901910782,31.2517278194,1
1789,23.4023141861,31.2550637722,1
1790,23.4204452038,31.2779958248,1
1791,23.4321451187,31.2904098034,1
1792,23.445800066,31.2989017963,1
1793,23.457378149,31.3188707829,1
1794,23.4693851471,31.3300218582,1
1795,23.4817140102,31.345389843,1
1796,23.4934771061,31.3475749493,1
1797,23.5050320625,31.3539199829,1
1798,23.5183000565,31.3725428581,1
1799,23.5302610397,31.3746848106,1
1800,23.5427610874,31.3885149956,1
1801,23.5562441349,31.4051849842,1
1802,23.5704791546,31.420388937,1
1803,23.5864870548,31.4414958954,2
1804,23.6056652069,31.456679821,2
1805,23.6182761192,31.464733839,2
1806,23.6302990913,31.4880337715,2
1807,23.6425580978,31.4896879196,2
1808,23.6582570076,31.5029518604,2
1809,23.6716930866,31.52501297,2
1810,23.6911220551,31.5404458046,2
1811,23.7028570175,31.5544857979,2
1812,23.7228791714,31.5695397854,2
1813,23.7352881432,31.5779547691,2
1814,23.7468471527,31.5904037952,2
1815,23.7693560123,31.6187839508,2
1816,23.782033205,31.6331048012,2
1817,23.7937400341,31.6426298618,2
1818,23.8094570637,31.6573038101,2
1819,23.8212211132,31.6738319397,2
1820,23.8389670849,31.6840758324,2
1821,23.8504991531,31.7063210011,2
1822,23.8627631664,31.714099884,2
1823,23.8806250095,31.726680994,2
1824,23.8923151493,31.7445878983,2
1825,23.9052841663,31.7568387985,2
1826,23.9167091846,31.7643659115,2
1827,23.9281880856,31.7731518745,2
1828,23.940100193,31.7874269485,2
1829,23.9517250061,31.7960557938,2
1830,23.9641430378,31.8171858788,2
1831,23.9793820381,31.8356318474,2
1832,23.9910941124,31.8364548683,2
1833,24.0077080727,31.8561837673,2
1834,24.0198202133,31.8721938133,2
1835,24.0362892151,31.8822109699,2
1836,24.0478811264,31.8958659172,2
1837,24.0613541603,31.9058248997,2
1838,24.0764451027,31.9259998798,2
1839,24.0887360573,31.9358029366,2
1840,24.1005980968,31.9498357773,2
1841,24.1146531105,31.9654898643,2
1842,24.1291851997,31.9798848629,2
1843,24.1466481686,31.9924709797,2
1844,24.1688981056,32.0247559547,2
1845,24.1811680794,32.0255818367,2
1846,24.1936881542,32.0408468246,2
1847,24.209059,32.0544428825,2
1848,24.2207510471,32.0666069984,2
1849,24.2384200096,32.0855088234,2
1850,24.2529191971,32.0992248058,2
1851,24.266644001,32.1229398251,2
1852,24.2801830769,32.1237390041,2
1853,24.2989730835,32.1431179047,2
1854,24.3107831478,32.1586139202,2
1855,24.3221549988,32.1705319881,2
1856,24.3338310719,32.1888239384,0
1857,24.3457560539,32.1949110031,0
1858,24.3585300446,32.2027058601,0
1859,24.3708879948,32.2197377682,0
1860,24.3845701218,32.2337138653,0
1861,24.3963310719,32.2570099831,0
1862,24.4134480953,32.2717030048,0
1863,24.4259300232,32.2813868523,0
1864,24.4394500256,32.3018119335,0
1865,24.4543130398,32.3149249554,0
1866,24.4676911831,32.3206717968,0
1867,24.4866840839,32.3372499943,0
1868,24.5006320477,32.3446769714,0
1869,24.5122671127,32.3564529419,0
1870,24.5250201225,32.3738918304,0
1871,24.5372331142,32.3841300011,0
1872,24.5529961586,32.399930954,0
1873,24.5656900406,32.4124319553,0
1874,24.5772471428,32.4199488163,0
1875,24.5886781216,32.4319558144,0
1876,24.6030881405,32.4465749264,0
1877,24.6146371365,32.4576179981,0
1878,24.6268050671,32.4725749493,0
1879,24.6391680241,32.4857048988,0
1880,24.6511700153,32.4943959713,0
1881,24.6628701687,32.5166509151,0
1882,24.6760790348,32.5234498978,0
1883,24.6879401207,32.5336518288,0
1884,24.7028441429,32.5511329174,0
1885,24.7148170471,32.5604968071,0
1886,24.7290370464,32.573142767,0
1887,24.7407841682,32.5853118896,0
1888,24.7526950836,32.604061842,0
1889,24.7646842003,32.6099498272,0
1890,24.7766091824,32.6193189621,0
1891,24.7882521152,32.633327961,0
1892,24.8002002239,32.6469159126,0
1893,24.8117661476,32.6552319527,0
1894,24.8259429932,32.6700499058,0
1895,24.8381910324,32.6834747791,0
1896,24.8523449898,32.6956269741,0
1897,24.865511179,32.7105259895,0
1898,24.8772702217,32.7228469849,0
1899,24.8908100128,32.7357318401,0
1900,24.9029521942,32.7504439354,0
1901,24.9166920185,32.7611539364,0
1902,24.9293839931,32.7819218636,0
1903,24.9446442127,32.7908718586,0
1904,24.9561970234,32.8088037968,0
1905,24.9678020477,32.8115539551,0
1906,24.9806990623,32.8283298016,0
1907,24.9923090935,32.8382189274,0
1908,25.005685091,32.850799799,0
1909,25.0172121525,32.8625309467,0
1910,25.0327231884,32.8808529377,3
1911,25.0443952084,32.894233942,3
1912,25.0579810143,32.904091835,3
1913,25.0696589947,32.9191129208,3
1914,25.0812001228,32.92578578,3
1915,25.0940229893,32.9396779537,3
1916,25.1076891422,32.9515388012,3
1917,25.1215980053,32.9778568745,3
1918,25.1394581795,33.0171458721,3
1919,25.173582077,33.0186197758,3
1920,25.1864471436,33.0314409733,3
1921,25.2016050816,33.0482327938,3
1922,25.2133500576,33.0649287701,3
1923,25.22539711,33.0763239861,3
1924,25.2389230728,33.0836927891,3
1925,25.2511131763,33.0996258259,3
1926,25.2665882111,33.1164958477,3
1927,25.279209137,33.1399018764,3
1928,25.2908060551,33.1477119923,3
1929,25.3087790012,33.1705009937,3
1930,25.3254170418,33.1842319965,3
1931,25.337895155,33.1960659027,3
1932,25.3509171009,33.2052519321,3
1933,25.3657400608,33.2117929459,3
1934,25.3772690296,33.2284228802,3
1935,25.3962302208,33.2452099323,3
1936,25.4105641842,33.2566478252,3
1937,25.4244410992,33.2730009556,3
1938,25.4426350594,33.2914710045,3
1939,25.4543681145,33.298842907,3
1940,25.469627142,33.316795826,3
1941,25.4875001907,33.3341839314,3
1942,25.5033710003,33.3467159271,3
1943,25.5209271908,33.3666698933,3
1944,25.5339400768,33.3825559616,3
1945,25.5460510254,33.3899087906,3
1946,25.5602381229,33.4089508057,3
1947,25.5766861439,33.4338657856,3
1948,25.5919589996,33.4346179962,3
1949,25.6038691998,33.447026968,3
1950,25.6154031754,33.4754648209,3
1951,25.6270141602,33.4817388058,3
1952,25.6393930912,33.4861829281,3
1953,25.6524610519,33.4997758865,3
1954,25.6700291634,33.5175859928,3
1955,25.6885650158,33.5384578705,3
1956,25.7029321194,33.5536658764,3
1957,25.7186059952,33.5648508072,3
1958,25.7306220531,33.5760769844,3
1959,25.7429060936,33.5965979099,3
1960,25.7550151348,33.608273983,3
1961,25.7680571079,33.6175308228,3
1962,25.7796289921,33.6268129349,3
1963,25.7945640087,33.6414217949,3
1964,25.8064591885,33.6525988579,3
1965,25.8190991879,33.6666688919,3
1966,25.8311300278,33.6790518761,1
1967,25.8429231644,33.6901857853,1
1968,25.8556571007,33.705121994,1
1969,25.8674871922,33.715711832,1
1970,25.8823091984,33.7316908836,1
1971,25.8938391209,33.7419388294,1
1972,25.9122691154,33.7642829418,1
1973,25.9279901981,33.7746329308,1
1974,25.9403991699,33.7881457806,1
1975,25.9523351192,33.8040018082,1
1976,25.9677090645,33.8150517941,1
1977,25.9803760052,33.833165884,1
1978,25.9983730316,33.8451399803,1
1979,26.0104091167,33.856995821,1
1980,26.0238280296,33.8699967861,1
1981,26.0375480652,33.8893139362,1
1982,26.0532841682,33.8978188038,1
1983,26.0652291775,33.910697937,1
1984,26.0799760818,33.9348118305,1
1985,26.0930371284,33.9355387688,1
1986,26.1053550243,33.950676918,1
1987,26.1209900379,33.9644458294,1
1988,26.1324532032,33.9782309532,1
1989,26.1445910931,33.9898488522,1
1990,26.1598210335,34.0064508915,1
1991,26.1763780117,34.0274548531,1
1992,26.1931111813,34.0471758842,1
1993,26.2138900757,34.0637538433,1
1994,26.2257540226,34.0739557743,1
1995,26.2407000065,34.0913238525,1
1996,26.2595322132,34.1048629284,1
1997,26.275988102,34.126431942,1
1998,26.2952661514,34.1415638924,1
1999,26.3069300652,34.1519048214,1
2000,26.325523138,34.1810939312,1
