PacketSeqNo,GeneratedTime(sec),ArrivalTime(sec),MulticastIdx
1,0.00258207321167,12.8427431583,1
2,0.0146579742432,12.8528101444,1
3,0.0269370079041,12.8654019833,1
4,0.0394821166992,12.8779129982,1
5,0.0516541004181,12.8921380043,1
6,0.0634140968323,12.9002640247,1
7,0.0752549171448,12.9129440784,1
8,0.0873548984528,12.9269139767,1
9,0.100297927856,12.9383330345,1
10,0.112606048584,12.952324152,1
11,0.127327919006,12.9658830166,1
12,0.14031291008,12.9825069904,1
13,0.152918100357,12.9903659821,1
14,0.164580106735,13.0023341179,1
15,0.176461935043,13.0142800808,1
16,0.187966108322,13.0438630581,1
17,0.217080116272,13.0548551083,1
18,0.229183912277,13.0670390129,1
19,0.241342067719,13.0785639286,1
20,0.253291130066,13.0909631252,1
21,0.265047073364,13.1013491154,1
22,0.277019023895,13.116904974,1
23,0.289339065552,13.1292769909,1
24,0.301645040512,13.1387140751,1
25,0.313931941986,13.1524860859,1
26,0.326440095901,13.1648960114,1
27,0.33874297142,13.1777060032,1
28,0.351058006287,13.1897361279,1
29,0.362741947174,13.2025430202,1
30,0.374665975571,13.2134549618,1
31,0.386595010757,13.2248489857,1
32,0.398854017258,13.2374620438,1
33,0.411448001862,13.2614719868,1
34,0.424148082733,13.2664339542,2
35,0.436834096909,13.2739980221,2
36,0.448754072189,13.2868671417,2
37,0.460633039474,13.3004291058,2
38,0.472674131393,13.3143589497,2
39,0.484390974045,13.3276340961,2
40,0.496406078339,13.3396480083,2
41,0.508364915848,13.3481509686,2
42,0.520193099976,13.3580200672,2
43,0.532045125961,13.3703329563,2
44,0.543755054474,13.3855230808,2
45,0.555740118027,13.3938100338,2
46,0.568089962006,13.4069421291,2
47,0.580606937408,13.4188871384,2
48,0.593065023422,13.4315290451,2
49,0.605283021927,13.4435989857,2
50,0.616996049881,13.4606909752,2
51,0.628590106964,13.4690799713,2
52,0.640453100204,13.4767820835,2
53,0.652250051498,13.4917681217,2
54,0.663657903671,13.5013840199,2
55,0.67538189888,13.5123970509,2
56,0.687541007996,13.525316,2
57,0.699718952179,13.5365059376,2
58,0.712570905685,13.5525910854,2
59,0.724837064743,13.5664620399,2
60,0.736848115921,13.5749571323,2
61,0.749000072479,13.5879559517,2
62,0.761191129684,13.5989050865,2
63,0.773334980011,13.6112639904,2
64,0.785780906677,13.6229190826,2
65,0.797892093658,13.6374440193,2
66,0.810079097748,13.6494660378,2
67,0.822329044342,13.6599800587,2
68,0.833910942078,13.6743791103,2
69,0.845570087433,13.6865160465,2
70,0.857795953751,13.697468996,2
71,0.870104074478,13.7080330849,2
72,0.882400035858,13.7197580338,2
73,0.894650936127,13.7316980362,2
74,0.907258033752,13.7450771332,2
75,0.919323921204,13.7566740513,2
76,0.932490110397,13.7711191177,2
77,0.944664001465,13.7823009491,2
78,0.956838130951,13.7944359779,2
79,0.968987941742,13.8066570759,2
80,0.981329917908,13.8183851242,2
81,0.993592023849,13.8323321342,2
82,1.0060710907,13.8451349735,2
83,1.01748299599,13.8632259369,2
84,1.02930498123,13.8742001057,2
85,1.04154801369,13.8814020157,2
86,1.05385494232,13.8915040493,2
87,1.06589794159,13.9026839733,2
88,1.07806110382,13.9154419899,2
89,1.08988690376,13.9283080101,2
90,1.10166501999,13.9391241074,2
91,1.11340093613,13.9536919594,2
92,1.12535190582,13.9639270306,0
93,1.13713407516,13.9750370979,0
94,1.14918994904,13.9891049862,0
95,1.16125798225,13.9985711575,0
96,1.17336201668,14.0109159946,0
97,1.18542790413,14.0232260227,0
98,1.19710612297,14.034692049,0
99,1.20888805389,14.0487289429,0
100,1.22063493729,14.0582530499,0
101,1.23231291771,14.0698070526,0
102,1.24440813065,14.0825130939,0
103,1.2566421032,14.0944759846,0
104,1.26881194115,14.1053459644,0
105,1.28088593483,14.119038105,0
106,1.29302811623,14.1310949326,0
107,1.30524611473,14.1431889534,0
108,1.31767702103,14.1555430889,0
109,1.33016204834,14.1680779457,0
110,1.3423910141,14.1803910732,0
111,1.35472011566,14.1935009956,0
112,1.36736893654,14.2056081295,0
113,1.37939405441,14.2178869247,0
114,1.3913860321,14.2301430702,0
115,1.40361499786,14.2414400578,0
116,1.41610598564,14.2542500496,0
117,1.42838191986,14.2678611279,0
118,1.44070410728,14.2785789967,0
119,1.45282196999,14.2907450199,0
120,1.46497011185,14.3021409512,0
121,1.47685599327,14.3143019676,0
122,1.48867702484,14.3257501125,0
123,1.50079798698,14.3374650478,0
124,1.51302909851,14.3510260582,0
125,1.52524805069,14.3660960197,0
126,1.53747701645,14.374612093,0
127,1.54962301254,14.3873710632,0
128,1.56182312965,14.3997769356,0
129,1.57392311096,14.4116101265,0
130,1.58610510826,14.4245669842,0
131,1.59823203087,14.4365050793,0
132,1.61049604416,14.451499939,0
133,1.62280511856,14.4603209496,0
134,1.63520598412,14.4743700027,0
135,1.64747190475,14.4871320724,0
136,1.66045594215,14.4990990162,0
137,1.67279791832,14.5109901428,0
138,1.6851940155,14.5226950645,0
139,1.69732904434,14.5342869759,0
140,1.70947098732,14.5469779968,0
141,1.72156500816,14.5594880581,0
142,1.73400902748,14.5724830627,0
143,1.74626803398,14.5836660862,0
144,1.75823712349,14.595678091,3
145,1.77021312714,14.6076760292,3
146,1.78228497505,14.6200320721,3
147,1.79440999031,14.6327810287,3
148,1.80701994896,14.6449010372,3
149,1.81948208809,14.6573970318,3
150,1.83177399635,14.6693489552,3
151,1.84388303757,14.681910038,3
152,1.85586905479,14.6933960915,3
153,1.86765098572,14.705632925,3
154,1.88012194633,14.7181091309,3
155,1.89268994331,14.7312989235,3
156,1.90528297424,14.7434909344,3
157,1.91735005379,14.7558441162,3
158,1.92982602119,14.768173933,3
159,1.94206690788,14.7810571194,3
160,1.95443511009,14.7923009396,3
161,1.96643805504,14.8037350178,3
162,1.97828698158,14.8178651333,3
163,1.99012112617,14.827878952,3
164,2.00187397003,14.8393230438,3
165,2.01374101639,14.8530781269,3
166,2.0261220932,14.8635380268,3
167,2.03825902939,14.8757431507,3
168,2.05027699471,14.8879411221,3
169,2.06263589859,14.901622057,3
170,2.07498311996,14.9141459465,3
171,2.08747696877,14.9256470203,3
172,2.10017609596,14.9379229546,3
173,2.11259102821,14.9516129494,3
174,2.12479496002,14.9625401497,3
175,2.13692903519,14.9756009579,3
176,2.14908289909,14.9881529808,3
177,2.16154313087,15.0039319992,3
178,2.1742811203,15.012360096,3
179,2.18648910522,15.0240271091,3
180,2.19867610931,15.0362040997,3
181,2.21051597595,15.0522761345,3
182,2.22236704826,15.0607531071,3
183,2.23416399956,15.0721859932,3
184,2.24646091461,15.0840690136,3
185,2.2583770752,15.09613204,3
186,2.27011990547,15.1081790924,3
187,2.28169703484,15.1218850613,3
188,2.29348611832,15.1381981373,3
189,2.30559206009,15.1441631317,3
190,2.31801104546,15.1550271511,3
191,2.32990002632,15.1682331562,3
192,2.34174704552,15.1793870926,3
193,2.35360312462,15.1903009415,3
194,2.36540412903,15.2028410435,3
195,2.37714409828,15.2158739567,3
196,2.38928294182,15.2290251255,3
197,2.40318202972,15.2414779663,3
198,2.41527700424,15.2531940937,3
199,2.42710804939,15.2730381489,3
200,2.43871808052,15.2775609493,3
201,2.45033192635,15.2955679893,1
202,2.46249699593,15.3004779816,1
203,2.47483491898,15.313338995,1
204,2.48695993423,15.3243410587,1
205,2.49919390678,15.3378839493,1
206,2.51177191734,15.3496191502,1
207,2.52416205406,15.362101078,1
208,2.53705096245,15.3751051426,1
209,2.54933094978,15.3877279758,1
210,2.56102395058,15.3989341259,1
211,2.57287096977,15.4104990959,1
212,2.58464097977,15.4233839512,1
213,2.59640407562,15.4345800877,1
214,2.60846805573,15.4458220005,1
215,2.62026691437,15.458493948,1
216,2.63197803497,15.4693551064,1
217,2.64323997498,15.4803960323,1
218,2.6545689106,15.4922709465,1
219,2.66615509987,15.5034790039,1
220,2.67790603638,15.5158140659,1
221,2.68923211098,15.5276539326,1
222,2.70050597191,15.5372180939,1
223,2.71267390251,15.553661108,1
224,2.72469592094,15.5619170666,1
225,2.73652505875,15.5740311146,1
226,2.74834609032,15.5860321522,1
227,2.75993800163,15.5976850986,1
228,2.77153301239,15.6087360382,1
229,2.7834649086,15.623675108,1
230,2.79560208321,15.6351699829,1
231,2.80791211128,15.6461861134,1
232,2.82066893578,15.6594519615,1
233,2.83295893669,15.6734890938,1
234,2.84516191483,15.6831641197,1
235,2.85728502274,15.6972551346,1
236,2.86931610107,15.7067220211,1
237,2.88139009476,15.7227759361,1
238,2.89341711998,15.7306079865,1
239,2.90487408638,15.7416050434,1
240,2.91663098335,15.7548599243,1
241,2.9283850193,15.765805006,1
242,2.94010710716,15.7775270939,1
243,2.95178794861,15.7888650894,1
244,2.96326208115,15.8004910946,1
245,2.97466492653,15.811797142,1
246,2.98614692688,15.823348999,1
247,2.99769592285,15.8365089893,1
248,3.00907707214,15.8483650684,1
249,3.02081203461,15.8598489761,1
250,3.03266692162,15.8693799973,1
251,3.04624009132,15.8850080967,1
252,3.05934691429,15.8991529942,1
253,3.07101893425,15.908452034,1
254,3.08289194107,15.9206609726,1
255,3.0946969986,15.9319851398,1
256,3.10674190521,15.9443309307,1
257,3.1187479496,15.9572489262,1
258,3.13087010384,15.9689440727,1
259,3.14308691025,15.9812481403,1
260,3.15535902977,15.9935200214,1
261,3.16745996475,16.0059361458,2
262,3.18005990982,16.0183639526,2
263,3.1920979023,16.0305840969,2
264,3.20362091064,16.0417339802,2
265,3.21587204933,16.0549590588,2
266,3.22850298882,16.0660459995,2
267,3.24019408226,16.0778410435,2
268,3.25218200684,16.0905909538,2
269,3.26411509514,16.1022660732,2
270,3.27600598335,16.1135151386,2
271,3.28772711754,16.1258969307,2
272,3.2991399765,16.1372079849,2
273,3.31080102921,16.1495389938,2
274,3.32263708115,16.1596281528,2
275,3.33411002159,16.1725890636,2
276,3.34575390816,16.1829869747,2
277,3.35733294487,16.1945030689,2
278,3.36909294128,16.2069859505,2
279,3.38098192215,16.2189519405,2
280,3.39279794693,16.2308320999,2
281,3.40419912338,16.2416610718,2
282,3.41598010063,16.2545909882,2
283,3.42748713493,16.2648689747,2
284,3.43903899193,16.2766060829,2
285,3.45065498352,16.2906310558,2
286,3.46267008781,16.3050780296,2
287,3.47455406189,16.3136379719,2
288,3.48586201668,16.3245611191,2
289,3.49711990356,16.3414261341,2
290,3.50846290588,16.3473129272,2
291,3.5202589035,16.3586220741,2
292,3.5324780941,16.370167017,2
293,3.54433894157,16.3827280998,2
294,3.55663394928,16.394931078,2
295,3.56887507439,16.4064941406,2
296,3.58094406128,16.4205560684,2
297,3.59244394302,16.4310240746,2
298,3.60399413109,16.4416050911,2
299,3.61565709114,16.4534261227,2
300,3.6273059845,16.4649620056,2
301,3.63918805122,16.4768540859,2
302,3.65080213547,16.4886519909,2
303,3.66230201721,16.5012700558,2
304,3.67437791824,16.5111989975,2
305,3.68579411507,16.5230340958,2
306,3.69747591019,16.5363309383,2
307,3.70904994011,16.5485899448,2
308,3.72053003311,16.557667017,2
309,3.73201107979,16.5702109337,2
310,3.74406194687,16.581289053,2
311,3.75543808937,16.5933389664,2
312,3.76700901985,16.6052629948,2
313,3.77838802338,16.6170561314,2
314,3.78968906403,16.6270051003,0
315,3.80097603798,16.6389639378,0
316,3.81309390068,16.650851965,0
317,3.82484412193,16.6619579792,0
318,3.836165905,16.6746709347,0
319,3.84757208824,16.6865000725,0
320,3.85971713066,16.6977200508,0
321,3.87163710594,16.7098591328,0
322,3.88378691673,16.7221939564,0
323,3.89587712288,16.7345731258,0
324,3.90784692764,16.7452840805,0
325,3.91971206665,16.7582290173,0
326,3.93161010742,16.7716100216,0
327,3.94329690933,16.7811360359,0
328,3.95513701439,16.792372942,0
329,3.96679997444,16.8059051037,0
330,3.97822093964,16.819685936,0
331,3.98956108093,16.8278861046,0
332,4.0008790493,16.8399820328,0
333,4.01278805733,16.8505511284,0
334,4.02508997917,16.8624219894,0
335,4.03692102432,16.8760061264,0
336,4.04881095886,16.8870561123,0
337,4.06072211266,16.8994939327,0
338,4.07250404358,16.9094369411,0
339,4.08386111259,16.9212470055,0
340,4.09542894363,16.9330921173,0
341,4.10708808899,16.9431650639,0
342,4.11877512932,16.957378149,0
343,4.13045501709,16.9685900211,0
344,4.14206194878,16.9806380272,0
345,4.15343594551,16.9907200336,0
346,4.16550397873,17.0047450066,0
347,4.17731904984,17.0146229267,0
348,4.18880009651,17.0258340836,0
349,4.20043110847,17.0382721424,0
350,4.2123169899,17.0517449379,0
351,4.22431206703,17.0621731281,0
352,4.23683094978,17.074326992,0
353,4.24884009361,17.0861251354,0
354,4.26086401939,17.0996880531,0
355,4.27290391922,17.110243082,0
356,4.28459095955,17.1220591068,0
357,4.29636907578,17.1358251572,0
358,4.30832910538,17.1448209286,0
359,4.31995010376,17.1574790478,0
360,4.33146905899,17.1697211266,0
361,4.34303402901,17.1814701557,0
362,4.35456609726,17.1920750141,0
363,4.36608505249,17.2051730156,0
364,4.37811207771,17.2155120373,0
365,4.38962006569,17.2265939713,0
366,4.40087294579,17.2395801544,0
367,4.41275501251,17.2525010109,0
368,4.42454504967,17.2621319294,3
369,4.43632912636,17.2741680145,3
370,4.44812202454,17.2863080502,3
371,4.45958709717,17.2974779606,3
372,4.47143006325,17.309114933,3
373,4.48289012909,17.3202321529,3
374,4.49452710152,17.3334369659,3
375,4.50633406639,17.3449709415,3
376,4.51903891563,17.3627691269,3
377,4.53051495552,17.3689010143,3
378,4.54197001457,17.3801219463,3
379,4.55340099335,17.3912601471,3
380,4.56534790993,17.4033191204,3
381,4.57707500458,17.4149610996,3
382,4.5885219574,17.4258439541,3
383,4.59991598129,17.4374029636,3
384,4.61174511909,17.4497480392,3
385,4.62337493896,17.4606349468,3
386,4.63494610786,17.472135067,3
387,4.64669108391,17.4842281342,3
388,4.65909600258,17.496325016,3
389,4.67102313042,17.5096719265,3
390,4.68307805061,17.5214641094,3
391,4.69515109062,17.5346169472,3
392,4.70784306526,17.5441040993,3
393,4.71976900101,17.5574300289,3
394,4.73185896873,17.5698900223,3
395,4.74367904663,17.5829460621,3
396,4.75550603867,17.5929009914,3
397,4.76757597923,17.6049349308,3
398,4.77961111069,17.6175501347,3
399,4.79146099091,17.6300261021,3
400,4.80354309082,17.6413481236,3
401,4.81534099579,17.6555540562,3
402,4.82710194588,17.6650359631,3
403,4.83857512474,17.6765239239,3
404,4.85008907318,17.6880800724,3
405,4.86155295372,17.7009570599,3
406,4.87341403961,17.7108690739,3
407,4.88541197777,17.7230391502,3
408,4.89770007133,17.7373299599,3
409,4.91002011299,17.7490060329,3
410,4.92217111588,17.7608840466,3
411,4.93409800529,17.7729859352,3
412,4.94632506371,17.7852201462,3
413,4.95851302147,17.7993421555,3
414,4.97032403946,17.8082809448,3
415,4.98220992088,17.820291996,3
416,4.99420499802,17.8328430653,3
417,5.01133608818,17.8506450653,3
418,5.02349996567,17.8621981144,3
419,5.03542494774,17.8745920658,3
420,5.0475769043,17.8895270824,3
421,5.05947995186,17.9001150131,3
422,5.0712389946,17.90772295,3
423,5.0830309391,17.9276480675,3
424,5.09504699707,17.9398901463,3
425,5.10691690445,17.9436919689,1
426,5.12139391899,17.9582540989,1
427,5.13353204727,17.9848489761,1
428,5.14692091942,17.9855389595,1
429,5.15859007835,17.9989609718,1
430,5.17021298409,18.0071251392,1
431,5.18259191513,18.0196261406,1
432,5.19406700134,18.0345361233,1
433,5.20595097542,18.0545461178,1
434,5.22251391411,18.0616600513,1
435,5.23483395576,18.0733640194,1
436,5.24669599533,18.0869500637,1
437,5.25897097588,18.0978119373,1
438,5.2709839344,18.1090240479,1
439,5.28467702866,18.1219389439,1
440,5.29924201965,18.140748024,1
441,5.31099510193,18.1493880749,1
442,5.32344293594,18.1646461487,1
443,5.33561110497,18.1744070053,1
444,5.34728193283,18.1871359348,1
445,5.35901403427,18.1960680485,1
446,5.37064790726,18.2082910538,1
447,5.38230109215,18.2191450596,1
448,5.39422297478,18.2308220863,1
449,5.40590810776,18.2447590828,1
450,5.42118096352,18.2594881058,1
451,5.43296003342,18.2721979618,1
452,5.44601106644,18.2838749886,1
453,5.45802497864,18.3001070023,1
454,5.47037792206,18.3084080219,1
455,5.48231697083,18.3200170994,1
456,5.49621701241,18.3338410854,1
457,5.51163291931,18.3484370708,1
458,5.52581810951,18.3627610207,1
459,5.53753089905,18.3752231598,1
460,5.54999804497,18.3892221451,1
461,5.56312990189,18.4003350735,1
462,5.57503390312,18.4126219749,1
463,5.58741497993,18.4264979362,1
464,5.59920597076,18.4367301464,1
465,5.61187291145,18.4506249428,1
466,5.63032007217,18.4732990265,1
467,5.6466050148,18.4854280949,1
468,5.65794610977,18.4954340458,1
469,5.66956996918,18.5062849522,1
470,5.68123602867,18.5181651115,1
471,5.6933619976,18.5347959995,1
472,5.70596003532,18.54449296,1
473,5.72008299828,18.5585119724,1
474,5.73174595833,18.5711331367,1
475,5.74339199066,18.5817110538,1
476,5.75498890877,18.5922191143,1
477,5.76714611053,18.6093389988,1
478,5.77970409393,18.6177511215,1
479,5.79137611389,18.6289720535,1
480,5.80624508858,18.6436090469,1
481,5.818171978,18.6552860737,1
482,5.83003592491,18.6674950123,1
483,5.84201407433,18.678976059,1
484,5.85428309441,18.6916079521,1
485,5.86618590355,18.7035601139,3
486,5.87810301781,18.718380928,3
487,5.88982605934,18.7296071053,3
488,5.90137791634,18.743710041,3
489,5.91347694397,18.7504451275,3
490,5.92661499977,18.7636699677,3
491,5.93953490257,18.7764630318,3
492,5.95126390457,18.794729948,3
493,5.96303296089,18.8024139404,3
494,5.97504401207,18.8116569519,3
495,5.9874420166,18.8265190125,3
496,6.00083398819,18.8377969265,3
497,6.01456403732,18.8681070805,3
498,6.0413839817,18.8799870014,3
499,6.05376696587,18.8902471066,3
500,6.0653591156,18.902985096,3
501,6.07752394676,18.9146151543,3
502,6.08980202675,18.9358389378,3
503,6.10745596886,18.9459481239,3
504,6.12207603455,18.9684200287,3
505,6.13394498825,18.9709119797,3
506,6.14561390877,18.9830610752,3
507,6.15734100342,18.9952709675,3
508,6.16911292076,19.0068631172,3
509,6.1808590889,19.0182409286,3
510,6.19271612167,19.0310299397,3
511,6.20418810844,19.0416851044,3
512,6.21637606621,19.0574481487,3
513,6.2279279232,19.0651071072,3
514,6.23995995522,19.0785739422,3
515,6.25185608864,19.0950479507,3
516,6.26361703873,19.1028399467,3
517,6.27539801598,19.1121449471,3
518,6.28733801842,19.1249139309,3
519,6.29904413223,19.1360249519,3
520,6.31162691116,19.148211956,3
521,6.32417297363,19.1635961533,3
522,6.33646512032,19.1746871471,3
523,6.34824705124,19.1884040833,3
524,6.36216402054,19.1993949413,3
525,6.37411999702,19.2121059895,3
526,6.38615393639,19.2247920036,3
527,6.3986749649,19.2384281158,3
528,6.41079807281,19.251857996,3
529,6.42269992828,19.2593970299,3
530,6.43487501144,19.2724559307,3
531,6.44669890404,19.2838749886,3
532,6.45920610428,19.2969460487,3
533,6.47078108788,19.3076069355,3
534,6.48284196854,19.3279919624,3
535,6.49433898926,19.331856966,3
536,6.50678801537,19.3439459801,3
537,6.51935100555,19.3631219864,3
538,6.53134298325,19.3689911366,3
539,6.5437130928,19.3807039261,3
540,6.55574703217,19.3954350948,3
541,6.56816291809,19.4075059891,3
542,6.58007693291,19.4163470268,3
543,6.59315490723,19.430685997,3
544,6.60503292084,19.4503860474,1
545,6.61847090721,19.4581739902,1
546,6.630163908,19.4671640396,1
547,6.64184498787,19.481356144,1
548,6.6554620266,19.4919960499,1
549,6.66702795029,19.5072541237,1
550,6.67952394485,19.5182440281,1
551,6.6915640831,19.5294549465,1
552,6.70318508148,19.5426371098,1
553,6.71540212631,19.5534169674,1
554,6.72791910172,19.5656199455,1
555,6.74038696289,19.5773129463,1
556,6.7522149086,19.5961129665,1
557,6.76400208473,19.6017229557,1
558,6.77579808235,19.6131081581,1
559,6.78852391243,19.6280789375,1
560,6.80065608025,19.6377971172,1
561,6.81334710121,19.6507210732,1
562,6.8260641098,19.6662380695,1
563,6.83780694008,19.6775989532,1
564,6.85029697418,19.6871459484,1
565,6.86199092865,19.6986129284,1
566,6.87399196625,19.7108340263,1
567,6.88658690453,19.7232501507,1
568,6.89985394478,19.7441661358,1
569,6.9120619297,19.7483420372,1
570,6.9244389534,19.7609219551,1
571,6.93663406372,19.7738089561,1
572,6.94885706902,19.7915589809,1
573,6.96085190773,19.7994179726,1
574,6.97294712067,19.8098199368,1
575,6.98548007011,19.8258969784,1
576,6.99722909927,19.8348081112,1
577,7.00898790359,19.848336935,1
578,7.02060294151,19.8575539589,1
579,7.03264093399,19.8708980083,1
580,7.04443097115,19.8859181404,1
581,7.05642390251,19.895015955,1
582,7.06854009628,19.9080021381,1
583,7.0823559761,19.921298027,1
584,7.09411406517,19.9325489998,1
585,7.10700201988,19.9453289509,1
586,7.11976408958,19.9568450451,1
587,7.13141107559,19.9685890675,1
588,7.14403390884,19.9814770222,1
589,7.15649795532,19.9946551323,1
590,7.16814994812,20.0119049549,1
591,7.18091011047,20.0194940567,1
592,7.19321393967,20.0302569866,1
593,7.20466399193,20.0413889885,1
594,7.21637701988,20.0576210022,1
595,7.22940993309,20.0665099621,1
596,7.2414059639,20.0797951221,1
597,7.25300192833,20.0913960934,1
598,7.26499199867,20.1043560505,1
599,7.27660894394,20.116517067,1
600,7.28826904297,20.1291661263,1
601,7.2997379303,20.1388630867,1
602,7.31238508224,20.1543490887,2
603,7.32409405708,20.1623740196,2
604,7.33698105812,20.1781971455,2
605,7.34895992279,20.188792944,2
606,7.36091208458,20.1989209652,2
607,7.3727440834,20.2115809917,2
608,7.38463997841,20.2216720581,2
609,7.39740109444,20.2347459793,2
610,7.40998005867,20.2507550716,2
611,7.42178893089,20.2590749264,2
612,7.43327593803,20.2739779949,2
613,7.44529700279,20.2873849869,2
614,7.45686411858,20.3002290726,2
615,7.46875095367,20.308259964,2
616,7.48111891747,20.3186860085,2
617,7.49286699295,20.3323910236,2
618,7.50639200211,20.3436200619,2
619,7.5180580616,20.3551881313,2
620,7.53057813644,20.3676631451,2
621,7.54355812073,20.3835790157,2
622,7.5554060936,20.398512125,2
623,7.56728100777,20.4110569954,2
624,7.57903194427,20.4174461365,2
625,7.59076309204,20.4299371243,2
626,7.60274004936,20.4433789253,2
627,7.61462402344,20.4556660652,2
628,7.62715911865,20.4680309296,2
629,7.63920712471,20.4766750336,2
630,7.65107798576,20.488145113,2
631,7.66286706924,20.4996881485,2
632,7.67480897903,20.5131590366,2
633,7.68687796593,20.5262300968,2
634,7.69892811775,20.5365259647,2
635,7.7111530304,20.5519609451,2
636,7.72326111794,20.5598599911,2
637,7.73504900932,20.5743560791,2
638,7.74702501297,20.5842490196,2
639,7.75875711441,20.5959689617,2
640,7.77081394196,20.6079521179,2
641,7.78262400627,20.6195800304,2
642,7.79433393478,20.6319100857,2
643,7.80607104301,20.6429820061,2
644,7.81771993637,20.6547701359,2
645,7.82940196991,20.6676261425,2
646,7.84123396873,20.678745985,2
647,7.85286808014,20.6901960373,2
648,7.86449694633,20.7024099827,2
649,7.87640094757,20.7150731087,2
650,7.88793611526,20.7273139954,2
651,7.89962601662,20.7388739586,2
652,7.91133904457,20.748499155,2
653,7.92350697517,20.7610459328,2
654,7.93564605713,20.7746701241,2
655,7.94769191742,20.7861411572,2
656,7.95964312553,20.7965259552,2
657,7.97158002853,20.8109130859,0
658,7.98369693756,20.8226180077,0
659,7.99641799927,20.8384690285,0
660,8.00833511353,20.8457751274,0
661,8.02206707001,20.8671169281,0
662,8.03937292099,20.8843131065,0
663,8.05357003212,20.8929810524,0
664,8.06549906731,20.9063539505,0
665,8.07742810249,20.9173569679,0
666,8.08917713165,20.9276371002,0
667,8.10073113441,20.9376261234,0
668,8.1128590107,20.9501740932,0
669,8.12592196465,20.9637379646,0
670,8.13801407814,20.9790999889,0
671,8.14973402023,20.9872579575,0
672,8.16210007668,21.0022349358,0
673,8.17423605919,21.0117630959,0
674,8.18668007851,21.0305130482,0
675,8.19867801666,21.0364370346,0
676,8.21061992645,21.0487499237,0
677,8.22288703918,21.0646729469,0
678,8.2344429493,21.071269989,0
679,8.24618291855,21.0833539963,0
680,8.25904202461,21.1060271263,0
681,8.27066898346,21.1135909557,0
682,8.28237199783,21.1247770786,0
683,8.2943251133,21.1426920891,0
684,8.30583000183,21.1514980793,0
685,8.31806993484,21.1566259861,0
686,8.32989907265,21.1694359779,0
687,8.34202003479,21.1798920631,0
688,8.35389494896,21.1976001263,0
689,8.36567211151,21.2026000023,0
690,8.37722110748,21.2148830891,0
691,8.38884401321,21.2260479927,0
692,8.40065693855,21.2395401001,0
693,8.41242790222,21.2512481213,0
694,8.42450904846,21.2631161213,0
695,8.43621397018,21.2759730816,0
696,8.44787693024,21.2893030643,0
697,8.45995497704,21.2985210419,0
698,8.47201895714,21.3101489544,0
699,8.48405408859,21.3239691257,0
700,8.49677109718,21.3461670876,0
701,8.51424312592,21.3515629768,0
702,8.52684998512,21.3638000488,0
703,8.53851509094,21.37768507,0
704,8.55123209953,21.3929140568,0
705,8.56346011162,21.4012401104,0
706,8.5753159523,21.4164271355,0
707,8.58680796623,21.4245369434,0
708,8.59928798676,21.4408371449,0
709,8.61115598679,21.4473810196,0
710,8.6228659153,21.4601969719,0
711,8.63489294052,21.4742980003,0
712,8.64721107483,21.4866261482,0
713,8.65901207924,21.5007050037,0
714,8.67065000534,21.5084869862,0
715,8.68248701096,21.5193800926,0
716,8.69435310364,21.5321280956,0
717,8.70664906502,21.54509902,2
718,8.71897292137,21.5576951504,2
719,8.73127412796,21.5697450638,2
720,8.74340105057,21.5822679996,2
721,8.75539708138,21.5932090282,2
722,8.77367305756,21.6128790379,2
723,8.78549194336,21.6300530434,2
724,8.79739403725,21.6398489475,2
725,8.80895090103,21.64747715,2
726,8.82072997093,21.6593160629,2
727,8.83266592026,21.6722979546,2
728,8.84467697144,21.6828551292,2
729,8.8570151329,21.6958949566,2
730,8.86943101883,21.7128069401,2
731,8.88150310516,21.7197670937,2
732,8.8933570385,21.7323241234,2
733,8.90509104729,21.7417280674,2
734,8.91686105728,21.7548420429,2
735,8.92865610123,21.7663371563,2
736,8.94064211845,21.7783949375,2
737,8.95269298553,21.7917020321,2
738,8.96456193924,21.8021950722,2
739,8.97635793686,21.814592123,2
740,8.98816895485,21.8267791271,2
741,8.99995112419,21.8392901421,2
742,9.01216101646,21.8517739773,2
743,9.02430891991,21.864937067,2
744,9.03638911247,21.8792309761,2
745,9.04836702347,21.8894450665,2
746,9.06019902229,21.8982460499,2
747,9.07181811333,21.9138381481,2
748,9.08379793167,21.9233729839,2
749,9.10158705711,21.9388561249,2
750,9.11337709427,21.9501259327,2
751,9.12503004074,21.9621510506,2
752,9.13691806793,21.9761590958,2
753,9.14897203445,21.988451004,2
754,9.1612200737,22.0024559498,2
755,9.17297196388,22.0100560188,2
756,9.1846909523,22.0225610733,2
757,9.19648313522,22.0338630676,2
758,9.2082669735,22.0471470356,2
759,9.22022294998,22.0622179508,2
760,9.23215293884,22.0757501125,2
761,9.24366402626,22.081277132,2
762,9.25511908531,22.1024501324,2
763,9.26807808876,22.1082000732,2
764,9.27977013588,22.1173040867,2
765,9.29162192345,22.1294460297,2
766,9.30338311195,22.1415431499,2
767,9.31499290466,22.1533689499,2
768,9.32649111748,22.1649110317,2
769,9.33806705475,22.1749351025,2
770,9.34976911545,22.1864130497,2
771,9.36147594452,22.1992349625,2
772,9.37373399734,22.2111859322,2
773,9.38554692268,22.2238941193,2
774,9.3973929882,22.2349219322,2
775,9.40926194191,22.2470440865,2
776,9.42089104652,22.259868145,2
777,9.43321299553,22.2791941166,0
778,9.44501209259,22.2824411392,0
779,9.45695400238,22.2975850105,0
780,9.46900892258,22.3068561554,0
781,9.48080706596,22.3199379444,0
782,9.49259805679,22.3334889412,0
783,9.50443601608,22.3416121006,0
784,9.5173830986,22.3561041355,0
785,9.53035497665,22.3746421337,0
786,9.54794597626,22.3843851089,0
787,9.55959796906,22.3961660862,0
788,9.57172393799,22.4134199619,0
789,9.58344197273,22.4247119427,0
790,9.5953540802,22.4325349331,0
791,9.60723900795,22.44530797,0
792,9.61914801598,22.4561331272,0
793,9.6309800148,22.4676120281,0
794,9.64263296127,22.4803600311,0
795,9.65438103676,22.4925029278,0
796,9.66656112671,22.5031890869,0
797,9.67817592621,22.5156240463,0
798,9.6897881031,22.5312509537,0
799,9.70166707039,22.5387940407,0
800,9.71381402016,22.5513899326,0
801,9.72654604912,22.5641469955,0
802,9.73831295967,22.5758049488,0
803,9.74986004829,22.5931780338,0
804,9.76132106781,22.5992200375,0
805,9.77329492569,22.6146640778,0
806,9.78590011597,22.6272580624,0
807,9.79761004448,22.6354100704,0
808,9.80982303619,22.6490981579,0
809,9.82173490524,22.6605570316,0
810,9.83348608017,22.6743600368,0
811,9.84520697594,22.6825489998,0
812,9.85695290565,22.6949911118,0
813,9.86899709702,22.7080609798,0
814,9.88099312782,22.7193760872,0
815,9.89381790161,22.7310910225,0
816,9.90568304062,22.742964983,0
817,9.91734409332,22.7589850426,0
818,9.92951703072,22.7686030865,0
819,9.94112610817,22.7804260254,0
820,9.95330500603,22.7919750214,0
821,9.96495509148,22.8044440746,0
822,9.97652101517,22.8144011497,0
823,9.9886739254,22.825480938,0
824,10.001060009,22.8414559364,0
825,10.0219860077,22.8590741158,0
826,10.0345311165,22.872095108,0
827,10.0472109318,22.8848259449,0
828,10.0597090721,22.9001820087,0
829,10.0766351223,22.9173510075,0
830,10.0893659592,22.9258520603,0
831,10.1015341282,22.9384889603,0
832,10.1132199764,22.9506750107,0
833,10.126709938,22.9765501022,3
834,10.1388039589,22.9854390621,3
835,10.156306982,23.0028100014,3
836,10.1679370403,23.0080690384,3
837,10.17988801,23.0263800621,3
838,10.1933019161,23.0390710831,3
839,10.2109270096,23.0548810959,3
840,10.2310929298,23.0684759617,3
841,10.2441029549,23.0867569447,3
842,10.2659199238,23.1025779247,3
843,10.2775399685,23.1164209843,3
844,10.2910599709,23.1284060478,3
845,10.3043239117,23.1439011097,3
846,10.3182151318,23.1551859379,3
847,10.3311710358,23.1715369225,3
848,10.3446569443,23.18217206,3
849,10.3562231064,23.1942341328,3
850,10.3679769039,23.2068929672,3
851,10.3794839382,23.2178680897,3
852,10.3917319775,23.2321579456,3
853,10.4032940865,23.2406799793,3
854,10.4155569077,23.2535040379,3
855,10.428565979,23.2657449245,3
856,10.4406549931,23.2764480114,3
857,10.4525129795,23.2901959419,3
858,10.4652431011,23.303426981,3
859,10.4809370041,23.3247280121,3
860,10.4928090572,23.3354611397,3
861,10.5067651272,23.3482439518,3
862,10.5194859505,23.362169981,3
863,10.5310499668,23.3681240082,3
864,10.5434999466,23.3818221092,3
865,10.557667017,23.3939399719,3
866,10.5695390701,23.4161839485,3
867,10.5818769932,23.4207210541,3
868,10.5947070122,23.4309980869,3
869,10.6062219143,23.4438941479,3
870,10.6223859787,23.4595029354,3
871,10.6344590187,23.4746479988,3
872,10.6460900307,23.4844529629,3
873,10.6578660011,23.4941699505,3
874,10.6745331287,23.5129089355,3
875,10.6864719391,23.5233371258,3
876,10.699420929,23.5412371159,3
877,10.7140100002,23.5590620041,3
878,10.7274401188,23.5670099258,3
879,10.7393419743,23.5783920288,3
880,10.7514519691,23.5909531116,3
881,10.7630040646,23.6017301083,3
882,10.77718997,23.6164259911,3
883,10.7893669605,23.6276249886,3
884,10.8013160229,23.6377439499,3
885,10.8128070831,23.6505889893,3
886,10.8252580166,23.6679279804,3
887,10.8405079842,23.6791949272,3
888,10.8531479836,23.6965270042,3
889,10.8651149273,23.7116551399,3
890,10.8775959015,23.7351989746,3
891,10.8892519474,23.7383179665,3
892,10.9064381123,23.7522521019,3
893,10.9198019505,23.7700629234,1
894,10.9320600033,23.7873389721,1
895,10.9445340633,23.7915711403,1
896,10.9579789639,23.8051140308,1
897,10.969835043,23.8082211018,1
898,10.9823338985,23.8249850273,1
899,10.9938979149,23.8401100636,1
900,11.0059680939,23.8444719315,1
901,11.0176711082,23.8561270237,1
902,11.029186964,23.8687119484,1
903,11.0407660007,23.8793900013,1
904,11.0527849197,23.8978641033,1
905,11.0649170876,23.9017081261,1
906,11.0768499374,23.9158570766,1
907,11.0884261131,23.9267890453,1
908,11.1046221256,23.9409339428,1
909,11.1163170338,23.9537291527,1
910,11.1282520294,23.9722220898,1
911,11.1418640614,23.9813599586,1
912,11.1557409763,24.0011520386,1
913,11.1684629917,24.0111401081,1
914,11.1800980568,24.019755125,1
915,11.19237113,24.0300271511,1
916,11.204075098,24.0420019627,1
917,11.2160570621,24.0561130047,1
918,11.2276399136,24.0652401447,1
919,11.2391700745,24.076141119,1
920,11.2516179085,24.0878789425,1
921,11.2680199146,24.1141860485,1
922,11.2802729607,24.1264259815,1
923,11.2931849957,24.1379010677,1
924,11.3046689034,24.1495389938,1
925,11.3194549084,24.1594049931,1
926,11.3313059807,24.1696929932,1
927,11.3429820538,24.181622982,1
928,11.3559689522,24.1961150169,1
929,11.3677821159,24.2106881142,1
930,11.3801319599,24.2160730362,1
931,11.3921499252,24.2347459793,1
932,11.4040799141,24.2414720058,1
933,11.4163000584,24.2544341087,1
934,11.4290430546,24.2672290802,1
935,11.4408509731,24.2785570621,1
936,11.452381134,24.2914760113,1
937,11.4638960361,24.3018319607,1
938,11.4755830765,24.3161940575,1
939,11.4879460335,24.3312020302,1
940,11.4998910427,24.3372089863,1
941,11.5115909576,24.3641021252,1
942,11.5263180733,24.3862061501,1
943,11.5400869846,24.3925590515,1
944,11.5517730713,24.4020130634,1
945,11.5633540154,24.4091999531,1
946,11.5760159492,24.4208850861,1
947,11.5875599384,24.430519104,1
948,11.5991549492,24.4390521049,1
949,11.6108279228,24.4527430534,1
950,11.6262071133,24.4648039341,1
951,11.6408700943,24.479678154,1
952,11.6528379917,24.493088007,3
953,11.6643469334,24.5081660748,3
954,11.6759059429,24.5196740627,3
955,11.6876001358,24.5262351036,3
956,11.6992399693,24.5359051228,3
957,11.7106559277,24.5498650074,3
958,11.7226409912,24.5666320324,3
959,11.7343449593,24.5757920742,3
960,11.7457659245,24.5890879631,3
961,11.7579550743,24.6002409458,3
962,11.7721860409,24.6120870113,3
963,11.7837479115,24.6202950478,3
964,11.7954421043,24.6352601051,3
965,11.8070600033,24.6492230892,3
966,11.8187949657,24.6569049358,3
967,11.830794096,24.6713850498,3
968,11.8434870243,24.6873190403,3
969,11.8556461334,24.7013230324,3
970,11.8677930832,24.7106540203,3
971,11.8793289661,24.7230041027,3
972,11.8914809227,24.730807066,3
973,11.906275034,24.7475669384,3
974,11.9180879593,24.7616119385,3
975,11.9296009541,24.7684810162,3
976,11.9413940907,24.7818961143,3
977,11.9534630775,24.8006770611,3
978,11.9664120674,24.8060231209,3
979,11.978110075,24.8262491226,3
980,11.9908931255,24.838778019,3
981,12.0048010349,24.8414900303,3
982,12.0166730881,24.8541030884,3
983,12.0281379223,24.8647530079,3
984,12.039691925,24.8785619736,3
985,12.051361084,24.8903739452,3
986,12.062775135,24.9022841454,3
987,12.0747349262,24.9145510197,3
988,12.0910460949,24.9292910099,3
989,12.1046569347,24.946639061,3
990,12.1163270473,24.9561760426,3
991,12.1278281212,24.9681069851,3
992,12.1407771111,24.9852130413,3
993,12.1526091099,25.0021049976,3
994,12.1649439335,25.0079050064,3
995,12.1765401363,25.015376091,3
996,12.1902320385,25.032186985,3
997,12.2018930912,25.0459051132,3
998,12.2133929729,25.0560491085,3
999,12.2249789238,25.0652279854,3
1000,12.2368319035,25.0786859989,3
1001,12.2493851185,25.0915410519,3
1002,12.2619941235,25.1038520336,3
1003,12.2746701241,25.1153481007,3
1004,12.2877759933,25.1293270588,3
1005,12.3046700954,25.1568651199,3
1006,12.317191124,25.1664991379,3
1007,12.3298740387,25.1870119572,1
1008,12.3420810699,25.191395998,1
1009,12.3548829556,25.2065460682,1
1010,12.3670930862,25.2197170258,1
1011,12.3790791035,25.2269711494,1
1012,12.3910460472,25.2358191013,1
1013,12.4028699398,25.2435369492,1
1014,12.415143013,25.2530789375,1
1015,12.4273369312,25.2653589249,1
1016,12.4392158985,25.2759840488,1
1017,12.4512901306,25.2986569405,1
1018,12.4667949677,25.3077321053,1
1019,12.4797210693,25.3174901009,1
1020,12.4915859699,25.3349280357,1
1021,12.5047969818,25.3436751366,1
1022,12.5164320469,25.357211113,1
1023,12.5293309689,25.37393713,1
1024,12.5466630459,25.3847460747,1
1025,12.5597801208,25.4023180008,1
1026,12.5754449368,25.4143249989,1
1027,12.5874559879,25.4284610748,1
1028,12.5992500782,25.4359509945,1
1029,12.610886097,25.449682951,1
1030,12.6228981018,25.4663500786,1
1031,12.6346709728,25.4734950066,1
1032,12.646572113,25.4830110073,1
1033,12.6580729485,25.4992771149,1
1034,12.6696989536,25.5084779263,1
1035,12.681566,25.5192141533,1
1036,12.694466114,25.5346810818,1
1037,12.7073640823,25.543653965,1
1038,12.7188971043,25.561537981,1
1039,12.7309091091,25.5682640076,1
1040,12.7431740761,25.5824050903,1
1041,12.7550740242,25.5960869789,1
1042,12.766851902,25.6026940346,1
1043,12.7782390118,25.6193609238,1
1044,12.7903029919,25.6293661594,1
1045,12.8020839691,25.6398649216,1
1046,12.8135499954,25.6559491158,1
1047,12.8259019852,25.6634390354,1
1048,12.8403289318,25.6844830513,1
1049,12.8521869183,25.6910910606,1
1050,12.8637309074,25.7036240101,1
1051,12.8758590221,25.7131280899,1
1052,12.8891839981,25.7337839603,1
1053,12.9061219692,25.7440869808,1
1054,12.9178929329,25.7552051544,1
1055,12.9294390678,25.7661440372,1
1056,12.941726923,25.7815310955,1
1057,12.955395937,25.7966639996,1
1058,12.9669620991,25.8045749664,1
1059,12.9784140587,25.816847086,1
1060,12.9904251099,25.8289561272,1
1061,13.0034499168,25.8423700333,1
1062,13.0151560307,25.8514230251,1
1063,13.0267989635,25.8681371212,1
1064,13.0454649925,25.887182951,1
1065,13.0588080883,25.9075479507,3
1066,13.0709891319,25.9097671509,3
1067,13.0826330185,25.9202539921,3
1068,13.0951759815,25.936316967,3
1069,13.1076979637,25.9466841221,3
1070,13.1198089123,25.9591059685,3
1071,13.1322720051,25.9706361294,3
1072,13.1443059444,25.9836990833,3
1073,13.15583992,25.9950079918,3
1074,13.1675491333,26.0055119991,3
1075,13.1795608997,26.0199120045,3
1076,13.1920039654,26.0360460281,3
1077,13.2039599419,26.0472459793,3
1078,13.2160480022,26.055850029,3
1079,13.2284460068,26.0651190281,3
1080,13.2400360107,26.0764429569,3
1081,13.2516441345,26.0914940834,3
1082,13.2638881207,26.1063210964,3
1083,13.2766420841,26.1179280281,3
1084,13.2900319099,26.1294360161,3
1085,13.3016870022,26.1505010128,3
1086,13.3133380413,26.1511161327,3
1087,13.3249080181,26.1696541309,3
1088,13.3364579678,26.1742789745,3
1089,13.3484389782,26.184746027,3
1090,13.360309124,26.2202451229,3
1091,13.3726949692,26.227973938,3
1092,13.3844130039,26.2342300415,3
1093,13.3963110447,26.2442660332,3
1094,13.4079990387,26.2518820763,3
1095,13.4197440147,26.2640571594,3
1096,13.4335989952,26.273250103,3
1097,13.4455809593,26.2841031551,3
1098,13.4575300217,26.3004031181,3
1099,13.4718699455,26.3115649223,3
1100,13.4835429192,26.3249750137,3
1101,13.4949820042,26.3360209465,3
1102,13.5079059601,26.3514080048,3
1103,13.5220410824,26.3635571003,3
1104,13.5336101055,26.3872270584,3
1105,13.545058012,26.390237093,3
1106,13.5581741333,26.4028429985,3
1107,13.5717611313,26.4212620258,3
1108,13.5836839676,26.4238059521,3
1109,13.5951440334,26.4373149872,3
1110,13.6084580421,26.4475331306,3
1111,13.6201810837,26.4601681232,3
1112,13.6371219158,26.4748511314,3
1113,13.6487519741,26.4842879772,3
1114,13.6645629406,26.5086829662,3
1115,13.677314043,26.5179409981,3
1116,13.6901419163,26.541093111,3
1117,13.7029869556,26.5421581268,3
1118,13.715223074,26.5561110973,3
1119,13.7269530296,26.5663981438,3
1120,13.739741087,26.5817580223,3
1121,13.7516429424,26.5919649601,1
1122,13.7633450031,26.6080830097,1
1123,13.7750279903,26.6216330528,1
1124,13.7867279053,26.6387369633,1
1125,13.7984209061,26.6476130486,1
1126,13.8142220974,26.6544971466,1
1127,13.8262541294,26.6672799587,1
1128,13.8382680416,26.678743124,1
1129,13.8508689404,26.6902821064,1
1130,13.862983942,26.7055649757,1
1131,13.8760089874,26.7153770924,1
1132,13.888092041,26.7280931473,1
1133,13.8997321129,26.7415089607,1
1134,13.9113740921,26.7536280155,1
1135,13.9231710434,26.7596740723,1
1136,13.934787035,26.7713959217,1
1137,13.9467821121,26.7837040424,1
1138,13.9586510658,26.8058900833,1
1139,13.9716939926,26.8155491352,1
1140,13.9833290577,26.8258919716,1
1141,13.9948279858,26.836108923,1
1142,14.00644207,26.8431229591,1
1143,14.0192840099,26.8608250618,1
1144,14.0319960117,26.8696739674,1
1145,14.0450091362,26.8843550682,1
1146,14.0568580627,26.8958621025,1
1147,14.0705640316,26.9100160599,1
1148,14.0824260712,26.9220120907,1
1149,14.0940699577,26.9316949844,1
1150,14.1069121361,26.9469151497,1
1151,14.1237781048,26.9618740082,1
1152,14.1357450485,26.9799580574,1
1153,14.1532289982,26.9932050705,1
1154,14.1653001308,27.0013320446,1
1155,14.1798009872,27.024408102,1
1156,14.192481041,27.0331330299,1
1157,14.2040100098,27.0515091419,1
1158,14.2157049179,27.0521631241,1
1159,14.2274169922,27.066806078,1
1160,14.2397019863,27.081692934,1
1161,14.2520329952,27.0920190811,1
1162,14.2652959824,27.1043009758,1
1163,14.2771780491,27.1180000305,1
1164,14.2888700962,27.1271710396,1
1165,14.3022999763,27.139341116,1
1166,14.3142840862,27.1583340168,1
1167,14.3265359402,27.1650230885,1
1168,14.3434929848,27.1865000725,1
1169,14.3550379276,27.1949510574,1
1170,14.3672180176,27.2126851082,1
1171,14.3795530796,27.2182440758,1
1172,14.3911149502,27.2267940044,1
1173,14.4049401283,27.242716074,1
1174,14.4166600704,27.2546350956,3
1175,14.4284789562,27.2679629326,3
1176,14.4400730133,27.282640934,3
1177,14.4517791271,27.2919709682,3
1178,14.4635310173,27.3029561043,3
1179,14.4753439426,27.3112361431,3
1180,14.4871060848,27.3308980465,3
1181,14.5001580715,27.337501049,3
1182,14.511811018,27.351845026,3
1183,14.5240590572,27.3634569645,3
1184,14.535736084,27.3873100281,3
1185,14.5578169823,27.4014680386,3
1186,14.5755739212,27.4164609909,3
1187,14.5890450478,27.4302210808,3
1188,14.6009120941,27.4406380653,3
1189,14.6132941246,27.4533851147,3
1190,14.6248240471,27.4674201012,3
1191,14.6370329857,27.4815120697,3
1192,14.6493179798,27.4933350086,3
1193,14.6608970165,27.502010107,3
1194,14.6724328995,27.5118370056,3
1195,14.6842770576,27.5266859531,3
1196,14.6966969967,27.5394449234,3
1197,14.7084760666,27.5459239483,3
1198,14.7203950882,27.5618450642,3
1199,14.7325389385,27.5743279457,3
1200,14.7442650795,27.5830481052,3
1201,14.7570791245,27.5991261005,3
1202,14.7686200142,27.6059949398,3
1203,14.7802450657,27.6185519695,3
1204,14.7920939922,27.6341779232,3
1205,14.8037910461,27.6416800022,3
1206,14.8164350986,27.6554169655,3
1207,14.8297119141,27.6704599857,3
1208,14.8423669338,27.6815640926,3
1209,14.8545861244,27.6941361427,3
1210,14.8678779602,27.7106771469,3
1211,14.8799409866,27.7203609943,3
1212,14.8922259808,27.7326729298,3
1213,14.903949976,27.7435779572,3
1214,14.9158139229,27.7517840862,3
1215,14.9274630547,27.7703080177,3
1216,14.9392640591,27.7829480171,3
1217,14.9519400597,27.7916769981,3
1218,14.9650130272,27.915199995,3
1219,14.9819509983,27.9287691116,3
1220,14.9935109615,27.9386520386,3
1221,15.0058329105,27.9429299831,3
1222,15.0175850391,27.9461169243,3
1223,15.0314071178,27.9728569984,3
1224,15.0437479019,27.9853770733,3
1225,15.0560719967,28.0027649403,3
1226,15.0675880909,28.0086610317,3
1227,15.0796699524,28.0137810707,3
1228,15.0941810608,28.0236210823,3
1229,15.1066129208,28.0289700031,3
1230,15.1191730499,28.0387611389,3
1231,15.1326670647,28.050287962,1
1232,15.1496720314,28.0528149605,1
1233,15.1628129482,28.0645139217,1
1234,15.1865859032,28.0847320557,1
1235,15.2006509304,28.0936851501,1
1236,15.2194960117,28.0999889374,1
1237,15.2390370369,28.116145134,1
1238,15.2511260509,28.1199331284,1
1239,15.2625720501,28.129294157,1
1240,15.275165081,28.144092083,1
1241,15.2869529724,28.1454110146,1
1242,15.298511982,28.1471180916,1
1243,15.3109331131,28.1566960812,1
1244,15.323456049,28.1662290096,1
1245,15.3355641365,28.1784379482,1
1246,15.3502891064,28.1874320507,1
1247,15.3624799252,28.2033100128,1
1248,15.3748090267,28.2150559425,1
1249,15.388518095,28.224930048,1
1250,15.4028739929,28.24593997,1
1251,15.4143550396,28.2543339729,1
1252,15.4266319275,28.2675859928,1
1253,15.439414978,28.2856431007,1
1254,15.459430933,28.3010880947,1
1255,15.4712970257,28.3143570423,1
1256,15.48624897,28.3293700218,1
1257,15.4981889725,28.3408849239,1
1258,15.5106270313,28.3477709293,1
1259,15.5229721069,28.363959074,1
1260,15.5413050652,28.3798120022,1
1261,15.5531699657,28.4005701542,1
1262,15.5658130646,28.4022290707,1
1263,15.5784220695,28.4235310555,1
1264,15.59197402,28.4285509586,1
1265,15.6039171219,28.4437761307,1
1266,15.6167700291,28.4546890259,1
1267,15.6282989979,28.4675149918,1
1268,15.6401920319,28.4821231365,1
1269,15.6521570683,28.4896719456,1
1270,15.6648731232,28.5029129982,1
1271,15.6772229671,28.5185830593,1
1272,15.6923921108,28.5381979942,1
1273,15.7053780556,28.5426540375,1
1274,15.7195990086,28.5577480793,1
1275,15.7317619324,28.5708560944,1
1276,15.7480840683,28.5936620235,1
1277,15.7598180771,28.5985040665,1
1278,15.7722129822,28.6106610298,1
1279,15.7841060162,28.6248829365,1
1280,15.7957100868,28.634608984,1
1281,15.8080160618,28.6462321281,1
1282,15.8200159073,28.6617810726,1
1283,15.831895113,28.6732499599,1
1284,15.8441641331,28.6908831596,1
1285,15.8572530746,28.7026569843,1
1286,15.8697590828,28.7091031075,1
1287,15.8839609623,28.7220270634,1
1288,15.8962290287,28.7357759476,1
1289,15.9080359936,28.751486063,1
1290,15.9261770248,28.7721590996,3
1291,15.9387280941,28.7858510017,3
1292,15.9503209591,28.7872900963,3
1293,15.9637620449,28.8168029785,3
1294,15.984044075,28.8338260651,3
1295,15.9992380142,28.8444190025,3
1296,16.0147950649,28.8556981087,3
1297,16.0266110897,28.8630940914,3
1298,16.0384349823,28.8777329922,3
1299,16.0502400398,28.8883099556,3
1300,16.0621700287,28.8990240097,3
1301,16.0742919445,28.9154760838,3
1302,16.0857620239,28.9346020222,3
1303,16.1023099422,28.9451861382,3
1304,16.1159241199,28.9604699612,3
1305,16.1296770573,28.9723229408,3
1306,16.1477138996,28.9912071228,3
1307,16.1607220173,29.0036020279,3
1308,16.1743741035,29.0214130878,3
1309,16.1884350777,29.027271986,3
1310,16.2003009319,29.0371551514,3
1311,16.2119979858,29.0526609421,3
1312,16.2247519493,29.0661520958,3
1313,16.2363159657,29.0747921467,3
1314,16.2478899956,29.0901789665,3
1315,16.2613079548,29.098072052,3
1316,16.2739019394,29.1187679768,3
1317,16.2884509563,29.1305470467,3
1318,16.3006110191,29.1399459839,3
1319,16.3125910759,29.1503491402,3
1320,16.3301169872,29.1721401215,3
1321,16.3417971134,29.1831519604,3
1322,16.355713129,29.1984910965,3
1323,16.3726320267,29.2107210159,3
1324,16.3848030567,29.2227210999,3
1325,16.3981080055,29.2353260517,3
1326,16.4100270271,29.2473380566,3
1327,16.4221329689,29.2619421482,3
1328,16.4356400967,29.2750511169,3
1329,16.4497320652,29.2894279957,3
1330,16.4616119862,29.3027510643,3
1331,16.4742500782,29.3182029724,3
1332,16.4862709045,29.3261740208,3
1333,16.5003819466,29.3503961563,3
1334,16.5193829536,29.3649859428,3
1335,16.5323629379,29.379611969,3
1336,16.544631958,29.3891561031,3
1337,16.5623960495,29.4042899609,3
1338,16.5739700794,29.4152400494,3
1339,16.5861361027,29.4251711369,3
1340,16.6007311344,29.4405119419,3
1341,16.6128509045,29.4500460625,3
1342,16.6254599094,29.4660739899,3
1343,16.6423869133,29.4797210693,3
1344,16.6558270454,29.495759964,3
1345,16.6686370373,29.5123369694,3
1346,16.6822190285,29.5210859776,3
1347,16.6954290867,29.5318801403,3
1348,16.7071759701,29.5491199493,1
1349,16.7187030315,29.56686306,1
1350,16.7307519913,29.568021059,1
1351,16.7426121235,29.5820331573,1
1352,16.755671978,29.5963461399,1
1353,16.7676110268,29.6066849232,1
1354,16.7800610065,29.6204380989,1
1355,16.7919521332,29.6313250065,1
1356,16.803456068,29.6391150951,1
1357,16.8155241013,29.6547729969,1
1358,16.8282821178,29.6670689583,1
1359,16.8423669338,29.6839399338,1
1360,16.8544061184,29.6917459965,1
1361,16.8700480461,29.708958149,1
1362,16.8854970932,29.729624033,1
1363,16.8989160061,29.7389359474,1
1364,16.9116020203,29.7543540001,1
1365,16.9240319729,29.7672879696,1
1366,16.939193964,29.7825391293,1
1367,16.9509971142,29.7874901295,1
1368,16.9627490044,29.80823493,1
1369,16.974298954,29.8110439777,1
1370,16.9866070747,29.8260769844,1
1371,16.9984939098,29.8363490105,1
1372,17.0141410828,29.8525509834,1
1373,17.0285110474,29.869079113,1
1374,17.0461409092,29.8896911144,1
1375,17.058412075,29.9013819695,1
1376,17.0747001171,29.9225990772,1
1377,17.0863199234,29.9264171124,1
1378,17.0994389057,29.9384689331,1
1379,17.1124529839,29.9522199631,1
1380,17.1261940002,29.9628419876,1
1381,17.1405539513,29.9842889309,1
1382,17.1521120071,30.0006999969,1
1383,17.1643891335,30.0057799816,1
1384,17.1768860817,30.0205199718,1
1385,17.191822052,30.0342130661,1
1386,17.2043840885,30.0441739559,1
1387,17.2169530392,30.0552780628,1
1388,17.2293119431,30.0722160339,1
1389,17.2413609028,30.0802199841,1
1390,17.2539229393,30.0916550159,1
1391,17.2667210102,30.1041419506,1
1392,17.2800080776,30.1262969971,1
1393,17.2925059795,30.1404139996,1
1394,17.3150599003,30.1511690617,1
1395,17.3266260624,30.1655080318,1
1396,17.3421940804,30.18719697,1
1397,17.3591940403,30.1961209774,1
1398,17.3712599277,30.2103819847,1
1399,17.3857750893,30.2270841599,1
1400,17.3984949589,30.2371990681,1
1401,17.4111011028,30.2510049343,1
1402,17.4232521057,30.2589130402,1
1403,17.4347419739,30.2754991055,1
1404,17.4494531155,30.2911961079,1
1405,17.4615559578,30.3086271286,2
1406,17.4805710316,30.3245489597,2
1407,17.4959840775,30.3453910351,2
1408,17.5081961155,30.3469121456,2
1409,17.5200409889,30.3582241535,2
1410,17.5317299366,30.3786449432,2
1411,17.5477390289,30.3884460926,2
1412,17.5632669926,30.4028871059,2
1413,17.5825500488,30.4180870056,2
1414,17.5954971313,30.4380879402,2
1415,17.6073601246,30.4443850517,2
1416,17.6224820614,30.4609351158,2
1417,17.6345639229,30.4735209942,2
1418,17.6466839314,30.4933550358,2
1419,17.6633601189,30.5084779263,2
1420,17.6827499866,30.518693924,2
1421,17.6992900372,30.5375061035,2
1422,17.71154809,30.5523059368,2
1423,17.7237739563,30.5688669682,2
1424,17.7397620678,30.5792911053,2
1425,17.7514030933,30.5892829895,2
1426,17.7662730217,30.6018660069,2
1427,17.7819130421,30.6208651066,2
1428,17.7946131229,30.6325690746,2
1429,17.8067560196,30.6443121433,2
1430,17.8184490204,30.6625421047,2
1431,17.8309710026,30.6722359657,2
1432,17.8443191051,30.6890201569,2
1433,17.859349966,30.707611084,2
1434,17.8729040623,30.7083799839,2
1435,17.8844149113,30.7354049683,2
1436,17.8967790604,30.7362470627,2
1437,17.9084711075,30.7487750053,2
1438,17.9257559776,30.7618160248,2
1439,17.9373049736,30.7788319588,2
1440,17.9491140842,30.7898449898,2
1441,17.960652113,30.803262949,2
1442,17.975757122,30.8145670891,2
1443,17.9873080254,30.8300030231,2
1444,17.9994790554,30.8351340294,2
1445,18.0153050423,30.8585870266,2
1446,18.0300149918,30.8720531464,2
1447,18.0417149067,30.8786029816,2
1448,18.0593681335,30.9022340775,2
1449,18.0753700733,30.9193501472,2
1450,18.0884299278,30.9287109375,2
1451,18.1000459194,30.936604023,2
1452,18.1129100323,30.9561481476,2
1453,18.1247930527,30.9624509811,2
1454,18.1364560127,30.9740591049,2
1455,18.1494460106,30.9920780659,2
1456,18.1627659798,31.0065169334,2
1457,18.1756029129,31.0205481052,2
1458,18.1888329983,31.0329630375,2
1459,18.2020990849,31.0406570435,2
1460,18.2155869007,31.0529270172,2
1461,18.2276120186,31.0656099319,0
1462,18.2455120087,31.0834541321,0
1463,18.2584531307,31.1000571251,0
1464,18.2733030319,31.1202681065,0
1465,18.2864010334,31.1298389435,0
1466,18.302314043,31.1474630833,0
1467,18.3182151318,31.1734170914,0
1468,18.3337140083,31.1742799282,0
1469,18.3473041058,31.1871490479,0
1470,18.3647749424,31.200936079,0
1471,18.3782970905,31.2154810429,0
1472,18.3911111355,31.2287390232,0
1473,18.4026920795,31.2388689518,0
1474,18.4153010845,31.2515621185,0
1475,18.4269909859,31.2657389641,0
1476,18.4428870678,31.2784421444,0
1477,18.4559690952,31.2946360111,0
1478,18.4711871147,31.3126130104,0
1479,18.4831418991,31.322409153,0
1480,18.4987509251,31.3382649422,0
1481,18.5111579895,31.3485660553,0
1482,18.5229439735,31.3643519878,0
1483,18.5432600975,31.3869969845,0
1484,18.5549371243,31.3946180344,0
1485,18.5665910244,31.4074370861,0
1486,18.5818021297,31.4232909679,0
1487,18.5951550007,31.4349751472,0
1488,18.6067159176,31.446406126,0
1489,18.6206760406,31.4568090439,0
1490,18.6328299046,31.4691801071,0
1491,18.6447520256,31.4839470387,0
1492,18.6566100121,31.4982800484,0
1493,18.6700589657,31.5075161457,0
1494,18.6827161312,31.5284650326,0
1495,18.698980093,31.5427041054,0
1496,18.7197771072,31.5672199726,0
1497,18.7359619141,31.5796949863,0
1498,18.747879982,31.5878379345,0
1499,18.7622759342,31.6010670662,0
1500,18.7754309177,31.6186900139,0
1501,18.7941989899,31.6373860836,0
1502,18.8059310913,31.6506619453,0
1503,18.8226420879,31.6631059647,0
1504,18.834512949,31.6707980633,0
1505,18.8461000919,31.6865291595,0
1506,18.8621780872,31.7018830776,0
1507,18.8775620461,31.7189540863,0
1508,18.8891129494,31.7265970707,0
1509,18.9037261009,31.7417061329,0
1510,18.916795969,31.7547180653,0
1511,18.9282591343,31.765640974,0
1512,18.9398560524,31.7817900181,0
1513,18.9518151283,31.7927451134,0
1514,18.9655210972,31.8025400639,0
1515,18.9781680107,31.8222351074,0
1516,18.9936060905,31.8294889927,0
1517,19.0054728985,31.8421039581,0
1518,19.018695116,31.8568980694,2
1519,19.0317919254,31.870634079,2
1520,19.0492119789,31.8871459961,2
1521,19.0607409477,31.9004781246,2
1522,19.0729238987,31.912156105,2
1523,19.086345911,31.9260590076,2
1524,19.0996489525,31.9400920868,2
1525,19.1122319698,31.9499771595,2
1526,19.1240260601,31.9700541496,2
1527,19.1419689655,31.981719017,2
1528,19.1538829803,31.9910571575,2
1529,19.1692650318,32.0116751194,2
1530,19.1814930439,32.0178239346,2
1531,19.1954920292,32.0392620564,2
1532,19.2105000019,32.0476601124,2
1533,19.2241871357,32.0603570938,2
1534,19.2419691086,32.0783500671,2
1535,19.2554769516,32.102273941,2
1536,19.2671570778,32.1068401337,2
1537,19.280921936,32.1306509972,2
1538,19.2955780029,32.140969038,2
1539,19.3107719421,32.1544270515,2
1540,19.3235690594,32.1650209427,2
1541,19.3351249695,32.1769809723,2
1542,19.3488910198,32.193611145,2
1543,19.3622250557,32.2075560093,2
1544,19.3785529137,32.2235250473,2
1545,19.3956019878,32.2349030972,2
1546,19.4077210426,32.2593939304,2
1547,19.4266829491,32.2630820274,2
1548,19.4415030479,32.2779779434,2
1549,19.4538190365,32.2944540977,2
1550,19.4674780369,32.3136720657,2
1551,19.487128973,32.3340730667,2
1552,19.4998850822,32.3395831585,2
1553,19.5151259899,32.3653831482,2
1554,19.5336170197,32.3760900497,2
1555,19.5488379002,32.3908319473,2
1556,19.5612499714,32.4049470425,2
1557,19.5759959221,32.4151000977,2
1558,19.5880610943,32.4401600361,2
1559,19.5999650955,32.448225975,2
1560,19.6171140671,32.4563989639,2
1561,19.6287851334,32.4711840153,2
1562,19.6410999298,32.4865729809,2
1563,19.6533811092,32.495800972,2
1564,19.665610075,32.5037550926,2
1565,19.6778819561,32.5186970234,2
1566,19.690433979,32.5334970951,2
1567,19.7025101185,32.5449120998,2
1568,19.7172420025,32.5632579327,2
1569,19.7333979607,32.576900959,2
1570,19.7458539009,32.5850191116,2
1571,19.7581729889,32.5958600044,2
1572,19.7750749588,32.616145134,2
1573,19.786935091,32.6268150806,2
1574,19.798789978,32.642562151,2
1575,19.8157861233,32.6558570862,2
1576,19.8274569511,32.6644370556,2
1577,19.8411359787,32.6770279408,0
1578,19.8526849747,32.6925230026,0
1579,19.8643901348,32.703248024,0
1580,19.8830759525,32.7207920551,0
1581,19.895416975,32.7347650528,0
1582,19.9077451229,32.7476050854,0
1583,19.9223871231,32.7625319958,0
1584,19.9347760677,32.7730650902,0
1585,19.9467940331,32.7897801399,0
1586,19.9587049484,32.8019039631,0
1587,19.9760940075,32.8158020973,0
1588,19.9882071018,32.8307609558,0
1589,19.9998860359,32.8410160542,0
1590,20.0136320591,32.8556611538,0
1591,20.0254569054,32.8709161282,0
1592,20.0389990807,32.8790619373,0
1593,20.0510149002,32.8882420063,0
1594,20.062734127,32.9012629986,0
1595,20.0742940903,32.9202620983,0
1596,20.0887260437,32.9304320812,0
1597,20.1003580093,32.9364130497,0
1598,20.1163320541,32.9561109543,0
1599,20.1288189888,32.9733271599,0
1600,20.1426539421,32.9898979664,0
1601,20.1550719738,32.9986979961,0
1602,20.1665840149,33.0031280518,0
1603,20.1836190224,33.020663023,0
1604,20.1961410046,33.0377459526,0
1605,20.2157509327,33.0650219917,0
1606,20.2331659794,33.0705959797,0
1607,20.2450420856,33.0814869404,0
1608,20.2593410015,33.1015081406,0
1609,20.2737319469,33.1169641018,0
1610,20.288435936,33.1272449493,0
1611,20.3008179665,33.1424069405,0
1612,20.3168461323,33.1553859711,0
1613,20.3293910027,33.1717140675,0
1614,20.3425869942,33.185792923,0
1615,20.3597619534,33.2013440132,0
1616,20.3712570667,33.2124800682,0
1617,20.3829960823,33.2208769321,0
1618,20.3990321159,33.2396941185,0
1619,20.4106080532,33.2542920113,0
1620,20.4255321026,33.2717199326,0
1621,20.4430780411,33.2867190838,0
1622,20.457226038,33.3025839329,0
1623,20.475867033,33.3151409626,0
1624,20.4882569313,33.3306119442,0
1625,20.5000059605,33.3378591537,0
1626,20.5116810799,33.3519389629,0
1627,20.5267109871,33.3676741123,0
1628,20.5414609909,33.3788321018,0
1629,20.5597689152,33.4005351067,0
1630,20.5724561214,33.4099760056,0
1631,20.5853159428,33.4287209511,2
1632,20.5967969894,33.437361002,2
1633,20.609126091,33.450731039,2
1634,20.6211099625,33.4613881111,2
1635,20.6329901218,33.4747941494,2
1636,20.6456079483,33.4873230457,2
1637,20.6605739594,33.5015461445,2
1638,20.6721401215,33.5177979469,2
1639,20.6841270924,33.5298171043,2
1640,20.7002940178,33.5399279594,2
1641,20.7126131058,33.5530381203,2
1642,20.7250249386,33.5646109581,2
1643,20.7433309555,33.5814990997,2
1644,20.7559030056,33.5953779221,2
1645,20.7681620121,33.6061339378,2
1646,20.7838759422,33.6324250698,2
1647,20.8027319908,33.6475100517,2
1648,20.8174350262,33.6592020988,2
1649,20.8324699402,33.6768550873,2
1650,20.8504219055,33.6901230812,2
1651,20.865737915,33.7115960121,2
1652,20.8809149265,33.7192471027,2
1653,20.8928821087,33.7405281067,2
1654,20.9058010578,33.7494649887,2
1655,20.9191660881,33.7661690712,2
1656,20.9308109283,33.770209074,2
1657,20.9427769184,33.7825100422,2
1658,20.9545841217,33.7960619926,2
1659,20.9665338993,33.8097879887,2
1660,20.9792771339,33.8197939396,2
1661,20.9924230576,33.8331279755,2
1662,21.0041980743,33.8449070454,2
1663,21.0159070492,33.8540849686,2
1664,21.0346229076,33.8759579659,2
1665,21.0463659763,33.8904619217,2
1666,21.0600550175,33.9052131176,2
1667,21.0799269676,33.9216520786,2
1668,21.0933930874,33.934401989,2
1669,21.1066339016,33.9437961578,2
1670,21.1191260815,33.9633209705,2
1671,21.1311469078,33.9732270241,2
1672,21.1505680084,33.988366127,2
1673,21.1673939228,34.0128669739,2
1674,21.1832399368,34.0252211094,2
1675,21.1963200569,34.0374691486,2
1676,21.211149931,34.0502929688,2
1677,21.2227730751,34.0676789284,2
1678,21.2345600128,34.0753779411,2
1679,21.2461030483,34.0875470638,2
1680,21.2575900555,34.1002891064,2
1681,21.2693428993,34.1126320362,2
1682,21.2869980335,34.1262049675,2
1683,21.2991499901,34.1389961243,2
1684,21.3108949661,34.1474070549,2
1685,21.3223419189,34.1720991135,0
1686,21.3349421024,34.173470974,0
1687,21.3475730419,34.1881921291,0
1688,21.360435009,34.2004420757,0
1689,21.3737931252,34.216946125,0
1690,21.3860030174,34.2274210453,0
1691,21.3982930183,34.2443900108,0
1692,21.4157059193,34.2578959465,0
1693,21.4317510128,34.2753250599,0
1694,21.4454369545,34.285984993,0
1695,21.4626200199,34.3052239418,0
1696,21.4751069546,34.3198709488,0
1697,21.4898850918,34.3315360546,0
1698,21.5018610954,34.3415579796,0
1699,21.5137879848,34.3553509712,0
1700,21.5260150433,34.3895549774,0
1701,21.5641670227,34.4041490555,0
1702,21.5836601257,34.4262120724,0
1703,21.5955450535,34.4309761524,0
1704,21.6115660667,34.4492340088,0
1705,21.6231470108,34.4652950764,0
1706,21.6407239437,34.4811210632,0
1707,21.6532959938,34.492882967,0
1708,21.6665649414,34.5111150742,0
1709,21.6808481216,34.5248200893,0
1710,21.6924829483,34.5398070812,0
1711,21.7106630802,34.5525491238,0
1712,21.7246360779,34.5621571541,0
1713,21.7382409573,34.5792710781,0
1714,21.750346899,34.5869309902,0
1715,21.7658960819,34.6036479473,0
1716,21.7778289318,34.6176390648,0
1717,21.790293932,34.630313158,0
1718,21.8025081158,34.6444461346,0
1719,21.8149809837,34.6621041298,0
1720,21.8380639553,34.6782939434,0
1721,21.84979105,34.6883161068,0
1722,21.8616199493,34.704075098,0
1723,21.8770070076,34.717664957,0
1724,21.8902089596,34.736344099,0
1725,21.9140279293,34.7552280426,0
1726,21.9260799885,34.7649321556,0
1727,21.9425780773,34.7848680019,0
1728,21.9550380707,34.791410923,0
1729,21.9667510986,34.8077130318,0
1730,21.9823241234,34.8190441132,0
1731,21.9993739128,34.8447799683,0
1732,22.0206840038,34.8592591286,0
1733,22.0358819962,34.8778171539,0
1734,22.050786972,34.8881270885,0
1735,22.063683033,34.902878046,0
1736,22.077819109,34.9237000942,0
1737,22.0957560539,34.933825016,0
1738,22.107945919,34.9476749897,0
1739,22.1203539371,34.9639179707,0
1740,22.1319870949,34.9787321091,0
1741,22.1493890285,34.987609148,0
1742,22.1629650593,35.0034370422,0
1743,22.1751339436,35.0148079395,0
1744,22.1906850338,35.031594038,0
1745,22.2060339451,35.0475161076,2
1746,22.2178599834,35.0571620464,2
1747,22.2390069962,35.0788991451,2
1748,22.2510070801,35.0909929276,2
1749,22.2659950256,35.1060640812,2
1750,22.2779300213,35.1179759502,2
1751,22.2908039093,35.1335809231,2
1752,22.3041050434,35.1429600716,2
1753,22.3159379959,35.1607279778,2
1754,22.3321089745,35.1806631088,2
1755,22.3494179249,35.1886041164,2
1756,22.3630850315,35.2098309994,2
1757,22.3807370663,35.2216780186,2
1758,22.3925070763,35.2324640751,2
1759,22.4103729725,35.2492301464,2
1760,22.4232850075,35.2646739483,2
1761,22.4393200874,35.2807159424,2
1762,22.4535241127,35.2915079594,2
1763,22.4651069641,35.3094170094,2
1764,22.4781529903,35.3198590279,2
1765,22.489759922,35.3309690952,2
1766,22.5013539791,35.3411500454,2
1767,22.5160820484,35.3542580605,2
1768,22.5278830528,35.3708679676,2
1769,22.5408399105,35.3767230511,2
1770,22.5561220646,35.3955430984,2
1771,22.5687069893,35.4096319675,2
1772,22.5836369991,35.4274051189,2
1773,22.5996940136,35.4429240227,2
1774,22.6155970097,35.4588329792,2
1775,22.6285479069,35.4764580727,2
1776,22.6401669979,35.4859700203,2
1777,22.6535210609,35.4960010052,2
1778,22.6659839153,35.5038530827,2
1779,22.6808309555,35.5171990395,2
1780,22.6960890293,35.5387470722,2
1781,22.7077560425,35.5495171547,2
1782,22.7205340862,35.5621819496,2
1783,22.7343680859,35.5747179985,2
1784,22.7494449615,35.5884830952,2
1785,22.7667119503,35.6112370491,2
1786,22.7836339474,35.6229441166,2
1787,22.8003160954,35.6386730671,2
1788,22.8133690357,35.6523430347,2
1789,22.8256459236,35.6663291454,2
1790,22.8373970985,35.6781389713,2
1791,22.8501019478,35.6918339729,2
1792,22.8666520119,35.7052061558,2
1793,22.8790180683,35.7232780457,2
1794,22.8943760395,35.7328310013,2
1795,22.9061391354,35.7474219799,2
1796,22.9178321362,35.7614519596,0
1797,22.9296360016,35.7676200867,0
1798,22.9431819916,35.7892889977,0
1799,22.9637401104,35.8075840473,0
1800,22.9803860188,35.8188669682,0
1801,22.9925420284,35.8339440823,0
1802,23.0090169907,35.8507130146,0
1803,23.0214309692,35.8590071201,0
1804,23.0348680019,35.8754789829,0
1805,23.046505928,35.8851270676,0
1806,23.0579900742,35.9029490948,0
1807,23.0697770119,35.9087810516,0
1808,23.083794117,35.9279150963,0
1809,23.0995049477,35.9358210564,0
1810,23.1112959385,35.9531650543,0
1811,23.1245510578,35.9681389332,0
1812,23.1413400173,35.9854869843,0
1813,23.1555480957,35.9960479736,0
1814,23.1679239273,36.0113749504,0
1815,23.1833050251,36.0343739986,0
1816,23.2003800869,36.040802002,0
1817,23.2127170563,36.0620851517,0
1818,23.2251060009,36.0636050701,0
1819,23.2412700653,36.0846190453,0
1820,23.2532939911,36.0928230286,0
1821,23.2651669979,36.1060531139,0
1822,23.277985096,36.1205120087,0
1823,23.2900640965,36.1270370483,0
1824,23.3019549847,36.1472330093,0
1825,23.3172779083,36.1581399441,0
1826,23.3327190876,36.1743910313,0
1827,23.3443369865,36.1889760494,0
1828,23.3590099812,36.1969659328,0
1829,23.3706679344,36.2103481293,0
1830,23.3840279579,36.2338309288,0
1831,23.3995521069,36.2396299839,0
1832,23.4142980576,36.2607829571,0
1833,23.4260399342,36.2663171291,0
1834,23.4383280277,36.2779021263,0
1835,23.4499280453,36.2891850471,0
1836,23.4617109299,36.300688982,0
1837,23.4751720428,36.3142881393,0
1838,23.4878969193,36.3316600323,0
1839,23.4996080399,36.3384139538,0
1840,23.5116939545,36.3506391048,0
1841,23.5272290707,36.3720419407,0
1842,23.5391409397,36.3823621273,0
1843,23.5521159172,36.39123106,0
1844,23.5662889481,36.4103169441,0
1845,23.5780529976,36.4221789837,0
1846,23.5936419964,36.4351780415,0
1847,23.6082959175,36.446901083,0
1848,23.6199729443,36.4628429413,2
1849,23.6332950592,36.4690921307,2
1850,23.6492910385,36.4865989685,2
1851,23.6625521183,36.5012300014,2
1852,23.6755650043,36.5148150921,2
1853,23.6883850098,36.5348260403,2
1854,23.7005701065,36.5377449989,2
1855,23.7163960934,36.5556230545,2
1856,23.7279880047,36.5717451572,2
1857,23.7420921326,36.5805389881,2
1858,23.7548069954,36.5972099304,2
1859,23.7668430805,36.6139690876,2
1860,23.7829620838,36.6190280914,2
1861,23.7970519066,36.6385040283,2
1862,23.8128371239,36.6525349617,2
1863,23.8270339966,36.6682710648,2
1864,23.839744091,36.6782369614,2
1865,23.8513329029,36.6930110455,2
1866,23.8663249016,36.7036719322,2
1867,23.8786790371,36.7147221565,2
1868,23.89219594,36.7362120152,2
1869,23.9048399925,36.7425460815,2
1870,23.9167370796,36.7615201473,2
1871,23.9333679676,36.7795181274,2
1872,23.9458510876,36.782957077,2
1873,23.9578390121,36.8039419651,2
1874,23.9726250172,36.813849926,2
1875,23.9857769012,36.8252959251,2
1876,23.9984331131,36.840775013,2
1877,24.0145220757,36.8519120216,2
1878,24.0265960693,36.8635079861,2
1879,24.0439810753,36.8862380981,2
1880,24.0564711094,36.8983011246,2
1881,24.0686049461,36.9086630344,2
1882,24.0804009438,36.9192640781,2
1883,24.0936069489,36.9343149662,2
1884,24.1052010059,36.9407980442,2
1885,24.1175570488,36.9534471035,2
1886,24.1329951286,36.9760911465,2
1887,24.1453089714,36.9841790199,2
1888,24.1600599289,36.9958219528,2
1889,24.1725161076,37.0145919323,2
1890,24.1908020973,37.0342140198,2
1891,24.2033889294,37.04865098,2
1892,24.2163140774,37.052489996,2
1893,24.2293720245,37.0702190399,2
1894,24.2413511276,37.0780949593,2
1895,24.2529170513,37.0928580761,2
1896,24.2659230232,37.1046440601,2
1897,24.2838869095,37.1304650307,2
1898,24.3000030518,37.1409809589,0
1899,24.3146240711,37.1552710533,0
1900,24.3273830414,37.1709580421,0
1901,24.3399000168,37.1824610233,0
1902,24.3518030643,37.2034749985,0
1903,24.365021944,37.2077441216,0
1904,24.3767471313,37.2153770924,0
1905,24.3910830021,37.2308471203,0
1906,24.4029159546,37.2393250465,0
1907,24.4157910347,37.260956049,0
1908,24.4307620525,37.2691149712,0
1909,24.4428110123,37.2841601372,0
1910,24.4573199749,37.2939691544,0
1911,24.469176054,37.3108439445,0
1912,24.4830200672,37.3189489841,0
1913,24.4968640804,37.3395781517,0
1914,24.5122449398,37.3531830311,0
1915,24.5248100758,37.360612154,0
1916,24.5372719765,37.3829641342,0
1917,24.5509240627,37.3900210857,0
1918,24.5655629635,37.4058060646,0
1919,24.5791020393,37.4223949909,0
1920,24.5964200497,37.4381930828,0
1921,24.610476017,37.4584240913,0
1922,24.6303200722,37.4714410305,0
1923,24.6470000744,37.492898941,0
1924,24.6607630253,37.5060479641,0
1925,24.6783969402,37.5203361511,0
1926,24.690196991,37.5309250355,0
1927,24.7062001228,37.5440781116,0
1928,24.7219929695,37.5586750507,0
1929,24.7345240116,37.5719621181,0
1930,24.7463030815,37.5870499611,0
1931,24.7663359642,37.6062891483,0
1932,24.7785639763,37.617454052,0
1933,24.7950761318,37.6374499798,0
1934,24.8066909313,37.6474850178,0
1935,24.8185069561,37.6558461189,0
1936,24.8332719803,37.6770720482,0
1937,24.845195055,37.6847069263,0
1938,24.8612370491,37.7015609741,0
1939,24.8756029606,37.7188429832,0
1940,24.8907799721,37.734110117,0
1941,24.9031620026,37.7442409992,0
1942,24.9170560837,37.7609050274,0
1943,24.9286139011,37.7767760754,0
1944,24.9497909546,37.7893979549,0
1945,24.9619269371,37.8051700592,0
1946,24.9791920185,37.8177630901,0
1947,24.9929940701,37.8309509754,0
1948,25.0051929951,37.8459429741,0
1949,25.0183129311,37.8581950665,0
1950,25.0304949284,37.8800671101,0
1951,25.0441799164,37.8969070911,3
1952,25.0588130951,37.9102180004,3
1953,25.0764489174,37.9191350937,3
1954,25.0883450508,37.9329149723,3
1955,25.1005649567,37.9686551094,3
1956,25.1178359985,37.9959621429,3
1957,25.1309299469,38.0189011097,3
1958,25.1598079205,38.0403339863,3
1959,25.1806180477,38.0585529804,3
1960,25.1929430962,38.0841100216,3
1961,25.2051050663,38.0922720432,3
1962,25.2174639702,38.1081049442,3
1963,25.2293469906,38.1235580444,3
1964,25.2408621311,38.1305110455,3
1965,25.2559919357,38.1415779591,3
1966,25.2693691254,38.1559650898,3
1967,25.2829170227,38.1681330204,3
1968,25.2963340282,38.1873841286,3
1969,25.3101770878,38.203608036,3
1970,25.3284130096,38.2156970501,3
1971,25.3439929485,38.235970974,3
1972,25.3642249107,38.2573730946,3
1973,25.381688118,38.2714729309,3
1974,25.3943231106,38.2882530689,3
1975,25.4062108994,38.3073530197,3
1976,25.4193150997,38.3192260265,3
1977,25.4329650402,38.3359460831,3
1978,25.4459540844,38.3519999981,3
1979,25.4616200924,38.3645470142,3
1980,25.4738280773,38.3752889633,3
1981,25.4854209423,38.3888339996,3
1982,25.4997940063,38.4001660347,3
1983,25.5201029778,38.4118831158,3
1984,25.5362670422,38.4253599644,3
1985,25.5495319366,38.4407019615,3
1986,25.561150074,38.4565050602,3
1987,25.5727980137,38.4801239967,3
1988,25.5898411274,38.5029239655,3
1989,25.6036059856,38.518362999,3
1990,25.6186800003,38.5380380154,3
1991,25.6303260326,38.5538649559,3
1992,25.6428220272,38.5759510994,3
1993,25.6558499336,38.5924880505,3
1994,25.6697371006,38.612126112,3
1995,25.6834330559,38.6283040047,3
1996,25.7051939964,38.6422741413,3
1997,25.7244179249,38.6640970707,3
1998,25.7360880375,38.6739599705,3
1999,25.7494840622,38.6886191368,3
2000,25.7627789974,38.7156600952,3
