PacketSeqNo,GeneratedTime(sec),ArrivalTime(sec),MulticastIdx
1,0.00209999084473,14.213299036,1
2,0.0145969390869,14.2247180939,1
3,0.0270500183105,14.2360641956,1
4,0.0392429828644,14.2570390701,1
5,0.0513880252838,14.2612240314,1
6,0.0635530948639,14.3070390224,1
7,0.0757539272308,14.3701720238,1
8,0.0878210067749,14.3717281818,1
9,0.100306034088,14.3725349903,1
10,0.112900018692,14.3997921944,1
11,0.127897024155,14.4033021927,1
12,0.140177965164,14.4037911892,1
13,0.152518033981,14.4041960239,1
14,0.164909124374,14.4045991898,1
15,0.177607059479,14.4120881557,1
16,0.190248012543,14.4229850769,1
17,0.220705986023,14.4329771996,1
18,0.233047008514,14.4455230236,1
19,0.245507955551,14.4701230526,1
20,0.25801897049,14.4733440876,1
21,0.271196126938,14.5002410412,1
22,0.284062147141,14.5009059906,1
23,0.296566963196,14.5093901157,1
24,0.308933019638,14.5373370647,1
25,0.321748971939,14.5377430916,1
26,0.33450293541,14.5468451977,1
27,0.347445011139,14.5772101879,1
28,0.360598087311,14.5776920319,1
29,0.373420953751,14.5844202042,1
30,0.385703086853,14.5957181454,1
31,0.398422956467,14.6108281612,1
32,0.411112070084,14.625546217,1
33,0.423505067825,14.6535100937,1
34,0.435408115387,14.6539011002,1
35,0.448715925217,14.6644999981,1
36,0.460778951645,14.6723721027,1
37,0.473382949829,14.6859540939,1
38,0.485481023788,14.6953270435,1
39,0.497915029526,14.7084071636,1
40,0.510631084442,14.7300300598,1
41,0.523191928864,14.7332661152,1
42,0.53550195694,14.7682840824,1
43,0.548237085342,14.7686800957,1
44,0.560672998428,14.7769181728,1
45,0.572933912277,14.8066561222,2
46,0.585397005081,14.8070580959,2
47,0.59790802002,14.8074581623,2
48,0.610594987869,14.8311262131,2
49,0.623045921326,14.8409562111,2
50,0.635616064072,14.8440060616,2
51,0.648253917694,14.8634591103,2
52,0.660316944122,14.8819141388,2
53,0.671819925308,14.8978860378,2
54,0.683980941772,14.9011611938,2
55,0.696110963821,14.9193980694,2
56,0.708498954773,14.9278662205,2
57,0.720591068268,14.9379651546,2
58,0.732641935349,14.9584300518,2
59,0.744795084,14.9721701145,2
60,0.757128000259,14.972687006,2
61,0.769560098648,15.0044140816,2
62,0.782079935074,15.0092811584,2
63,0.794568061829,15.0337421894,2
64,0.807078123093,15.0341200829,2
65,0.819436073303,15.0735859871,2
66,0.832458972931,15.0739781857,2
67,0.844372034073,15.089482069,0
68,0.856518030167,15.0937721729,0
69,0.86900806427,15.0943210125,0
70,0.882128000259,15.1018881798,0
71,0.894140005112,15.1098291874,0
72,0.906045913696,15.118735075,0
73,0.918015956879,15.1283750534,0
74,0.930236101151,15.1619570255,0
75,0.942532062531,15.1679391861,0
76,0.95517206192,15.1683511734,0
77,0.967401027679,15.1779592037,0
78,0.979808092117,15.1893270016,0
79,0.992213964462,15.2030220032,0
80,1.00457906723,15.2250831127,0
81,1.01641201973,15.2344880104,0
82,1.02902603149,15.239082098,0
83,1.04153299332,15.2763411999,0
84,1.05351805687,15.2822191715,0
85,1.06614112854,15.2832090855,0
86,1.07830905914,15.3111100197,0
87,1.09045791626,15.3167250156,0
88,1.10347294807,15.3171482086,0
89,1.11584091187,15.3286581039,0
90,1.12880396843,15.343734026,0
91,1.14192605019,15.3513112068,0
92,1.15480208397,15.3636879921,0
93,1.16741299629,15.3866910934,0
94,1.17955803871,15.3911600113,0
95,1.1916680336,15.403689146,3
96,1.2039809227,15.4228351116,3
97,1.21607613564,15.4309031963,3
98,1.22820901871,15.4583921432,3
99,1.24028992653,15.4614350796,3
100,1.25238513947,15.4638910294,3
101,1.26453208923,15.5436961651,3
102,1.27651000023,15.5440790653,3
103,1.28922200203,15.5444550514,3
104,1.30187392235,15.5448970795,3
105,1.3151409626,15.545386076,3
106,1.32766199112,15.5457520485,3
107,1.33980607986,15.5856010914,3
108,1.35247206688,15.5861451626,3
109,1.36470913887,15.5923800468,3
110,1.37717795372,15.5928931236,3
111,1.3895740509,15.6116371155,3
112,1.40241003036,15.6177811623,3
113,1.4148349762,15.628508091,3
114,1.42763495445,15.6556801796,3
115,1.44007706642,15.6606280804,3
116,1.45285892487,15.6634931564,3
117,1.46542692184,15.6775681973,3
118,1.47874212265,15.6873600483,3
119,1.49167108536,15.7023820877,3
120,1.50367307663,15.7498521805,3
121,1.51562905312,15.7747941017,3
122,1.52805995941,15.7767682076,1
123,1.54046797752,15.7772610188,1
124,1.55386590958,15.7776792049,1
125,1.56659913063,15.7866520882,1
126,1.57951211929,15.8176860809,1
127,1.59235405922,15.8289279938,1
128,1.60491204262,15.834138155,1
129,1.6170759201,15.8424940109,1
130,1.62957906723,15.8496191502,1
131,1.64217209816,15.8551549911,1
132,1.65470099449,15.8673501015,1
133,1.66721892357,15.8767180443,1
134,1.67880606651,15.8900771141,1
135,1.69077801704,15.9139211178,1
136,1.70334100723,15.9176440239,1
137,1.71588897705,15.9497580528,1
138,1.72866296768,15.9581019878,1
139,1.74150514603,15.9587571621,1
140,1.75415301323,15.9686191082,1
141,1.76668596268,15.9779660702,1
142,1.77934598923,15.992991209,1
143,1.7915251255,16.005753994,1
144,1.80345201492,16.0143141747,1
145,1.81499910355,16.0424530506,2
146,1.82753300667,16.0532200336,2
147,1.83992195129,16.0546040535,2
148,1.85323596001,16.0642790794,2
149,1.8657579422,16.0890471935,2
150,1.87808299065,16.0936031342,2
151,1.89114809036,16.1193110943,2
152,1.90338611603,16.1197280884,2
153,1.9157140255,16.1288981438,2
154,1.92856001854,16.1609771252,2
155,1.94121599197,16.1613991261,2
156,1.95391392708,16.1748580933,2
157,1.96678709984,16.1846621037,2
158,1.97911500931,16.1886041164,2
159,1.99089407921,16.2027301788,2
160,2.0033929348,16.2184231281,2
161,2.01542592049,16.2423892021,2
162,2.02756905556,16.2519891262,2
163,2.03954005241,16.2527501583,2
164,2.05184102058,16.286039114,2
165,2.06516599655,16.2864861488,2
166,2.07784509659,16.3172490597,2
167,2.09073996544,16.3261110783,0
168,2.10335898399,16.3265302181,0
169,2.11532711983,16.3301889896,0
170,2.1276550293,16.3414421082,0
171,2.13985896111,16.3500270844,0
172,2.15252304077,16.3685660362,0
173,2.16508603096,16.3733201027,0
174,2.17761301994,16.3919010162,0
175,2.1898829937,16.5234560966,0
176,2.20251703262,16.5291140079,0
177,2.21528792381,16.5397820473,0
178,2.22807693481,16.5432460308,0
179,2.24089694023,16.5440921783,0
180,2.25364208221,16.5445041656,0
181,2.2664411068,16.5514512062,0
182,2.27847599983,16.5548830032,0
183,2.29045295715,16.563336134,0
184,2.30322313309,16.5648441315,0
185,2.31531906128,16.5754830837,0
186,2.32741308212,16.5770111084,0
187,2.33963298798,16.5900130272,0
188,2.35190105438,16.5970141888,0
189,2.36435413361,16.6035320759,0
190,2.37735509872,16.6104931831,0
191,2.389950037,16.628631115,0
192,2.40293908119,16.6314861774,0
193,2.41532611847,16.6347520351,0
194,2.42808699608,16.6611280441,0
195,2.44048595428,16.694368124,2
196,2.45331096649,16.6974451542,2
197,2.46607398987,16.6979281902,2
198,2.47828793526,16.7077682018,2
199,2.49044513702,16.7082099915,2
200,2.50308394432,16.7146840096,2
201,2.51519203186,16.7268521786,2
202,2.52764391899,16.7392551899,2
203,2.53967809677,16.7589821815,2
204,2.55236196518,16.7628881931,2
205,2.56460094452,16.7794520855,2
206,2.57694911957,16.7873899937,2
207,2.58931398392,16.8186759949,2
208,2.60205411911,16.8261730671,2
209,2.61476111412,16.8265821934,2
210,2.62708997726,16.8364670277,2
211,2.63903808594,16.849766016,2
212,2.651471138,16.8599891663,2
213,2.66362404823,16.8845410347,2
214,2.67621397972,16.8865280151,2
215,2.68895792961,16.9074270725,2
216,2.70122313499,16.9119331837,2
217,2.71335101128,16.9272069931,2
218,2.72590613365,16.9375801086,2
219,2.73834395409,16.9570682049,2
220,2.75099992752,16.9653711319,2
221,2.76367306709,16.9835371971,0
222,2.77598214149,16.9953281879,0
223,2.78867411613,17.0027470589,0
224,2.80191302299,17.0229980946,0
225,2.81452798843,17.0464100838,0
226,2.82640790939,17.0469090939,0
227,2.83806109428,17.0525860786,0
228,2.84978795052,17.06478405,0
229,2.86216497421,17.0751981735,0
230,2.87459802628,17.0906271935,0
231,2.88756012917,17.0973911285,0
232,2.90073609352,17.1108560562,0
233,2.91281509399,17.1236891747,0
234,2.92438197136,17.160243988,0
235,2.93652796745,17.2184240818,0
236,2.94860005379,17.2191531658,0
237,2.96092200279,17.2198801041,0
238,2.97370004654,17.2271931171,0
239,2.98611497879,17.2276391983,0
240,2.99863696098,17.2298641205,0
241,3.01110506058,17.2409272194,0
242,3.02358794212,17.2483801842,0
243,3.03594613075,17.2544331551,0
244,3.048183918,17.2591750622,0
245,3.06048607826,17.2840452194,0
246,3.07273101807,17.2896521091,2
247,3.0850789547,17.3026950359,2
248,3.09742212296,17.3120141029,2
249,3.10995197296,17.3206779957,2
250,3.122631073,17.3351349831,2
251,3.13596510887,17.3469381332,2
252,3.14843797684,17.4226341248,2
253,3.16101002693,17.4345831871,2
254,3.17349410057,17.4382820129,2
255,3.18662500381,17.4424700737,2
256,3.19907593727,17.443955183,2
257,3.21157598495,17.4541220665,2
258,3.22415399551,17.460725069,2
259,3.23690009117,17.4648470879,2
260,3.24919104576,17.4685690403,2
261,3.26169705391,17.4786469936,2
262,3.27436113358,17.4879820347,2
263,3.28723311424,17.4969000816,2
264,3.30008006096,17.5135011673,2
265,3.31282091141,17.5251181126,2
266,3.32528114319,17.537610054,2
267,3.33813309669,17.5477871895,2
268,3.35090708733,17.5713891983,2
269,3.36355614662,17.5833621025,2
270,3.37567806244,17.5868401527,2
271,3.38843011856,17.6075251102,2
272,3.40136098862,17.6116931438,2
273,3.41429305077,17.6279261112,2
274,3.42743611336,17.6363081932,2
275,3.43981003761,17.6647391319,2
276,3.4521920681,17.6817691326,0
277,3.46480298042,17.6936759949,0
278,3.47733712196,17.7095170021,0
279,3.4899520874,17.7145781517,0
280,3.50231099129,17.7334671021,0
281,3.51461410522,17.735158205,0
282,3.52702212334,17.7467160225,0
283,3.53913211823,17.7486071587,0
284,3.55133700371,17.7675101757,0
285,3.5637960434,17.7781801224,0
286,3.57640600204,17.7927281857,0
287,3.58866214752,17.8044061661,0
288,3.6008810997,17.8111209869,0
289,3.61325311661,17.8351540565,0
290,3.62576913834,17.8414959908,0
291,3.63888406754,17.8477962017,0
292,3.65172195435,17.8631370068,0
293,3.66411995888,17.8763961792,0
294,3.67621994019,17.9147090912,0
295,3.68873906136,17.91735816,0
296,3.70135712624,17.9309751987,0
297,3.71390199661,17.9317350388,0
298,3.72642803192,17.9468910694,2
299,3.73880910873,17.9685361385,2
300,3.75170993805,17.9696760178,2
301,3.76436305046,17.9863710403,2
302,3.77711009979,17.9972012043,2
303,3.79031801224,18.0073370934,2
304,3.80308198929,18.0150530338,2
305,3.81536912918,18.0287070274,2
306,3.82753992081,18.0368931293,2
307,3.84083294868,18.0697700977,2
308,3.85429096222,18.0848660469,2
309,3.87449598312,18.0857720375,2
310,3.8943400383,18.1051580906,2
311,3.90761494637,18.1167070866,2
312,3.91961097717,18.1306960583,2
313,3.93116402626,18.1463670731,2
314,3.94271302223,18.1553452015,2
315,3.95486807823,18.1716611385,2
316,3.96867513657,18.2006020546,2
317,3.98190808296,18.2021691799,2
318,3.99485707283,18.2156000137,2
319,4.00732803345,18.2164640427,2
320,4.01936602592,18.2284200191,2
321,4.03187298775,18.2465960979,2
322,4.0443611145,18.2623181343,2
323,4.05678009987,18.2686691284,2
324,4.06932091713,18.279045105,0
325,4.08169198036,18.2978181839,0
326,4.09470796585,18.3044710159,0
327,4.10710597038,18.315529108,0
328,4.11945700645,18.3393931389,0
329,4.13163709641,18.3423631191,0
330,4.1440911293,18.3650200367,0
331,4.15647602081,18.3682990074,0
332,4.16899394989,18.3802061081,0
333,4.18180608749,18.3951530457,0
334,4.19482707977,18.4056780338,0
335,4.2068901062,18.4171690941,0
336,4.21965813637,18.4389300346,0
337,4.2320690155,18.4522540569,0
338,4.24459910393,18.485514164,0
339,4.25709891319,18.4860730171,0
340,4.27046012878,18.4912390709,0
341,4.28297305107,18.4996860027,0
342,4.29522013664,18.5267591476,0
343,4.3072810173,18.5291781425,0
344,4.31977295876,18.5346240997,0
345,4.33229613304,18.5693051815,0
346,4.34591913223,18.5718522072,0
347,4.35872912407,18.593886137,0
348,4.37108111382,18.5979001522,0
349,4.3841650486,18.5992791653,0
350,4.39672207832,18.6052281857,0
351,4.40910005569,18.6284639835,2
352,4.42224907875,18.6318421364,2
353,4.43482613564,18.6471340656,2
354,4.4471719265,18.6604530811,2
355,4.45976901054,18.6784780025,2
356,4.47259306908,18.7007951736,2
357,4.48624491692,18.7044081688,2
358,4.49939799309,18.7139570713,2
359,4.51225614548,18.7357811928,2
360,4.52495408058,18.7365980148,2
361,4.53780412674,18.7810091972,2
362,4.55057406425,18.7859351635,2
363,4.56317901611,18.795358181,2
364,4.57562398911,18.7978770733,2
365,4.58799314499,18.8052031994,2
366,4.60045194626,18.8196899891,2
367,4.61290597916,18.8234510422,2
368,4.62549591064,18.8355350494,2
369,4.6383099556,18.8509562016,2
370,4.65100097656,18.867166996,2
371,4.66369605064,18.8781211376,2
372,4.67598795891,18.897944212,2
373,4.68840813637,18.9143311977,2
374,4.70093512535,18.9195070267,2
375,4.71370697021,18.9554111958,2
376,4.72685694695,18.9612240791,2
377,4.73957490921,18.9665629864,0
378,4.75183796883,18.9754450321,0
379,4.7641711235,18.9909570217,0
380,4.77695202827,18.9916160107,0
381,4.78996992111,19.0022571087,0
382,4.80311608315,19.1277630329,0
383,4.81575512886,19.12870121,0
384,4.82804608345,19.1294560432,0
385,4.84038710594,19.1378731728,0
386,4.85269498825,19.1391069889,0
387,4.86492800713,19.1558980942,0
388,4.87801003456,19.1566090584,0
389,4.89077091217,19.1616179943,0
390,4.90388011932,19.1625080109,0
391,4.91657805443,19.1723401546,0
392,4.92885494232,19.1858801842,0
393,4.94163203239,19.1952102184,0
394,4.95509791374,19.2009730339,0
395,4.96769309044,19.2073450089,0
396,4.98023104668,19.2084782124,0
397,4.99296998978,19.228303194,2
398,5.00579094887,19.2290511131,2
399,5.01821398735,19.2403120995,2
400,5.03096008301,19.2445120811,2
401,5.0432369709,19.28008008,2
402,5.05592799187,19.2872509956,2
403,5.06826806068,19.2876441479,2
404,5.08105897903,19.2960541248,2
405,5.09380698204,19.3055779934,2
406,5.10663104057,19.3198771477,2
407,5.11911392212,19.3330421448,2
408,5.13193702698,19.3488152027,2
409,5.14465498924,19.3620381355,2
410,5.15733003616,19.3693070412,2
411,5.16974496841,19.3914520741,2
412,5.18232607841,19.397840023,2
413,5.1947081089,19.4857501984,2
414,5.20703697205,19.4862201214,2
415,5.21919894218,19.486615181,2
416,5.2314119339,19.4884061813,2
417,5.24418997765,19.4957931042,2
418,5.25682997704,19.5021240711,2
419,5.26913404465,19.5051341057,2
420,5.28145194054,19.5055651665,2
421,5.2940659523,19.5190219879,2
422,5.30671095848,19.528575182,2
423,5.31943511963,19.5372750759,2
424,5.33258414268,19.5523221493,0
425,5.34530711174,19.5645980835,0
426,5.3574590683,19.580324173,0
427,5.36995792389,19.581154108,0
428,5.38271713257,19.609208107,0
429,5.39544296265,19.6130959988,0
430,5.40793800354,19.6243600845,0
431,5.42025113106,19.6388680935,0
432,5.4326441288,19.6659080982,0
433,5.44491004944,19.669093132,0
434,5.45743203163,19.6735711098,0
435,5.47035098076,19.6838002205,0
436,5.48281908035,19.6949181557,0
437,5.495262146,19.7105460167,0
438,5.50727391243,19.7167170048,0
439,5.51954698563,19.7494812012,0
440,5.53187799454,19.756909132,0
441,5.54450011253,19.7705709934,0
442,5.55704903603,19.7751932144,0
443,5.56974697113,19.7866101265,0
444,5.58250403404,19.7969970703,0
445,5.59541106224,19.8066170216,0
446,5.60757303238,19.8346412182,0
447,5.62019300461,19.8378050327,0
448,5.63310909271,19.8485250473,0
449,5.64589595795,19.863972187,0
450,5.65835309029,19.8742091656,0
451,5.67064809799,19.9016501904,0
452,5.68226313591,19.9176859856,0
453,5.69447398186,19.9295580387,2
454,5.7071890831,19.9400219917,2
455,5.71964907646,19.9560801983,2
456,5.73205804825,19.9569370747,2
457,5.74461698532,19.9585680962,2
458,5.7571721077,19.9760100842,2
459,5.77032804489,19.986303091,2
460,5.78353309631,19.9960570335,2
461,5.79610514641,20.0101652145,2
462,5.80836391449,20.0189471245,2
463,5.82066106796,20.0354959965,2
464,5.83343291283,20.0454471111,2
465,5.84638214111,20.0747151375,2
466,5.85879898071,20.0896542072,2
467,5.87191009521,20.0904061794,2
468,5.8847091198,20.0981771946,2
469,5.89755702019,20.1122951508,2
470,5.90984201431,20.1445820332,2
471,5.92235803604,20.1568720341,2
472,5.93495392799,20.1677241325,2
473,5.94751596451,20.1806931496,0
474,5.96025705338,20.1841971874,0
475,5.97291994095,20.1924161911,0
476,5.98547911644,20.2018461227,0
477,5.99794697762,20.2179272175,0
478,6.01062011719,20.2549321651,0
479,6.02357196808,20.2607471943,0
480,6.03597998619,20.264133215,0
481,6.04841804504,20.2646801472,0
482,6.06068992615,20.2718861103,0
483,6.07321691513,20.2872760296,0
484,6.08585000038,20.2985451221,0
485,6.09808897972,20.3121271133,0
486,6.11050105095,20.3346371651,0
487,6.12298202515,20.3425981998,0
488,6.13572096825,20.3523201942,0
489,6.14841294289,20.3605401516,0
490,6.16130399704,20.3750860691,0
491,6.17405104637,20.4089620113,0
492,6.18644809723,20.4167811871,0
493,6.19892001152,20.4215772152,0
494,6.21136403084,20.4321341515,0
495,6.22346401215,20.4404881001,0
496,6.23602795601,20.4488651752,0
497,6.24865102768,20.48123312,0
498,6.2613799572,20.5057020187,0
499,6.2738199234,20.5247440338,2
500,6.28666400909,20.5308001041,2
501,6.29882311821,20.5354690552,2
502,6.31122207642,20.5445270538,2
503,6.32333111763,20.5496749878,2
504,6.33558297157,20.5561101437,2
505,6.34792304039,20.5757081509,2
506,6.36016511917,20.5772371292,2
507,6.37246513367,20.6028862,2
508,6.38499593735,20.6083111763,2
509,6.39723491669,20.616328001,2
510,6.40989494324,20.6522841454,2
511,6.42231297493,20.672257185,2
512,6.43495607376,20.6726419926,2
513,6.44735598564,20.67339921,2
514,6.45955300331,20.6738221645,2
515,6.47171592712,20.7046661377,2
516,6.48439002037,20.7073791027,2
517,6.49741697311,20.711299181,2
518,6.51043605804,20.7248911858,2
519,6.52303004265,20.7347772121,2
520,6.53578805923,20.76329422,2
521,6.54853701591,20.766628027,2
522,6.56111693382,20.779897213,2
523,6.57417201996,20.8094592094,2
524,6.58803296089,20.8137950897,2
525,6.60041999817,20.8292691708,0
526,6.61345505714,20.8407161236,0
527,6.62639808655,20.8459100723,0
528,6.63899898529,20.8552420139,0
529,6.65130496025,20.8638300896,0
530,6.66349005699,20.876142025,0
531,6.67614102364,20.8899102211,0
532,6.68899393082,20.9144551754,0
533,6.70199203491,20.9211912155,0
534,6.71474099159,20.9281949997,0
535,6.72724699974,20.9569280148,0
536,6.73940992355,20.9577481747,0
537,6.75184702873,20.9679670334,0
538,6.76474308968,20.974366188,0
539,6.77727103233,21.0073230267,0
540,6.78979110718,21.0195159912,0
541,6.80210804939,21.0203371048,0
542,6.81520700455,21.0340361595,0
543,6.82752895355,21.0442061424,0
544,6.83994913101,21.0502099991,0
545,6.85233092308,21.0667881966,0
546,6.86516499519,21.0813519955,0
547,6.87736797333,21.1095020771,0
548,6.88994312286,21.1102800369,0
549,6.90289497375,21.1220040321,0
550,6.91564798355,21.1332030296,0
551,6.92794203758,21.1457931995,2
552,6.94028902054,21.1529541016,2
553,6.95250511169,21.1821410656,2
554,6.96503806114,21.1829371452,2
555,6.97741007805,21.1898670197,2
556,6.98994612694,21.2016301155,2
557,7.0026140213,21.2178180218,2
558,7.01515507698,21.232063055,2
559,7.02750301361,21.240855217,2
560,7.04034495354,21.3167700768,2
561,7.05314803123,21.3178811073,2
562,7.06566500664,21.3183140755,2
563,7.07782912254,21.4333600998,2
564,7.09030413628,21.435614109,2
565,7.10275602341,21.4364511967,2
566,7.11500811577,21.4581780434,2
567,7.12729310989,21.4595410824,2
568,7.13962292671,21.4606971741,2
569,7.15176296234,21.4619750977,2
570,7.1642999649,21.4716770649,2
571,7.1767449379,21.4726350307,2
572,7.18912291527,21.4842450619,2
573,7.20171809196,21.4847991467,2
574,7.21495103836,21.4855260849,2
575,7.22804808617,21.4861850739,2
576,7.24063396454,21.4866650105,2
577,7.25309491158,21.4871211052,2
578,7.26609492302,21.5004470348,0
579,7.27951598167,21.5320210457,0
580,7.29224801064,21.5339481831,0
581,7.30434298515,21.5382452011,0
582,7.31681394577,21.5391571522,0
583,7.33001804352,21.5673720837,0
584,7.34292411804,21.5684070587,0
585,7.35546708107,21.5852479935,0
586,7.36841607094,21.5860910416,0
587,7.38063192368,21.5882630348,0
588,7.39324092865,21.6200361252,0
589,7.40626192093,21.620909214,0
590,7.41886496544,21.6380062103,0
591,7.43130397797,21.6468710899,0
592,7.44426703453,21.6741731167,0
593,7.45660305023,21.6750102043,0
594,7.46882104874,21.6887350082,0
595,7.48121595383,21.6984870434,0
596,7.49345803261,21.7069740295,0
597,7.50565314293,21.718888998,0
598,7.51835608482,21.7500710487,0
599,7.53089213371,21.7876951694,0
600,7.54340910912,21.7884740829,0
601,7.55610203743,21.797137022,0
602,7.56850194931,21.7996580601,0
603,7.58061099052,21.8006122112,0
604,7.59341192245,21.8100631237,3
605,7.6061270237,21.8148570061,3
606,7.61875200272,21.8437530994,3
607,7.63131999969,21.8477711678,3
608,7.64436793327,21.880600214,3
609,7.65672397614,21.8902311325,3
610,7.66906809807,21.8973600864,3
611,7.68150901794,21.8977460861,3
612,7.69419813156,21.9264440536,3
613,7.70665502548,21.9271950722,3
614,7.71890902519,21.9366471767,3
615,7.73154807091,21.9625580311,3
616,7.74476504326,21.9633572102,3
617,7.75763201714,21.9709022045,3
618,7.77039909363,21.9824140072,3
619,7.78295612335,21.9969689846,3
620,7.79532504082,22.0791320801,3
621,7.8077249527,22.0863671303,3
622,7.82010197639,22.0920140743,3
623,7.83236312866,22.0933651924,3
624,7.84538412094,22.0950081348,3
625,7.85838603973,22.1060841084,3
626,7.87102508545,22.1064691544,3
627,7.88364911079,22.1079862118,3
628,7.8967320919,22.1227781773,3
629,7.90929794312,22.1297500134,3
630,7.9220020771,22.1375591755,3
631,7.93512392044,22.1441090107,3
632,7.94770812988,22.1798501015,1
633,7.96067714691,22.1831622124,1
634,7.97425913811,22.183576107,1
635,7.98687291145,22.214520216,1
636,7.99900913239,22.2174901962,1
637,8.0114569664,22.222700119,1
638,8.02358198166,22.4198729992,1
639,8.03601098061,22.4209370613,1
640,8.04891705513,22.4320101738,1
641,8.06139707565,22.435778141,1
642,8.07369613647,22.4365661144,1
643,8.08624100685,22.4390301704,1
644,8.09925508499,22.4575932026,1
648,8.15053796768,22.4581670761,1
649,8.16319894791,22.4585881233,1
646,8.12451505661,22.4623332024,1
647,8.13739109039,22.4635372162,1
650,8.1755759716,22.4701139927,1
651,8.18862509727,22.4706799984,1
652,8.20182609558,22.4872951508,1
653,8.21407413483,22.4884672165,1
654,8.22637295723,22.4908912182,1
655,8.23914003372,22.4921050072,1
656,8.252202034,22.5695650578,1
657,8.26530003548,22.5708432198,1
658,8.27863001823,22.5719561577,1
659,8.29061198235,22.5730581284,1
660,8.30282402039,22.6190171242,2
661,8.31509208679,22.6218681335,2
662,8.32766413689,22.626994133,2
663,8.34027695656,22.6356480122,2
664,8.35374999046,22.6477980614,2
665,8.36638092995,22.6486999989,2
666,8.37917494774,22.6494531631,2
667,8.39207601547,22.6525290012,2
668,8.40485095978,22.6575641632,2
669,8.41788101196,22.6650371552,2
670,8.43088102341,22.6687951088,2
671,8.44345998764,22.68881917,2
672,8.45592212677,22.6953480244,2
673,8.46847510338,22.7004380226,2
674,8.48157095909,22.7254641056,2
675,8.49425697327,22.7262451649,2
676,8.50707602501,22.7266530991,2
677,8.51956391335,22.75862813,2
678,8.53170800209,22.7626011372,2
679,8.54409003258,22.7710521221,2
680,8.55661797523,22.774695158,2
681,8.56915807724,22.7795820236,2
682,8.58186292648,22.7921462059,2
683,8.5947329998,22.8026120663,0
684,8.60721707344,22.8298881054,0
685,8.6198580265,22.8420100212,0
686,8.63225197792,22.8481161594,0
687,8.64470505714,22.8569869995,0
688,8.65756511688,22.8668761253,0
689,8.67026591301,22.8852641582,0
690,8.68340492249,22.897329092,0
691,8.69590806961,22.9169490337,0
692,8.70867705345,22.9245181084,0
693,8.72149991989,22.958081007,0
694,8.7344660759,22.9639191628,0
695,8.7472679615,22.977129221,0
696,8.75945401192,22.9785339832,0
697,8.77191495895,22.9900782108,0
698,8.78477811813,23.0167272091,0
699,8.79747796059,23.0268630981,0
700,8.81034898758,23.0272891521,0
701,8.82341313362,23.0926680565,0
702,8.83608603477,23.0984480381,0
703,8.84850311279,23.1022400856,0
704,8.86094212532,23.1115581989,0
705,8.87348604202,23.1181042194,0
706,8.88639092445,23.1257891655,0
707,8.89884591103,23.1263141632,0
708,8.91127800941,23.1267089844,0
709,8.92357206345,23.1393780708,0
710,8.93628907204,23.1574761868,2
711,8.94848108292,23.1585991383,2
712,8.96158194542,23.1969871521,2
713,8.97442412376,23.1979551315,2
714,8.98698496819,23.2028980255,2
715,8.99939107895,23.2357580662,2
716,9.01161003113,23.2402582169,2
717,9.02388596535,23.2407171726,2
718,9.03673195839,23.2628540993,2
719,9.04898500443,23.2632470131,2
720,9.06140995026,23.272903204,2
721,9.07428002357,23.2861771584,2
722,9.08739113808,23.3109230995,2
723,9.10028100014,23.3336961269,2
724,9.11333012581,23.3360190392,2
725,9.12567806244,23.3401391506,2
726,9.13851499557,23.3484191895,2
727,9.15153408051,23.3660151958,2
728,9.16448712349,23.3786251545,2
729,9.17739009857,23.3923661709,2
730,9.19033503532,23.4017941952,2
731,9.2029299736,23.423774004,2
732,9.21526098251,23.4324631691,2
733,9.22742605209,23.4577231407,2
734,9.2399520874,23.4609332085,2
735,9.2522919178,23.4689791203,2
736,9.2653400898,23.4804050922,2
737,9.27810311317,23.4978301525,2
738,9.29046201706,23.4991590977,2
739,9.30269098282,23.5176811218,2
740,9.31508612633,23.592094183,0
741,9.32740306854,23.6000170708,0
742,9.34010004997,23.6033451557,0
743,9.35349297523,23.6133141518,0
744,9.36548709869,23.752505064,0
745,9.37785100937,23.7558310032,0
746,9.39092707634,23.758491993,0
747,9.40363502502,23.7693991661,0
748,9.41663408279,23.7781071663,0
749,9.42930603027,23.7827680111,0
750,9.44199109077,23.7900881767,0
752,9.46715402603,23.7922980785,0
753,9.47976708412,23.8027331829,0
754,9.49277210236,23.8038730621,0
755,9.50576305389,23.806800127,0
756,9.51847410202,23.8073630333,0
757,9.53110408783,23.8107039928,0
758,9.54348301888,23.8180191517,0
759,9.55621600151,23.8333292007,0
751,9.45466303825,23.8361032009,0
760,9.56924009323,23.8386991024,0
761,9.5822789669,23.8456711769,0
762,9.5949139595,23.8579580784,3
763,9.60726809502,23.8604371548,3
764,9.61949706078,23.9192550182,3
765,9.631731987,23.9286592007,3
766,9.64482092857,23.9430360794,3
767,9.6581120491,23.9456651211,3
768,9.67087292671,23.9488790035,3
769,9.68385791779,23.9675400257,3
770,9.69678092003,23.9710071087,3
771,9.70933699608,23.9918351173,3
772,9.7222571373,23.9928901196,3
773,9.73510408401,24.0025410652,3
774,9.74770092964,24.0033261776,3
775,9.76011610031,24.0044631958,3
776,9.77225208282,24.0166921616,3
777,9.78456997871,24.0176041126,3
778,9.79718399048,24.0190501213,3
779,9.8096370697,24.0404691696,3
780,9.82263898849,24.0408821106,3
781,9.83524513245,24.0600850582,3
782,9.84767603874,24.0734100342,3
783,9.86003613472,24.0793161392,3
784,9.87270092964,24.0833330154,3
785,9.88502907753,24.1050372124,3
786,9.89742803574,24.1160871983,3
787,9.90975904465,24.1202511787,3
788,9.92193007469,24.1447911263,1
789,9.93421292305,24.1579740047,1
790,9.9469139576,24.1630840302,1
791,9.96092104912,24.2288951874,1
792,9.97317409515,24.2296850681,1
793,9.98788309097,24.2322871685,1
794,10.0004749298,24.2432432175,1
795,10.013420105,24.244284153,1
796,10.0259211063,24.2468490601,1
797,10.0385599136,24.2740421295,1
798,10.0511510372,24.2816550732,1
799,10.0630350113,24.3075389862,1
800,10.0758399963,24.308506012,1
801,10.0954360962,24.3119540215,1
802,10.1082520485,24.3189589977,1
803,10.1231219769,24.3338720798,1
804,10.1356580257,24.3448650837,1
805,10.1473751068,24.3663711548,1
806,10.1599919796,24.3774151802,1
807,10.1733160019,24.3939671516,1
808,10.1861710548,24.4018421173,1
809,10.1989350319,24.4170241356,1
810,10.2166249752,24.4345741272,3
811,10.2293949127,24.4384171963,3
812,10.2423529625,24.474148035,3
813,10.2548041344,24.4745621681,3
814,10.2674250603,24.5110001564,3
815,10.2806890011,24.5114061832,3
816,10.2950201035,24.5117850304,3
817,10.3071739674,24.5184550285,3
818,10.3196671009,24.5476851463,3
819,10.3317000866,24.54885602,3
820,10.3445789814,24.6841740608,3
821,10.3567631245,24.6965460777,3
822,10.3695259094,24.7078251839,3
823,10.3815529346,24.7088751793,3
824,10.3938291073,24.7117230892,3
825,10.4058060646,24.7150909901,3
826,10.4219141006,24.7226071358,3
827,10.4341819286,24.7232980728,3
828,10.4469850063,24.7239940166,3
829,10.4592130184,24.8960661888,3
830,10.4713389874,24.9053161144,3
831,10.4838240147,24.9066181183,3
832,10.4970419407,24.9127202034,3
833,10.5143680573,24.9278690815,3
834,10.5303311348,24.9292290211,3
835,10.5516049862,24.9351511002,3
836,10.5660181046,24.9490571022,1
837,10.5858700275,24.9529511929,1
838,10.5987799168,24.957624197,1
839,10.6539869308,24.9758250713,1
840,10.6660220623,24.9769082069,1
841,10.6919541359,24.9773051739,1
842,10.7080519199,24.9779660702,1
843,10.7216300964,24.9995319843,1
844,10.7379279137,25.0066950321,1
845,10.7565319538,25.078042984,1
846,10.7685639858,25.0815820694,1
847,10.7932600975,25.0882341862,1
848,10.8060460091,25.0894861221,1
849,10.8317029476,25.0928120613,1
850,10.8709669113,25.1438100338,1
851,10.8875470161,25.1455450058,1
852,10.9034919739,25.1490001678,1
853,10.915197134,25.1580061913,1
854,10.9275970459,25.1705729961,1
855,10.9478039742,25.1811861992,1
856,10.9678881168,25.1963009834,1
857,10.9809660912,25.1968741417,1
858,10.996776104,25.2090091705,1
859,11.0242619514,25.2357211113,1
860,11.0357439518,25.2669661045,1
861,11.0627131462,25.2841060162,1
862,11.0778889656,25.3394210339,1
863,11.0999600887,25.3444590569,3
864,11.1176109314,25.3658921719,3
865,11.1347401142,25.3670971394,3
866,11.1480610371,25.3743121624,3
867,11.176623106,25.4005351067,3
868,11.1884441376,25.4016091824,3
869,11.2143931389,25.4382481575,3
870,11.232984066,25.4442980289,3
871,11.2558591366,25.4682490826,3
872,11.2717649937,25.5016200542,3
873,11.2915539742,25.5026211739,3
874,11.3075919151,25.5209860802,3
875,11.3280129433,25.537345171,3
876,11.3671309948,25.5842630863,3
877,11.3816919327,25.5997071266,3
878,11.4029519558,25.618183136,3
879,11.4255049229,25.6345040798,3
880,11.4450139999,25.656165123,3
881,11.4594209194,25.6736381054,3
882,11.4713630676,25.6806681156,3
883,11.4840970039,25.7092950344,3
884,11.498486042,25.7189900875,3
885,11.523086071,25.7317252159,3
886,11.534733057,25.7746109962,3
887,11.5594460964,25.7750060558,3
888,11.5718259811,25.8108720779,3
889,11.58902812,25.8113172054,3
890,11.602314949,25.8177640438,3
891,11.6211299896,25.8692560196,1
892,11.6385359764,25.8786370754,1
893,11.6505711079,25.8804290295,1
894,11.6626241207,25.8856930733,1
895,11.6744339466,25.8914530277,1
896,11.6860721111,25.9001200199,1
897,11.6986949444,25.9190301895,1
898,11.7105920315,25.9286530018,1
899,11.7262709141,25.9477241039,1
900,11.7391419411,25.9985380173,1
901,11.7981591225,26.0064160824,1
902,11.8096859455,26.0207850933,1
903,11.8231761456,26.0371370316,1
904,11.8371710777,26.0621581078,1
905,11.8542070389,26.0743660927,1
906,11.8724520206,26.1084930897,1
907,11.8842720985,26.1124501228,1
908,11.9056990147,26.1379201412,1
909,11.9188420773,26.1386930943,1
910,11.9420480728,26.1568090916,1
911,11.9556801319,26.1692621708,1
912,11.977989912,26.2114880085,1
913,11.9951980114,26.2172720432,1
914,12.0081939697,26.2211050987,1
915,12.0340330601,26.2516701221,3
916,12.070100069,26.2907280922,3
917,12.1080179214,26.3230800629,3
918,12.1202099323,26.3583521843,3
919,12.1362709999,26.3692920208,3
920,12.1493909359,26.3844070435,3
921,12.1655349731,26.3848891258,3
922,12.1821460724,26.3920140266,3
923,12.2025001049,26.4242641926,3
924,12.2209501266,26.5379970074,3
925,12.3389201164,26.5687670708,3
926,12.3646199703,26.5838701725,3
927,12.3775279522,26.6066989899,3
928,12.3968169689,26.6091701984,3
929,12.4145851135,26.6465899944,3
930,12.4267280102,26.6493542194,3
931,12.4394490719,26.6716470718,3
932,12.4545929432,26.6728382111,3
933,12.4774880409,26.6888082027,3
934,12.4914901257,26.7076411247,3
935,12.5064730644,26.754914999,3
936,12.5193679333,26.7593641281,3
937,12.5312759876,26.7664980888,3
938,12.5468111038,26.7788422108,3
939,12.5598530769,26.7843461037,3
940,12.5736651421,26.790402174,3
941,12.5886559486,26.9298141003,3
942,12.7130119801,26.9415860176,1
943,12.7291989326,26.9456210136,1
944,12.7491879463,26.9613649845,1
945,12.7690160275,26.9901959896,1
946,12.7826371193,26.9910130501,1
947,12.7953879833,27.0077550411,1
948,12.8094420433,27.0202200413,1
949,12.8215370178,27.031124115,1
950,12.8352439404,27.0474171638,1
951,12.8556900024,27.0730991364,1
952,12.8690719604,27.0843260288,1
953,12.8809390068,27.102006197,1
954,12.8976159096,27.1097261906,1
955,12.9114279747,27.1438360214,1
956,12.932295084,27.1475610733,1
957,12.9485020638,27.1822280884,1
958,12.9812469482,27.19156003,1
959,13.0009899139,27.2138900757,1
960,13.0165119171,27.258934021,1
961,13.0286171436,27.2597341537,1
962,13.042235136,27.2813961506,1
963,13.0544080734,27.2841911316,1
964,13.0718860626,27.2901511192,1
965,13.0919470787,27.3072969913,1
966,13.1072621346,27.3167591095,1
967,13.119063139,27.3275899887,1
968,13.1374459267,27.3459911346,1
969,13.1506290436,27.3739290237,1
970,13.1716411114,27.3821091652,1
971,13.1869421005,27.3965461254,3
972,13.1988270283,27.4184219837,3
973,13.2166149616,27.4252140522,3
974,13.2288229465,27.4400691986,3
975,13.2420020103,27.4493870735,3
976,13.2560179234,27.4712560177,3
977,13.2717649937,27.5014791489,3
978,13.2837450504,27.5040071011,3
979,13.295591116,27.5051970482,3
980,13.3079900742,27.5199420452,3
981,13.3207609653,27.533408165,3
982,13.3393380642,27.5637080669,3
983,13.3551409245,27.5691990852,3
984,13.3688421249,27.5817542076,3
985,13.3861680031,27.6036012173,3
986,13.3994829655,27.6118440628,3
987,13.4162509441,27.6456391811,3
988,13.4541549683,27.6897699833,3
989,13.4723730087,27.6923689842,3
990,13.4857330322,27.7020800114,3
991,13.4975390434,27.7165691853,3
992,13.5174069405,27.7400021553,3
993,13.5387859344,27.7649621964,3
994,13.5589721203,27.7698450089,3
995,13.5788631439,27.7906780243,3
996,13.5944371223,27.8198051453,3
997,13.6079699993,27.8232262135,3
998,13.6220219135,27.8330271244,3
999,13.6350159645,27.8498849869,1
1000,13.6486420631,27.8982141018,1
1001,13.6669900417,27.9059920311,1
1002,13.703207016,27.9336621761,1
1003,13.7154340744,27.9352610111,1
1004,13.7275750637,27.9664280415,1
1005,13.7487001419,27.9673490524,1
1006,13.7696080208,27.9992041588,1
1007,13.7891259193,28.0002951622,1
1008,13.8060629368,28.0179440975,1
1009,13.8187549114,28.0441231728,1
1010,13.8335421085,28.0560359955,1
1011,13.9019761086,28.1124691963,1
1012,13.9150481224,28.1442070007,1
1013,13.9276680946,28.15437603,1
1014,13.9400179386,28.1620740891,1
1015,13.9540219307,28.1679191589,1
1016,13.9673950672,28.1862721443,1
1017,13.9809069633,28.1913950443,1
1018,13.9927611351,28.2247560024,1
1019,14.0054531097,28.2256011963,1
1020,14.0193300247,28.2346811295,1
1021,14.038973093,28.2632381916,1
1022,14.0541801453,28.264013052,1
1023,14.0656881332,28.3003921509,1
1024,14.0788450241,28.3012120724,1
1025,14.0919840336,28.3418190479,2
1026,14.1063220501,28.3455810547,2
1027,14.1291930676,28.3548481464,2
1028,14.1406619549,28.3572201729,2
1029,14.1546349525,28.365470171,2
1030,14.1694579124,28.3973281384,2
1031,14.1809000969,28.4154920578,2
1032,14.1957929134,28.4171249866,2
1033,14.2080500126,28.45342803,2
1034,14.2255399227,28.4539401531,2
1035,14.2414090633,28.4752480984,2
1036,14.2627930641,28.4756791592,2
1037,14.2749860287,28.4896922112,2
1038,14.2895159721,28.5072791576,2
1039,14.3022060394,28.510833025,2
1040,14.3140919209,28.5325400829,2
1041,14.3261680603,28.5678350925,2
1042,14.3390009403,28.5687291622,2
1043,14.3507559299,28.5725460052,2
1044,14.3790049553,28.6084070206,2
1045,14.3918421268,28.6092371941,2
1046,14.4057719707,28.6210091114,2
1047,14.4199011326,28.646695137,2
1048,14.434525013,28.6475222111,2
1049,14.4492499828,28.6826841831,0
1050,14.4694149494,28.6920330524,0
1051,14.488918066,28.6986300945,0
1052,14.5092070103,28.729377985,0
1053,14.5227069855,28.7363860607,0
1054,14.5344080925,28.7582261562,0
1055,14.5463140011,28.7670600414,0
1056,14.5675621033,28.8040921688,0
1057,14.5797979832,28.8238902092,0
1058,14.5929720402,28.8253240585,0
1059,14.6055481434,28.8407781124,0
1060,14.6181440353,28.8464820385,0
1061,14.6297879219,28.8484621048,0
1062,14.643458128,28.8731000423,0
1063,14.657294035,28.8738172054,0
1064,14.6707220078,28.8801970482,0
1065,14.6860859394,28.9020991325,0
1066,14.7012379169,28.9170131683,0
1067,14.714990139,28.9257400036,0
1068,14.7293429375,28.9587161541,0
1069,14.7495889664,28.9657831192,0
1070,14.7786619663,28.9938271046,0
1071,14.7902560234,29.0014760494,0
1072,14.8177640438,29.0324070454,0
1073,14.8551669121,29.0792081356,0
1074,14.8733019829,29.0824840069,0
1075,14.889384985,29.1167230606,0
1076,14.9012129307,29.1171882153,0
1077,14.9165120125,29.1609630585,0
1078,14.9368031025,29.1724731922,2
1079,14.9522249699,29.1951010227,2
1080,14.9712200165,29.1989841461,2
1081,14.9862930775,29.2075531483,2
1082,14.9992921352,29.2115511894,2
1083,15.0169899464,29.2314221859,2
1084,15.0294950008,29.2431130409,2
1085,15.0411040783,29.265884161,2
1086,15.0680971146,29.3130791187,2
1087,15.0879011154,29.3138830662,2
1088,15.0997860432,29.3218131065,2
1089,15.1115911007,29.3324360847,2
1090,15.1238939762,29.3367910385,2
1091,15.1396801472,29.3526492119,2
1092,15.1575939655,29.4587340355,2
1093,15.1702349186,29.4614861012,2
1094,15.1902761459,29.46631217,2
1095,15.2135250568,29.472271204,2
1096,15.2474379539,29.4891731739,2
1097,15.2646090984,29.5014181137,2
1098,15.2831480503,29.5042250156,2
1099,15.3006010056,29.5221421719,2
1100,15.3182339668,29.5345551968,2
1101,15.3385491371,29.549916029,2
1102,15.357063055,29.6367301941,2
1103,15.4069130421,29.6373670101,2
1104,15.430257082,29.6462731361,2
1105,15.4424920082,29.6809370518,0
1106,15.4575579166,29.6873440742,0
1107,15.4701690674,29.6977109909,0
1108,15.4841039181,29.7006800175,0
1109,15.5002861023,29.712416172,0
1110,15.5150690079,29.7543439865,0
1111,15.5265939236,29.7576050758,0
1112,15.5400221348,29.7665491104,0
1113,15.5567839146,29.7782671452,0
1114,15.5698969364,29.7810761929,0
1115,15.5849850178,29.8008990288,0
1116,15.6006259918,29.8348162174,0
1117,15.6130399704,29.8352200985,0
1118,15.6259491444,29.8489019871,0
1119,15.6432299614,29.8568131924,0
1120,15.6577339172,29.8762071133,0
1121,15.673058033,29.8832330704,0
1122,15.6905491352,29.9233810902,0
1123,15.7068560123,29.9354071617,0
1124,15.720261097,29.9477419853,0
1125,15.7362971306,29.9611520767,0
1126,15.7500939369,29.9648311138,0
1127,15.7628440857,29.9728310108,0
1128,15.7768290043,29.9911410809,0
1129,15.791052103,30.0188210011,0
1130,15.8062210083,30.024682045,0
1131,15.8201630116,30.0331270695,0
1132,15.8331360817,30.0503501892,2
1133,15.8533070087,30.0625550747,2
1134,15.8734619617,30.0917601585,2
1135,15.8909630775,30.0994210243,2
1136,15.9036860466,30.1288130283,2
1137,15.9154889584,30.1326990128,2
1138,15.9303269386,30.1751720905,2
1139,15.9521179199,30.179361105,2
1140,15.9672880173,30.1854691505,2
1141,15.9797439575,30.1941871643,2
1142,15.9960770607,30.2150781155,2
1143,16.008507967,30.2230381966,2
1144,16.0300290585,30.3002820015,2
1145,16.0442769527,30.309566021,2
1146,16.0568699837,30.3109281063,2
1147,16.0687170029,30.3190710545,2
1148,16.0808410645,30.3203821182,2
1149,16.1006150246,30.3214809895,2
1150,16.1199641228,30.3402700424,2
1151,16.1385080814,30.3658361435,2
1152,16.1506991386,30.3763461113,2
1153,16.1632959843,30.3782529831,2
1154,16.1952180862,30.4153130054,2
1155,16.2069499493,30.4255139828,2
1156,16.2211420536,30.4309949875,2
1157,16.2330839634,30.4427101612,0
1158,16.2490460873,30.4722900391,0
1159,16.2695279121,30.4831840992,0
1160,16.2822890282,30.511038065,0
1161,16.2967479229,30.5222640038,0
1162,16.3110480309,30.5256090164,0
1163,16.32290411,30.5584290028,0
1164,16.339468956,30.564718008,0
1165,16.3605210781,30.5802681446,0
1166,16.3785879612,30.6408941746,0
1167,16.3904500008,30.6418790817,0
1168,16.4071450233,30.6431150436,0
1169,16.4368860722,30.6730279922,0
1170,16.4523141384,30.6798632145,0
1171,16.4709780216,30.6804230213,0
1172,16.4827899933,30.6945490837,0
1173,16.4944660664,30.7039830685,0
1174,16.5072510242,30.7234950066,0
1175,16.5191540718,30.7410030365,0
1176,16.5372869968,30.7495090961,0
1177,16.57457304,30.7825520039,0
1178,16.5900299549,30.8142921925,0
1179,16.6051990986,30.8255929947,0
1180,16.6282379627,30.8526010513,0
1181,16.6400251389,30.8657150269,0
1182,16.6659259796,30.884275198,0
1183,16.6882109642,30.8970711231,0
1184,16.7150261402,30.9301450253,2
1185,16.7311720848,30.9398910999,2
1186,16.7432711124,30.9684491158,2
1187,16.7584249973,30.9780180454,2
1188,16.7716391087,30.9825901985,2
1189,16.7859511375,31.0164010525,2
1190,16.807913065,31.0186212063,2
1191,16.8240380287,31.0575430393,2
1192,16.8367450237,31.0634419918,2
1193,16.8541071415,31.0662970543,2
1194,16.868612051,31.088340044,2
1195,16.8885059357,31.0980269909,2
1196,16.902215004,31.1326351166,2
1197,16.918847084,31.1364431381,2
1198,16.9332549572,31.1410450935,2
1199,16.9466021061,31.15904212,2
1200,16.9665429592,31.1770291328,2
1201,16.9797539711,31.1965661049,2
1202,17.0005679131,31.2324380875,2
1203,17.012583971,31.2333230972,2
1204,17.025411129,31.270401001,2
1205,17.0406711102,31.271212101,2
1206,17.058519125,31.2861571312,0
1207,17.075357914,31.2906360626,0
1208,17.0976819992,31.3196229935,0
1209,17.1095240116,31.3271231651,0
1210,17.1230330467,31.3587901592,0
1211,17.1358449459,31.383742094,0
1212,17.1508030891,31.3952841759,0
1213,17.1672339439,31.3962061405,0
1214,17.1810359955,31.4258921146,0
1215,17.1981360912,31.4596509933,0
1216,17.2126801014,31.4614331722,0
1217,17.2256879807,31.4638741016,0
1218,17.2505960464,31.4925501347,0
1219,17.2672080994,31.4929571152,0
1220,17.2854421139,31.5046970844,0
1221,17.2978410721,31.511013031,0
1222,17.3100550175,31.5187001228,0
1223,17.3245971203,31.5482301712,0
1224,17.3445789814,31.553232193,0
1225,17.3658459187,31.5772311687,0
1226,17.3773100376,31.6059441566,0
1227,17.3910310268,31.6067562103,0
1228,17.4040489197,31.6455051899,0
1229,17.423689127,31.6463110447,0
1230,17.4354310036,31.6472430229,0
1231,17.4474999905,31.6672301292,0
1232,17.4600379467,31.6737270355,0
1233,17.4744310379,31.7019720078,0
1234,17.489207983,31.7094500065,0
1235,17.5071139336,31.7366161346,0
1236,17.5274341106,31.7670249939,3
1237,17.5582549572,31.7800750732,3
1238,17.5751080513,31.7852501869,3
1239,17.5880320072,31.8029940128,3
1240,17.6023790836,31.8120350838,3
1241,17.6170599461,31.8363711834,3
1242,17.6320381165,31.8545930386,3
1243,17.6682181358,31.8865740299,3
1244,17.6836619377,31.9106171131,3
1245,17.7064480782,31.9222750664,3
1246,17.7266249657,31.9369831085,3
1247,17.7391090393,32.0111811161,3
1248,17.7517819405,32.0244309902,3
1249,17.764122963,32.025247097,3
1250,17.779104948,32.0264861584,3
1251,17.7904419899,32.0303041935,3
1252,17.8025789261,32.0312621593,3
1253,17.8208169937,32.0415651798,3
1254,17.8562030792,32.0753700733,3
1255,17.8683331013,32.0802412033,3
1256,17.8863711357,32.1134459972,3
1257,17.8981840611,32.1176559925,1
1258,17.92918396,32.1563661098,1
1259,17.9420909882,32.1577420235,1
1260,17.9671759605,32.1792821884,1
1261,17.979929924,32.1887431145,1
1262,17.9927790165,32.2053329945,1
1263,18.0090050697,32.2327849865,1
1264,18.025272131,32.2657661438,1
1265,18.0591580868,32.2750551701,1
1266,18.0892651081,32.3032410145,1
1267,18.1037969589,32.3157939911,1
1268,18.1193299294,32.341504097,1
1269,18.1314489841,32.3456652164,1
1270,18.1434619427,32.3585140705,1
1271,18.1633939743,32.3733310699,1
1272,18.1759450436,32.3824942112,1
1273,18.1916811466,32.4194071293,1
1274,18.2042291164,32.4205200672,1
1275,18.2160880566,32.4554531574,1
1276,18.2349741459,32.4562702179,1
1277,18.2563891411,32.4703290462,1
1278,18.2721400261,32.4835040569,1
1279,18.291877985,32.5010111332,1
1280,18.3135559559,32.5369420052,1
1281,18.3347561359,32.5554740429,1
1282,18.3601520061,32.5720231533,1
1283,18.3731191158,32.5815811157,1
1284,18.385256052,32.6126279831,1
1285,18.4010720253,32.6148941517,3
1286,18.4186351299,32.6345059872,3
1287,18.4314949512,32.6539900303,3
1288,18.4576621056,32.6886780262,3
1289,18.4695820808,32.6934552193,3
1290,18.4940540791,32.7059340477,3
1291,18.5083069801,32.728728056,3
1292,18.5238161087,32.7355241776,3
1293,18.5397031307,32.7647349834,3
1294,18.5531990528,32.7752110958,3
1295,18.5654859543,32.7763581276,3
1296,18.5769491196,32.8131160736,3
1297,18.5896790028,32.8136861324,3
1298,18.6065609455,32.8219900131,3
1299,18.6181249619,32.8285090923,3
1300,18.6300470829,32.8405900002,3
1301,18.6424291134,32.8599882126,3
1302,18.6547310352,32.8670551777,3
1303,18.6664750576,32.8841741085,3
1304,18.6780090332,32.8926720619,3
1305,18.6909480095,32.9228951931,3
1306,18.7051439285,32.9237530231,3
1307,18.7195520401,32.9554212093,3
1308,18.7317941189,32.960201025,3
1309,18.7480590343,32.9710161686,3
1310,18.7700309753,33.0017740726,3
1311,18.8065600395,33.0258100033,3
1312,18.8224301338,33.0412220955,1
1313,18.8362720013,33.0507609844,1
1314,18.8482761383,33.0856649876,1
1315,18.8605661392,33.0943582058,1
1316,18.8850960732,33.1080751419,1
1317,18.901695013,33.1247451305,1
1318,18.9229109287,33.13829422,1
1319,18.9408280849,33.1508162022,1
1320,18.9589879513,33.1914901733,1
1321,18.9807300568,33.1953780651,1
1322,18.9930820465,33.2019011974,1
1323,19.0194101334,33.2399141788,1
1324,19.03977108,33.2697501183,1
1325,19.0536420345,33.324696064,1
1326,19.0654740334,33.3265051842,1
1327,19.0789489746,33.327340126,1
1328,19.0922160149,33.3347840309,1
1329,19.1184930801,33.3380830288,1
1330,19.1354250908,33.3502960205,1
1331,19.1521799564,33.3660531044,1
1332,19.1642811298,33.3907132149,1
1333,19.1764910221,33.4014291763,1
1334,19.192317009,33.4285550117,1
1335,19.2113330364,33.439371109,1
1336,19.2267501354,33.467056036,1
1337,19.2572000027,33.4812281132,2
1338,19.2718100548,33.5105390549,2
1339,19.2838110924,33.5119791031,2
1340,19.2978649139,33.5213551521,2
1341,19.3096420765,33.5402491093,2
1342,19.3214490414,33.5418891907,2
1343,19.3398311138,33.5543181896,2
1344,19.351776123,33.5920820236,2
1345,19.375453949,33.5929141045,2
1346,19.3919079304,33.6200971603,2
1347,19.4091050625,33.6238350868,2
1348,19.4213039875,33.6355290413,2
1349,19.4327640533,33.6497731209,2
1350,19.4521160126,33.6618990898,2
1351,19.488173008,33.7109642029,2
1352,19.5253870487,33.7501180172,2
1353,19.544285059,33.7886991501,2
1354,19.5620760918,33.7895522118,2
1355,19.5768539906,33.8137080669,2
1356,19.5981509686,33.8232040405,2
1357,19.6109900475,33.8241071701,2
1358,19.6259491444,33.8357710838,2
1359,19.6385059357,33.8663020134,0
1360,19.6521570683,33.867442131,0
1361,19.6719031334,33.8908371925,0
1362,19.6907501221,33.9256901741,0
1363,19.7113339901,33.9751701355,0
1364,19.7271161079,33.979473114,0
1365,19.7428081036,33.9910230637,0
1366,19.7561149597,33.9994142056,0
1367,19.7680001259,34.0004181862,0
1368,19.788312912,34.0031011105,0
1369,19.8019990921,34.0099592209,0
1370,19.8278830051,34.051748991,0
1371,19.8436100483,34.056866169,0
1372,19.8579509258,34.0812261105,0
1373,19.8723900318,34.0832982063,0
1374,19.8925950527,34.1217391491,0
1375,19.9054291248,34.1253271103,0
1376,19.922606945,34.1361651421,0
1377,19.9438209534,34.1540122032,0
1378,19.9588811398,34.1744000912,0
1379,19.9824180603,34.1934711933,0
1380,19.9945750237,34.2710471153,0
1381,20.009606123,34.2724161148,0
1382,20.0226569176,34.2861909866,0
1383,20.038615942,34.2895832062,0
1384,20.0688419342,34.2950232029,0
1385,20.0803639889,34.2979650497,0
1386,20.0959839821,34.3057990074,0
1387,20.1115169525,34.324570179,0
1388,20.1262340546,34.3395102024,0
1389,20.1435329914,34.4047250748,3
1390,20.1670389175,34.4067521095,3
1391,20.1794230938,34.4124209881,3
1392,20.1932821274,34.4249141216,3
1393,20.2072701454,34.4265220165,3
1394,20.222028017,34.4372022152,3
1395,20.238255024,34.4485580921,3
1396,20.2512130737,34.4605021477,3
1397,20.2801721096,34.4893820286,3
1398,20.2922270298,34.5010750294,3
1399,20.3097259998,34.5295162201,3
1400,20.3255810738,34.5431439877,3
1401,20.3387699127,34.5550839901,3
1402,20.3611400127,34.576390028,3
1403,20.378205061,34.5992500782,3
1404,20.3933470249,34.6015450954,3
1405,20.4109120369,34.6366250515,3
1406,20.437030077,34.6575160027,3
1407,20.4532959461,34.6642119884,3
1408,20.4709501266,34.6876552105,3
1409,20.4887690544,34.7191331387,3
1410,20.5042669773,34.7374711037,3
1411,20.5167069435,34.7453620434,3
1412,20.534717083,34.7570559978,3
1413,20.5540261269,34.8059220314,3
1414,20.5714039803,34.8073701859,3
1415,20.5952000618,34.8149600029,3
1416,20.6104631424,34.8461081982,3
1417,20.62667799,34.856498003,1
1418,20.6390421391,34.8626191616,1
1419,20.6528849602,34.8651640415,1
1420,20.6701090336,34.8954341412,1
1421,20.6892180443,34.8979251385,1
1422,20.7092399597,34.9202589989,1
1423,20.7268970013,34.9459559917,1
1424,20.7394459248,34.9517710209,1
1425,20.768157959,34.989921093,1
1426,20.7823960781,35.0044231415,1
1427,20.8055839539,35.0227820873,1
1428,20.817086935,35.0287330151,1
1429,20.8416080475,35.0579471588,1
1430,20.8608179092,35.0729680061,1
1431,20.8753039837,35.0941631794,1
1432,20.8873770237,35.1011180878,1
1433,20.9039430618,35.1333870888,1
1434,20.9207820892,35.1342451572,1
1435,20.9339110851,35.1470720768,1
1436,20.9453971386,35.1563630104,1
1437,20.9601700306,35.1735050678,1
1438,20.9726200104,35.1827800274,1
1439,20.98904109,35.2168960571,1
1440,21.0035710335,35.2263569832,1
1441,21.0180721283,35.2359750271,1
1442,21.0304849148,35.244492054,2
1443,21.0435431004,35.2525720596,2
1444,21.0576760769,35.2655642033,2
1445,21.0715990067,35.2903740406,2
1446,21.0831010342,35.3035321236,2
1447,21.0956280231,35.327078104,2
1448,21.1102309227,35.3431711197,2
1449,21.1278610229,35.3560512066,2
1450,21.1402699947,35.3582470417,2
1451,21.1604521275,35.3783500195,2
1452,21.1804900169,35.4035620689,2
1453,21.2007079124,35.4158070087,2
1454,21.2141311169,35.4247500896,2
1455,21.2303750515,35.4456040859,2
1456,21.2438309193,35.4554080963,2
1457,21.2602000237,35.487445116,2
1458,21.2776670456,35.4961152077,2
1459,21.292673111,35.5014500618,2
1460,21.3110399246,35.5249230862,2
1461,21.3299500942,35.5701520443,2
1462,21.3419821262,35.6047201157,2
1463,21.3685319424,35.6070539951,2
1464,21.4081730843,35.6415660381,2
1465,21.4322140217,35.6458210945,2
1466,21.4437861443,35.655203104,2
1467,21.4605200291,35.6751961708,2
1468,21.478812933,35.6896440983,2
1469,21.4906680584,35.7150840759,0
1470,21.5031819344,35.7374391556,0
1471,21.5233790874,35.7427661419,0
1472,21.5621340275,35.7718420029,0
1473,21.5780320168,35.8081541061,0
1474,21.6093370914,35.8283910751,0
1475,21.6271960735,35.8358612061,0
1476,21.6434681416,35.8561761379,0
1477,21.661262989,35.8743531704,0
1478,21.6769981384,35.9093551636,0
1479,21.6896629333,35.9303610325,0
1480,21.7018201351,35.9617671967,0
1481,21.7624890804,36.0364341736,0
1482,21.7738780975,36.0419921875,0
1483,21.7971839905,36.0432181358,0
1484,21.8102741241,36.049421072,0
1485,21.8327720165,36.0608351231,0
1486,21.8454840183,36.0750331879,0
1487,21.8662960529,36.0968801975,0
1488,21.8791840076,36.1136310101,0
1489,21.8970861435,36.1140611172,0
1490,21.9092071056,36.1404681206,0
1491,21.9211099148,36.1409780979,0
1492,21.9335100651,36.1543750763,0
1493,21.9460251331,36.1547980309,0
1494,21.9620361328,36.198841095,0
1495,21.992027998,36.2072892189,0
1496,22.012387991,36.2342331409,0
1497,22.0268549919,36.2477591038,3
1498,22.0408570766,36.2719190121,3
1499,22.0695619583,36.2776260376,3
1500,22.0817220211,36.3140640259,3
1501,22.1090149879,36.3210940361,3
1502,22.14646101,36.3706250191,3
1503,22.1720240116,36.3901350498,3
1504,22.184169054,36.3936049938,3
1505,22.2021839619,36.4272270203,3
1506,22.2233259678,36.458878994,3
1507,22.2424089909,36.487650156,3
1508,22.2540140152,36.4947052002,3
1509,22.2805089951,36.505685091,3
1510,22.2924249172,36.5148551464,3
1511,22.3046729565,36.5578579903,3
1512,22.316188097,36.5659689903,3
1513,22.327696085,36.566819191,3
1514,22.3396930695,36.5845282078,3
1515,22.3573219776,36.5917041302,3
1516,22.3955700397,36.6192791462,3
1517,22.411962986,36.6212360859,3
1518,22.4331250191,36.6536881924,3
1519,22.4456460476,36.6625471115,3
1520,22.4688439369,36.6995971203,3
1521,22.4838240147,36.7032492161,1
1522,22.5092160702,36.7325160503,1
1523,22.5465729237,36.7791411877,1
1524,22.5581769943,36.7886581421,1
1525,22.5721580982,36.7923820019,1
1526,22.5848350525,36.8084580898,1
1527,22.5964720249,36.8166720867,1
1528,22.6087050438,36.8231041431,1
1529,22.6242089272,36.8375689983,1
1530,22.6359660625,36.8536682129,1
1531,22.6476330757,36.8583261967,1
1532,22.6651070118,36.8952770233,1
1533,22.6801540852,36.8966150284,1
1534,22.6932969093,36.9308772087,1
1535,22.7181580067,36.9344542027,1
1536,22.7336230278,36.9628281593,1
1537,22.7458751202,36.9649510384,1
1538,22.7577049732,36.9746890068,1
1539,22.7693150043,36.9942991734,1
1540,22.7891950607,37.0003612041,1
1541,22.8021020889,37.0321600437,1
1542,22.8154349327,37.0405311584,1
1543,22.8285701275,37.0447239876,1
1544,22.8433880806,37.0529201031,3
1545,22.8552050591,37.0658771992,3
1546,22.8732249737,37.0848331451,3
1547,22.8923449516,37.1090681553,3
1548,22.9114580154,37.1989080906,3
1549,23.0025520325,37.2129089832,3
1550,23.0397930145,37.2757291794,3
1551,23.0547559261,37.285131216,3
1552,23.0726349354,37.2926790714,3
1553,23.0905380249,37.3084030151,3
1554,23.1028709412,37.3416872025,3
1555,23.1143209934,37.347618103,3
1556,23.1259920597,37.3600950241,3
1557,23.1378939152,37.3729901314,3
1558,23.1599760056,37.3780870438,3
1559,23.1722519398,37.3903441429,3
1560,23.1947360039,37.4257512093,3
1561,23.2070770264,37.4290142059,3
1562,23.221626997,37.4344601631,3
1563,23.2373249531,37.4593901634,3
1564,23.2539000511,37.4680500031,1
1565,23.2678949833,37.4752850533,1
1566,23.284124136,37.4976131916,1
1567,23.2959189415,37.5042440891,1
1568,23.3207409382,37.539727211,1
1569,23.334002018,37.5488610268,1
1570,23.3469791412,37.5748450756,1
1571,23.3659319878,37.5913431644,1
1572,23.3853559494,37.5930461884,1
1573,23.3974571228,37.6108210087,1
1574,23.4092559814,37.6345751286,1
1575,23.4210700989,37.6365020275,1
1576,23.4435751438,37.6607680321,1
1577,23.4559381008,37.6705460548,1
1578,23.4900901318,37.7111589909,1
1579,23.5070130825,37.7218811512,1
1580,23.5211651325,37.7488100529,1
1581,23.5328369141,37.7496640682,1
1582,23.5546250343,37.7765800953,1
1583,23.5766649246,37.7932031155,1
1584,23.589607954,37.7993600368,1
1585,23.6014709473,37.841823101,1
1586,23.6229870319,37.9137251377,2
1587,23.6346650124,37.9141640663,2
1588,23.6470999718,37.9150052071,2
1589,23.6699240208,37.9162261486,2
1590,23.6827590466,37.9170510769,2
1591,23.708589077,37.9448881149,2
1592,23.725992918,37.945977211,2
1593,23.7396039963,37.9826600552,2
1594,23.753070116,37.9836812019,2
1595,23.7851359844,38.0102272034,2
1596,23.799407959,38.0112240314,2
1597,23.813794136,38.0456161499,2
1598,23.8267450333,38.0575640202,2
1599,23.8385000229,38.0914571285,2
1600,23.8617501259,38.0967431068,2
1601,23.8772621155,38.1039800644,2
1602,23.8995230198,38.113117218,2
1603,23.9127020836,38.1402192116,2
1604,23.9363930225,38.1609580517,2
1605,23.9481749535,38.1618070602,2
1606,23.9602930546,38.2001261711,2
1607,23.9721541405,38.214589119,0
1608,23.9846539497,38.2179470062,0
1609,23.9963810444,38.2199990749,0
1610,24.0108599663,38.2275180817,0
1611,24.0318119526,38.255562067,0
1612,24.0448219776,38.2577321529,0
1613,24.0582621098,38.283493042,0
1614,24.0728909969,38.2845950127,0
1615,24.0860929489,38.314453125,0
1616,24.1068840027,38.352836132,0
1617,24.1190979481,38.3537101746,0
1618,24.1324150562,38.3625152111,0
1619,24.145236969,38.3988721371,0
1620,24.1634020805,38.400837183,0
1621,24.1841449738,38.406430006,0
1622,24.1972079277,38.4430851936,0
1623,24.2244200706,38.4487211704,0
1624,24.2614169121,38.4840791225,0
1625,24.280203104,38.5084249973,0
1626,24.2943899632,38.524887085,0
1627,24.3136680126,38.6150760651,3
1628,24.3392760754,38.6220591068,3
1629,24.3540201187,38.6245820522,3
1630,24.3685951233,38.6251761913,3
1631,24.3804180622,38.6256201267,3
1632,24.392054081,38.6333880424,3
1633,24.4104590416,38.6339330673,3
1634,24.4228289127,38.6374521255,3
1635,24.4348530769,38.6494531631,3
1636,24.4562559128,38.7225830555,3
1637,24.4696609974,38.7322061062,3
1638,24.4843051434,38.7382030487,3
1639,24.4964880943,38.7424921989,3
1640,24.526291132,38.7492210865,3
1641,24.5585379601,38.7948381901,3
1642,24.5950949192,38.8346521854,3
1643,24.6885149479,38.8967151642,3
1644,24.7135579586,38.9406490326,3
1645,24.7484490871,38.9607419968,3
1646,24.7637119293,38.9812161922,3
1647,24.778249979,38.9958469868,3
1648,24.7950270176,39.0151371956,3
1649,24.812721014,39.1342041492,3
1650,24.9035539627,39.1411511898,3
1651,24.9405889511,39.1699650288,3
1652,24.9776051044,39.207431078,3
1653,24.9928231239,39.2887761593,3
1654,25.0078499317,39.3059790134,3
1655,25.0196459293,39.316781044,1
1656,25.0318551064,39.3178510666,1
1657,25.0533030033,39.3251161575,1
1658,25.0649371147,39.3259871006,1
1659,25.0914599895,39.3268229961,1
1660,25.1068201065,39.3442201614,1
1661,25.1239330769,39.3447091579,1
1662,25.138381958,39.3552901745,1
1663,25.1682019234,39.3932681084,1
1664,25.1805260181,39.3943250179,1
1665,25.1963100433,39.4202210903,1
1666,25.208466053,39.4216501713,1
1667,25.220993042,39.4548461437,1
1668,25.2336099148,39.4571170807,1
1669,25.2453150749,39.4651892185,1
1670,25.2613091469,39.4792041779,1
1671,25.2840220928,39.4985229969,1
1672,25.2975029945,39.5196731091,1
1673,25.3115229607,39.5283880234,1
1674,25.3232600689,39.5432701111,1
1675,25.3395659924,39.5603702068,1
1676,25.3576190472,39.5670001507,1
1677,25.3767869473,39.6028780937,1
1678,25.3958051205,39.6087419987,1
1679,25.4103820324,39.6205401421,1
1680,25.4227900505,39.6336541176,1
1681,25.4343080521,39.6418340206,1
1682,25.4567649364,39.6698441505,1
1683,25.4735989571,39.706056118,1
1684,25.4895079136,39.7212221622,3
1685,25.50502491,39.7358541489,3
1686,25.5260229111,39.7401511669,3
1687,25.5384171009,39.7475550175,3
1688,25.5557861328,39.7831091881,3
1689,25.5713391304,39.7839441299,3
1690,25.5931990147,39.8043670654,3
1691,25.6081700325,39.8228330612,3
1692,25.6279020309,39.8579480648,3
1693,25.6408381462,39.8587920666,3
1694,25.6533651352,39.8751730919,3
1695,25.6665980816,39.8875181675,3
1696,25.6800289154,39.9003071785,3
1697,25.6925439835,39.9334721565,3
1698,25.705395937,39.9339940548,3
1699,25.7209870815,39.9348502159,3
1700,25.7356250286,39.9525661469,3
1701,25.7516181469,39.9681801796,3
1702,25.7681391239,39.9786350727,3
1703,25.7824859619,40.0077910423,3
1704,25.7961089611,40.0088150501,3
1705,25.8102109432,40.0538611412,3
1706,25.8244140148,40.0621740818,3
1707,25.8400239944,40.066712141,3
1708,25.8547830582,40.0704650879,3
1709,25.8799171448,40.1010479927,3
1710,25.891518116,40.1089370251,1
1711,25.9101879597,40.1218540668,1
1712,25.9224500656,40.139149189,1
1713,25.9384739399,40.1471140385,1
1714,25.9503030777,40.1622171402,1
1715,25.9625899792,40.1706960201,1
1716,25.9796450138,40.2139110565,1
1717,26.0055630207,40.2180421352,1
1718,26.0180511475,40.2329311371,1
1719,26.0302751064,40.2641801834,1
1720,26.0646259785,40.2902860641,1
1721,26.0764400959,40.2941009998,1
1722,26.0903480053,40.3211131096,1
1723,26.102419138,40.3219740391,1
1724,26.1301219463,40.365101099,1
1725,26.149903059,40.3723340034,1
1726,26.163672924,40.3729140759,1
1727,26.1765620708,40.4084370136,1
1728,26.1882839203,40.4178440571,1
1729,26.2192831039,40.4401111603,1
1730,26.2310819626,40.4513821602,3
1731,26.2428679466,40.4602501392,3
1732,26.2560489178,40.4821619987,3
1733,26.2683949471,40.4873671532,3
1734,26.2802970409,40.5204951763,3
1735,26.3052959442,40.5717771053,3
1736,26.3206989765,40.5738880634,3
1737,26.3334190845,40.5818371773,3
1738,26.3495149612,40.5850830078,3
1739,26.3648400307,40.5957500935,3
1740,26.3874211311,40.5997700691,3
1741,26.4229099751,40.6387400627,3
1742,26.4343440533,40.6435801983,3
1743,26.4598281384,40.782143116,3
1744,26.4790260792,40.7835299969,3
1745,26.4905221462,40.7901711464,3
1746,26.5033159256,40.7913520336,3
1747,26.516546011,40.7925281525,3
1748,26.5305070877,40.7936930656,3
1749,26.5425920486,40.8029401302,3
1750,26.5551221371,40.8044831753,3
1751,26.5672309399,40.8137540817,3
1752,26.5820989609,40.8150691986,3
1753,26.6091639996,40.8282170296,3
1754,26.6279821396,40.865375042,3
1755,26.6543841362,40.9018352032,3
1756,26.6666529179,40.9064121246,3
1757,26.6807861328,40.9104280472,3
1758,26.6935470104,40.9230341911,1
1759,26.7064740658,40.9241631031,1
1760,26.7202050686,40.9438531399,1
1761,26.7318079472,40.9530541897,1
1762,26.7494659424,41.0309131145,1
1763,26.7675750256,41.0407261848,1
1764,26.7813420296,41.0433840752,1
1765,26.8056631088,41.0442690849,1
1766,26.8209850788,41.0455150604,1
1767,26.8445050716,41.0654280186,1
1768,26.8587269783,41.0682241917,1
1769,26.8750460148,41.0821301937,1
1770,26.887458086,41.0995550156,1
1771,26.8992640972,41.1302351952,1
1772,26.9199390411,41.1415560246,1
1773,26.9316239357,41.1451261044,1
1774,26.9448349476,41.1722111702,1
1775,26.9562449455,41.1831481457,1
1776,26.9677050114,41.1905961037,1
1777,26.9818120003,41.1964790821,1
1778,26.9963679314,41.2083911896,1
1779,27.0146291256,41.2286610603,1
1780,27.035490036,41.2510430813,2
1781,27.048815012,41.2606680393,2
1782,27.0732879639,41.2894260883,2
1783,27.0925009251,41.3846280575,2
1784,27.1844661236,41.4436089993,2
1785,27.195964098,41.4446780682,2
1786,27.21053195,41.4460070133,2
1787,27.2256879807,41.4681251049,2
1788,27.2634720802,41.482129097,2
1789,27.2762470245,41.4870920181,2
1790,27.2901420593,41.5240712166,2
1791,27.3047361374,41.5249969959,2
1792,27.3215460777,41.5345070362,2
1793,27.339370966,41.5655221939,2
1794,27.3518481255,41.56676507,2
1795,27.363961935,41.5817542076,2
1796,27.3760719299,41.5984730721,2
1797,27.3924651146,41.6027481556,2
1798,27.4183719158,41.6387171745,2
1799,27.431620121,41.6421051025,2
1800,27.4457509518,41.676721096,2
1801,27.4580681324,41.6818740368,2
1802,27.4701490402,41.7174141407,2
1803,27.4903609753,41.7189450264,2
1804,27.5025200844,41.7198421955,2
1805,27.5277600288,41.7493181229,2
1806,27.5653750896,41.7906420231,2
1807,27.586550951,41.7962961197,2
1808,27.6018750668,41.8132851124,2
1809,27.6134021282,41.8244121075,2
1810,27.6263570786,41.8505461216,0
1811,27.6410250664,41.8579699993,0
1812,27.6542811394,41.8628811836,0
1813,27.6786239147,41.8901801109,0
1814,27.6968851089,41.9164500237,0
1815,27.7188899517,41.9326441288,0
1816,27.7532129288,41.9640731812,0
1817,27.7876009941,42.0005671978,0
1818,27.8001480103,42.0233051777,0
1819,27.8133490086,42.0244851112,0
1820,27.8307521343,42.0397131443,0
1821,27.8425970078,42.0772030354,0
1822,27.8635230064,42.0894641876,0
1823,27.8826301098,42.0990741253,0
1824,27.901266098,42.1118221283,0
1825,27.9157590866,42.1515951157,0
1826,27.9403989315,42.2372140884,0
1827,27.9554901123,42.2435700893,0
1828,27.9681370258,42.2463531494,0
1829,27.986634016,42.3049621582,0
1830,28.001857996,42.3387432098,0
1831,28.0172560215,42.3420929909,0
1832,28.0299489498,42.3445370197,0
1833,28.0553879738,42.3535251617,0
1834,28.0678379536,42.3591370583,0
1835,28.0805790424,42.3909990788,2
1836,28.094078064,42.3925859928,2
1837,28.1131429672,42.4009840488,2
1838,28.130573988,42.4018650055,2
1839,28.1490631104,42.4060080051,2
1840,28.1637120247,42.4126951694,2
1841,28.1755850315,42.4135191441,2
1842,28.2055411339,42.4241840839,2
1843,28.2255620956,42.4574830532,2
1844,28.2411839962,42.4710299969,2
1845,28.2527799606,42.4715042114,2
1846,28.2642629147,42.4869191647,2
1847,28.2783350945,42.4879131317,2
1848,28.290158987,42.5241792202,2
1849,28.3019049168,42.5295481682,2
1850,28.3138139248,42.5579640865,2
1851,28.336564064,42.5641281605,2
1852,28.3516030312,42.5851330757,2
1853,28.3689711094,42.5965330601,2
1854,28.3827400208,42.5991680622,2
1855,28.39549613,42.6094360352,2
1856,28.4086060524,42.6203131676,2
1857,28.4232890606,42.6381909847,2
1858,28.4449241161,42.6652121544,2
1859,28.456692934,42.6715900898,2
1860,28.4683310986,42.7021360397,2
1861,28.4804499149,42.7038531303,0
1862,28.4924240112,42.7043070793,0
1863,28.5064949989,42.7700150013,0
1864,28.5338110924,42.7784001827,0
1865,28.5484449863,42.7810051441,0
1866,28.5604460239,42.7835571766,0
1867,28.5725579262,42.784591198,0
1868,28.597507,42.8362770081,0
1869,28.6279361248,42.8389971256,0
1870,28.6407210827,42.8535480499,0
1871,28.6529209614,42.8621079922,0
1872,28.6651420593,42.8755810261,0
1873,28.6775131226,42.9022181034,0
1874,28.7117760181,42.9356629848,0
1875,28.7287781239,42.9475080967,0
1876,28.7581210136,42.9927711487,0
1877,28.794054985,43.0831341743,0
1878,28.8068730831,43.0858831406,0
1879,28.8321781158,43.0877029896,0
1880,28.8495800495,43.0889651775,0
1881,28.8621280193,43.0901441574,0
1882,28.8755569458,43.0983362198,0
1883,28.8883519173,43.1023991108,0
1884,28.9080369473,43.1294851303,0
1885,28.9264221191,43.1379861832,0
1886,28.9476630688,43.1754341125,0
1887,28.9627680779,43.2402391434,0
1888,29.0332050323,43.2457280159,0
1889,29.062276125,43.2732942104,0
1890,29.100440979,43.3131861687,0
1891,29.1162769794,43.3254311085,3
1892,29.1311240196,43.3391611576,3
1893,29.1449000835,43.3577291965,3
1894,29.1585519314,43.3821530342,3
1895,29.1781461239,43.4032051563,3
1896,29.2167069912,43.4500551224,3
1897,29.2331731319,43.4509911537,3
1898,29.2465090752,43.4773011208,3
1899,29.2580051422,43.4933030605,3
1900,29.2702310085,43.4953770638,3
1901,29.2951691151,43.5089740753,3
1902,29.314800024,43.5327792168,3
1903,29.327573061,43.5485150814,3
1904,29.3408920765,43.555339098,3
1905,29.3722300529,43.5883982182,3
1906,29.3896551132,43.6097490788,3
1907,29.4021041393,43.6287240982,3
1908,29.4169969559,43.6630601883,3
1909,29.4334290028,43.6639480591,3
1910,29.4507770538,43.676459074,3
1911,29.4637169838,43.6924030781,3
1912,29.4865860939,43.6999549866,3
1913,29.5002810955,43.7090761662,3
1914,29.5260961056,43.7357780933,3
1915,29.5376820564,43.7442982197,3
1916,29.5646541119,43.7772290707,3
1917,29.5831999779,43.8815360069,3
1918,29.679664135,43.894723177,3
1919,29.6968460083,43.9152941704,3
1920,29.7213850021,43.9400701523,1
1921,29.7348520756,43.9544870853,1
1922,29.7617530823,43.9725160599,1
1923,29.7770321369,43.9977002144,1
1924,29.7945029736,44.0121130943,1
1925,29.8060150146,44.0419230461,1
1926,29.8199961185,44.0459361076,1
1927,29.834528923,44.0513491631,1
1928,29.8470990658,44.0779240131,1
1929,29.8721709251,44.0821211338,1
1930,29.8842520714,44.0971980095,1
1931,29.911260128,44.1278140545,1
1932,29.9277191162,44.1357731819,1
1933,29.9449579716,44.1686000824,1
1934,29.9572939873,44.1828701496,1
1935,29.9753220081,44.1899302006,1
1936,30.0051579475,44.2128241062,1
1937,30.0169539452,44.2297410965,1
1938,30.0438640118,44.2622330189,1
1939,30.0574450493,44.2703361511,1
1940,30.0826461315,44.2982931137,1
1941,30.0980141163,44.3346509933,2
1942,30.1162221432,44.3350861073,2
1943,30.1278300285,44.35206604,2
1944,30.1589519978,44.3708670139,2
1945,30.1727371216,44.3851699829,2
1946,30.18501091,44.408973217,2
1947,30.1974101067,44.4183092117,2
1948,30.2151911259,44.4297721386,2
1949,30.2278940678,44.4377980232,2
1950,30.2393980026,44.4557781219,2
1951,30.2584850788,44.4863991737,2
1952,30.2709329128,44.5027811527,2
1953,30.292320013,44.5036702156,2
1954,30.3096399307,44.5310521126,2
1955,30.3221931458,44.5342371464,2
1956,30.3350059986,44.5616099834,2
1957,30.3525121212,44.5744771957,2
1958,30.3675150871,44.5838701725,2
1959,30.3845829964,44.5969781876,2
1960,30.4040839672,44.6193041801,2
1961,30.4167909622,44.6382060051,2
1962,30.4378130436,44.6486420631,2
1963,30.4521679878,44.6757950783,2
1964,30.4692840576,44.6924791336,0
1965,30.488038063,44.7061851025,0
1966,30.500672102,44.7151691914,0
1967,30.5165090561,44.7260332108,0
1968,30.5280470848,44.7362511158,0
1969,30.543817997,44.7655830383,0
1970,30.5602800846,44.7722342014,0
1971,30.572065115,44.788187027,0
1972,30.5934901237,44.8244321346,0
1973,30.6082479954,44.8272311687,0
1974,30.6199541092,44.8413760662,0
1975,30.6331589222,44.8641791344,0
1976,30.6491420269,44.8705451488,0
1977,30.6862061024,44.8970761299,0
1978,30.6986620426,44.9165480137,0
1979,30.7106990814,44.9194271564,0
1980,30.7244079113,44.938393116,0
1981,30.7358920574,44.9485681057,0
1982,30.7499301434,44.9626910686,0
1983,30.7619919777,44.9717850685,0
1984,30.7775199413,44.9938821793,0
1985,30.7900891304,45.0298380852,0
1986,30.8028600216,45.0305080414,0
1987,30.8174729347,45.0332250595,0
1988,30.8383049965,45.069617033,0
1989,30.8497531414,45.0717852116,0
1990,30.8641209602,45.0786170959,2
1991,30.8755941391,45.115552187,2
1992,30.8932950497,45.1210081577,2
1993,30.9105439186,45.1244361401,2
1994,30.930918932,45.1526811123,2
1995,30.9444711208,45.1921310425,2
1996,30.957679987,45.1950600147,2
1997,30.9698219299,45.1955552101,2
1998,30.9826750755,45.1960070133,2
1999,31.0058269501,45.214744091,2
2000,31.0225200653,45.2328801155,2
