PacketSeqNo,GeneratedTime(sec),ArrivalTime(sec),MulticastIdx
1,0.0021378993988,12.9592468739,1
2,0.0146849155426,12.9710168839,1
3,0.0268609523773,12.9824838638,1
4,0.0388350486755,12.9938750267,1
5,0.0514030456543,13.0060229301,1
6,0.0643930435181,13.0211319923,1
7,0.0772080421448,13.0316770077,1
8,0.089693069458,13.0544419289,1
9,0.102648019791,13.0614409447,1
10,0.115530967712,13.0874779224,1
11,0.129558086395,13.0878810883,1
12,0.141649961472,13.0967679024,1
13,0.154243946075,13.1214818954,1
14,0.167476892471,13.1218988895,1
15,0.18001294136,13.1355359554,1
16,0.194251060486,13.1652760506,1
17,0.223393917084,13.2018530369,1
18,0.236289024353,13.2022790909,1
19,0.24933385849,13.212790966,1
20,0.262459993362,13.2190749645,1
21,0.274849891663,13.2349219322,1
22,0.288430929184,13.2487299442,1
23,0.301280021667,13.2577960491,1
24,0.313853025436,13.2751510143,1
25,0.3260679245,13.2814750671,1
26,0.338595867157,13.3115189075,1
27,0.351669073105,13.3119139671,1
28,0.364618062973,13.3215649128,1
29,0.377157926559,13.3489069939,2
30,0.389198064804,13.349298954,2
31,0.401990890503,13.3583350182,2
32,0.414958953857,13.3875730038,2
33,0.427917003632,13.3879640102,2
34,0.440820932388,13.3958470821,2
35,0.453753948212,13.4271569252,2
36,0.466372966766,13.4275779724,2
37,0.478820085526,13.4346299171,2
38,0.491661071777,13.453897953,2
39,0.504388093948,13.4594459534,2
40,0.517600059509,13.4722778797,2
41,0.530174970627,13.5012059212,2
42,0.543241024017,13.501625061,2
43,0.556073904037,13.512016058,2
44,0.568237066269,13.5267288685,2
45,0.581023931503,13.5414628983,2
46,0.593874931335,13.5517950058,2
47,0.606188058853,13.5820629597,2
48,0.618542909622,13.5824699402,2
49,0.63131403923,13.5900359154,2
50,0.64402794838,13.6217010021,0
51,0.656599998474,13.6221289635,0
52,0.669322967529,13.6355068684,0
53,0.681850910187,13.6383280754,0
54,0.694566011429,13.6513938904,0
55,0.707490921021,13.6643340588,0
56,0.720433950424,13.6760239601,0
57,0.732920885086,13.7015318871,0
58,0.745780944824,13.7019178867,0
59,0.758511066437,13.7412760258,0
60,0.771172046661,13.741697073,0
61,0.784272909164,13.7420899868,0
62,0.796869039536,13.7522280216,0
63,0.809228897095,13.7641940117,0
64,0.82182097435,13.7766809464,0
65,0.834892034531,13.7890970707,0
66,0.847398996353,13.8170480728,0
67,0.860301971436,13.8174500465,0
68,0.873199939728,13.8347289562,0
69,0.885371923447,13.8577950001,0
70,0.897953987122,13.8581829071,0
71,0.910465955734,13.8719210625,0
72,0.923274040222,13.8840289116,0
73,0.936140060425,13.8908679485,0
74,0.94892001152,13.9032189846,0
75,0.961225032806,13.9164190292,0
76,0.974044084549,13.9365410805,2
77,0.986414909363,13.9431259632,2
78,0.999115943909,13.973236084,2
79,1.01151204109,13.9737660885,2
80,1.02466988564,13.9812898636,2
81,1.03818106651,13.9947800636,2
82,1.05215406418,14.0069479942,2
83,1.06513595581,14.0213038921,2
84,1.07805585861,14.0493350029,2
85,1.09052801132,14.059294939,2
86,1.10285687447,14.0661709309,2
87,1.11518406868,14.0879628658,2
88,1.12741994858,14.094119072,2
89,1.13962197304,14.0994038582,2
90,1.15214204788,14.1262068748,2
91,1.16445994377,14.1324760914,2
92,1.1772339344,14.1643559933,2
93,1.18998003006,14.1647760868,2
94,1.20271205902,14.1711950302,2
95,1.21495389938,14.1728589535,2
96,1.22749686241,14.2061488628,2
97,1.24051904678,14.2121889591,0
98,1.25288796425,14.2189378738,0
99,1.2651040554,14.226336956,0
100,1.27788496017,14.2393269539,0
101,1.29038906097,14.2459189892,0
102,1.30268001556,14.2551269531,0
103,1.31497097015,14.2800638676,0
104,1.32737088203,14.2838730812,0
105,1.34035587311,14.3160409927,0
106,1.35362887383,14.3200860023,0
107,1.36607289314,14.3242828846,0
108,1.37825608253,14.3568949699,0
109,1.3907790184,14.3609280586,0
110,1.4031598568,14.363476038,0
111,1.41532707214,14.3929810524,0
112,1.4276778698,14.3978450298,0
113,1.44051599503,14.4010238647,0
114,1.45324587822,14.4326350689,0
115,1.4657740593,14.4341170788,0
116,1.47798895836,14.4407260418,0
117,1.49092388153,14.4461078644,0
118,1.50347495079,14.4608528614,0
119,1.5159239769,14.4836058617,0
120,1.52879691124,14.4883370399,0
121,1.54209303856,14.5090889931,0
122,1.55441689491,14.5221669674,0
123,1.56678986549,14.525480032,0
124,1.57958602905,14.5436770916,3
125,1.5924050808,14.5466079712,3
126,1.60484886169,14.5591170788,3
127,1.61709594727,14.587567091,3
128,1.62965798378,14.5905690193,3
129,1.64211797714,14.6089119911,3
130,1.65472793579,14.6261670589,3
131,1.66727399826,14.6352369785,3
132,1.67950797081,14.6399579048,3
133,1.69179201126,14.647495985,3
134,1.70397591591,14.6813020706,3
135,1.71707391739,14.6818158627,3
136,1.72929692268,14.6851420403,3
137,1.74168395996,14.7239868641,3
138,1.75437402725,14.7245309353,3
139,1.76708006859,14.7468690872,3
140,1.77956199646,14.7497529984,3
141,1.79236793518,14.752063036,3
142,1.8048889637,14.7649629116,3
143,1.81706500053,14.772644043,3
144,1.82934594154,14.7860810757,3
145,1.84210085869,14.7963168621,3
146,1.85469293594,14.8247249126,1
147,1.86714100838,14.8292229176,1
148,1.88005495071,14.8354589939,1
149,1.89274191856,14.8618609905,1
150,1.90521407127,14.8654949665,1
151,1.91806197166,14.8778500557,1
152,1.93077492714,14.8907198906,1
153,1.94335198402,14.8990929127,1
154,1.95611000061,14.9108610153,1
155,1.96847105026,14.9405739307,1
156,1.98074007034,14.9446358681,1
157,1.99299192429,14.9492609501,1
158,2.00509500504,14.9807379246,1
159,2.01767086983,14.9864530563,1
160,2.03046607971,14.9948508739,1
161,2.04291605949,14.9990680218,1
162,2.05596399307,15.0099549294,1
163,2.0683259964,15.0275890827,1
164,2.08097195625,15.0351788998,1
165,2.09412288666,15.0639519691,1
166,2.10662293434,15.0643599033,1
167,2.11944007874,15.1041328907,1
168,2.1328189373,15.1046509743,1
169,2.14546394348,15.1050300598,1
170,2.15800905228,15.1424019337,1
171,2.17060208321,15.1428248882,1
172,2.18321585655,15.1810388565,1
173,2.1957988739,15.1814470291,1
174,2.20823693275,15.1833319664,2
175,2.22055697441,15.197437048,2
176,2.2328209877,15.1978960037,2
177,2.24503087997,15.2034640312,2
178,2.25720095634,15.2169849873,2
179,2.26948308945,15.2270419598,2
180,2.28193688393,15.2422778606,2
181,2.29441595078,15.263769865,2
182,2.3067278862,15.2645590305,2
183,2.3192820549,15.2960059643,2
184,2.33249998093,15.2964069843,2
185,2.3449819088,15.335392952,2
186,2.35711693764,15.3357739449,2
187,2.36944198608,15.336523056,2
188,2.3817589283,15.3481600285,2
189,2.39423108101,15.3638498783,2
190,2.40723395348,15.3681218624,2
191,2.42006897926,15.3970940113,2
192,2.43257403374,15.397482872,2
193,2.44550395012,15.4056529999,2
194,2.45811390877,15.4155828953,2
195,2.47116208076,15.4274120331,2
196,2.4847009182,15.4516570568,2
197,2.49757599831,15.4595720768,2
198,2.51073098183,15.4709880352,2
199,2.5236890316,15.5718309879,2
200,2.53580594063,15.574819088,2
201,2.54810595512,15.5849430561,2
202,2.56094193459,15.6073448658,2
203,2.57357001305,15.6110348701,2
204,2.58636593819,15.6298129559,0
205,2.59930205345,15.647397995,0
206,2.61188793182,15.6484630108,0
207,2.62468194962,15.659416914,0
208,2.63699793816,15.6733720303,0
209,2.64975500107,15.6807439327,0
210,2.66241407394,15.6833939552,0
211,2.67504906654,15.6996970177,0
212,2.6876270771,15.7028939724,0
213,2.70007896423,15.7140529156,0
214,2.71281003952,15.7219488621,0
215,2.72507596016,15.7569820881,0
216,2.73765206337,15.7578940392,0
217,2.75022888184,15.7619509697,0
218,2.76287007332,15.7685849667,0
219,2.77568697929,15.7715029716,0
220,2.78804707527,15.7746999264,0
221,2.80077290535,15.7794239521,0
222,2.8137409687,15.7908248901,0
223,2.82591986656,15.8107380867,0
224,2.83849906921,15.8192548752,2
225,2.85124206543,15.8283770084,2
226,2.86408305168,15.8443799019,2
227,2.87665390968,15.8474690914,2
228,2.88903188705,15.9112410545,2
229,2.90183496475,15.9120380878,2
230,2.91436195374,15.9124009609,2
231,2.92656898499,15.9237320423,2
232,2.93964600563,15.9265990257,2
233,2.9522690773,15.9271919727,2
234,2.96495008469,15.9406380653,2
235,2.97752785683,15.9467740059,2
236,2.98989200592,15.947329998,2
237,3.00236296654,15.9581880569,2
238,3.01562190056,15.9864230156,2
239,3.02819895744,15.9870100021,2
240,3.04071593285,15.9968650341,2
241,3.05365204811,16.0231819153,2
242,3.06665492058,16.0333759785,2
243,3.0794570446,16.0360019207,2
244,3.09244799614,16.1239249706,2
245,3.10507297516,16.1243169308,2
246,3.1175339222,16.1366238594,2
247,3.1303730011,16.228399992,2
248,3.14283204079,16.2381079197,2
249,3.15533590317,16.2388498783,2
250,3.16801691055,16.2507219315,0
251,3.18049001694,16.2530319691,0
252,3.19279694557,16.255177021,0
253,3.20492100716,16.258893013,0
254,3.21720409393,16.264975071,0
258,3.26786994934,16.2660269737,0
259,3.28042793274,16.31082201,0
260,3.29321289062,16.3151800632,0
261,3.30583405495,16.3201260567,0
262,3.31915402412,16.3235909939,0
263,3.3315410614,16.3240590096,0
264,3.34408307076,16.3287630081,0
265,3.3562169075,16.3292200565,0
266,3.36936593056,16.3437819481,0
267,3.38220191002,16.3442108631,0
268,3.39504289627,16.3484568596,0
269,3.40786600113,16.3623640537,0
270,3.42074108124,16.386357069,0
271,3.43367695808,16.3915510178,0
272,3.44608807564,16.4272348881,2
273,3.4581990242,16.4276549816,2
274,3.4711868763,16.4319040775,2
275,3.4838809967,16.4387550354,2
276,3.49653196335,16.4681339264,2
277,3.50919294357,16.4764339924,2
278,3.52218604088,16.4900460243,2
279,3.53524589539,16.4917669296,2
280,3.54825901985,16.5220649242,2
281,3.56077003479,16.5289599895,2
282,3.57385587692,16.5293440819,2
283,3.58646607399,16.5622990131,2
284,3.59945893288,16.5649819374,2
285,3.61209201813,16.5674130917,2
286,3.62502002716,16.5908520222,2
287,3.63789606094,16.5930218697,2
288,3.6505689621,16.6064279079,2
289,3.66316795349,16.7150080204,2
290,3.67628788948,16.7163720131,2
291,3.68857908249,16.7176249027,2
292,3.70093894005,16.7183730602,2
293,3.71336007118,16.7195680141,2
294,3.7265598774,16.8121249676,2
295,3.73939990997,16.8200058937,2
296,3.75267004967,16.8312869072,2
297,3.76515388489,16.8407359123,0
298,3.77812600136,16.8529760838,0
299,3.79073786736,16.8682599068,0
300,3.80346298218,16.8766438961,0
301,3.81621408463,16.8832089901,0
255,3.22915387154,16.8859360218,0
256,3.24233698845,16.8964838982,0
302,3.8293159008,16.9011390209,0
303,3.84184503555,16.9030499458,0
257,3.25535702705,16.9038300514,0
304,3.855437994,16.9130370617,0
305,3.86833190918,16.9248359203,0
306,3.88058805466,16.9312460423,0
307,3.89266896248,16.9363410473,0
308,3.90493988991,16.9487419128,0
309,3.91752696037,16.949737072,0
310,3.93031907082,16.9602749348,0
311,3.94273591042,16.9693698883,0
312,3.95490789413,16.9893739223,0
313,3.96741199493,16.9988439083,0
314,3.98004698753,17.0047080517,0
315,3.99263501167,17.0122900009,0
316,4.00538086891,17.0158689022,0
317,4.01778793335,17.026237011,0
318,4.03009605408,17.0267009735,0
319,4.04244995117,17.0382609367,0
320,4.05542397499,17.0388178825,0
321,4.06815004349,17.0457758904,0
322,4.08078789711,17.0516519547,0
323,4.0934150219,17.0784778595,3
324,4.10582304001,17.0916528702,3
325,4.11873292923,17.1007158756,3
326,4.13180303574,17.1112909317,3
327,4.14452385902,17.1143488884,3
328,4.15676307678,17.1299090385,3
329,4.16938686371,17.1457929611,3
330,4.18171596527,17.1496560574,3
331,4.19418406487,17.1608819962,3
332,4.20688605309,17.1696600914,3
333,4.21998000145,17.2143468857,3
334,4.23273491859,17.2167329788,3
335,4.24534606934,17.2171280384,3
336,4.25797200203,17.2298550606,3
337,4.27031302452,17.2302889824,3
338,4.28283405304,17.2389099598,3
339,4.29510402679,17.271048069,3
340,4.30758094788,17.2734348774,3
341,4.32027506828,17.2841410637,3
342,4.33238697052,17.292345047,3
343,4.34485197067,17.3517370224,1
344,4.35726690292,17.3616020679,1
345,4.36970305443,17.3639569283,1
346,4.38257598877,17.3644878864,1
347,4.39556288719,17.4004218578,1
348,4.40828895569,17.4026939869,1
349,4.42072486877,17.4950330257,1
350,4.43308591843,17.4998910427,1
351,4.44545507431,17.5004599094,1
352,4.45830202103,17.5046260357,1
353,4.47130298615,17.5083479881,1
354,4.48416686058,17.509139061,1
355,4.49693608284,17.5095150471,1
356,4.50967907906,17.5156459808,1
357,4.52234005928,17.516160965,1
358,4.53478097916,17.5181689262,1
359,4.54718494415,17.5298559666,1
360,4.55961108208,17.5379040241,1
361,4.57195997238,17.5419979095,1
362,4.58445596695,17.542842865,1
363,4.59687399864,17.5607888699,1
364,4.60985708237,17.5647349358,1
365,4.62238502502,17.5916728973,1
366,4.63491392136,17.6022059917,1
367,4.64751195908,17.6091449261,1
368,4.66022205353,17.6293020248,2
369,4.67282390594,17.6339309216,2
370,4.6855199337,17.6424639225,2
371,4.69802594185,17.672055006,2
372,4.71052694321,17.6724739075,2
373,4.72327709198,17.6781730652,2
374,4.73564291,17.715777874,2
375,4.74793195724,17.7183299065,2
376,4.76084208488,17.7227618694,2
377,4.77366995811,17.7447929382,2
378,4.78655099869,17.7487699986,2
379,4.79971194267,17.7578749657,2
380,4.81258893013,17.8471550941,2
381,4.82518386841,17.8531060219,2
382,4.8382370472,17.8583650589,2
383,4.85103487968,17.8645758629,2
384,4.86400198936,17.8763389587,2
385,4.87650704384,17.8838238716,2
386,4.88995695114,17.9039480686,2
387,4.90250086784,17.908290863,2
388,4.91569805145,17.9153280258,2
389,4.92789697647,17.920263052,2
390,4.94004106522,17.9262559414,2
391,4.95244908333,17.9425339699,2
392,4.96526098251,17.9461040497,2
393,4.97776794434,17.950922966,0
394,4.99029994011,17.9653680325,0
395,5.00281691551,17.9791798592,0
396,5.01530194283,17.994551897,0
397,5.02764391899,18.0002930164,0
398,5.04085302353,18.0030779839,0
399,5.0539829731,18.0237569809,0
400,5.06703591347,18.0311219692,0
401,5.08016490936,18.0344660282,0
402,5.09316492081,18.0475928783,0
403,5.10603499413,18.3266429901,0
404,5.11842393875,18.3273639679,0
405,5.13094592094,18.3408470154,0
406,5.14409804344,18.3441050053,0
407,5.156498909,18.3445320129,0
408,5.1687040329,18.3520419598,0
409,5.18089985847,18.3608338833,0
410,5.19303798676,18.3666009903,0
411,5.20526695251,18.3705849648,0
412,5.21825098991,18.3773329258,0
413,5.2308409214,18.4002850056,0
414,5.24385905266,18.4034330845,0
415,5.25751209259,18.4137730598,0
416,5.27020907402,18.4147129059,0
417,5.28247308731,18.4188258648,0
418,5.29494786263,18.4306550026,3
419,5.30721402168,18.4432239532,3
420,5.31944704056,18.4516789913,3
421,5.332020998,18.4674699306,3
422,5.3446700573,18.4719309807,3
423,5.35710287094,18.4858050346,3
424,5.36975193024,18.4997270107,3
425,5.38215994835,18.5002288818,3
426,5.39459300041,18.5044970512,3
427,5.40717697144,18.5123040676,3
428,5.41952490807,18.5174360275,3
429,5.43223285675,18.5324459076,3
430,5.44499206543,18.5335230827,3
431,5.45715403557,18.5418169498,3
432,5.4692709446,18.5431289673,3
433,5.48156309128,18.5444068909,3
434,5.49410104752,18.5573980808,3
435,5.506264925,18.5667350292,3
436,5.51884508133,18.5797889233,3
437,5.53172588348,18.5884208679,3
438,5.54425692558,18.620857954,1
439,5.55675697327,18.6218800545,1
440,5.569272995,18.6540820599,1
441,5.58164405823,18.6582260132,1
442,5.59427785873,18.664222002,1
443,5.60685586929,18.664716959,1
444,5.61926102638,18.6666920185,1
445,5.63159799576,18.672287941,1
446,5.64434409142,18.6817750931,1
447,5.65670394897,18.6841650009,1
448,5.66933107376,18.6928780079,1
449,5.68168997765,18.6951169968,1
450,5.69429993629,18.6987159252,1
451,5.70689606667,18.7041800022,1
452,5.71988296509,18.7045679092,1
453,5.73240208626,18.7175788879,1
454,5.74606108665,18.7231509686,1
455,5.75851106644,18.7235200405,1
456,5.77061486244,18.7314040661,1
457,5.78385901451,18.7381179333,1
458,5.79635190964,18.7533659935,1
459,5.80851006508,18.7678689957,1
460,5.82192492485,18.7938990593,1
461,5.83485007286,18.8021810055,3
462,5.84787106514,18.8128528595,3
463,5.86046504974,18.8185250759,3
464,5.87341403961,18.8307080269,3
465,5.8860809803,18.845705986,3
466,5.89864802361,18.8915929794,3
467,5.9112329483,18.8999788761,3
468,5.92389988899,18.9059069157,3
469,5.93697285652,18.9103329182,3
470,5.94971990585,18.9113118649,3
471,5.96224403381,18.9197900295,3
472,5.97498893738,18.9350509644,3
473,5.98745703697,18.9644839764,3
474,6.00020003319,18.9696309566,3
475,6.01294994354,18.9817068577,3
476,6.0254380703,18.9862520695,3
477,6.03779006004,18.9972360134,3
478,6.05043292046,19.0237798691,3
479,6.06299591064,19.0242600441,3
480,6.07529091835,19.0322310925,3
481,6.08788704872,19.0443959236,3
482,6.10104298592,19.0604178905,3
483,6.11343598366,19.0680470467,3
484,6.12659597397,19.0833780766,3
485,6.13991904259,19.0933849812,1
486,6.15327906609,19.1146290302,1
487,6.16626405716,19.128731966,1
488,6.17892694473,19.1341049671,1
489,6.19176197052,19.154968977,1
490,6.20469498634,19.1896400452,1
491,6.21741986275,19.2029709816,1
492,6.23021197319,19.2097978592,1
493,6.24289798737,19.2173249722,1
494,6.25548386574,19.2331838608,1
495,6.26773500443,19.244134903,1
496,6.28015089035,19.2704179287,1
497,6.29259991646,19.2758510113,1
498,6.30552506447,19.2885839939,1
499,6.31856703758,19.361135006,1
500,6.33109903336,19.4735729694,1
501,6.34356498718,19.4833929539,1
502,6.35647106171,19.4904708862,1
503,6.36905694008,19.5052700043,1
504,6.38165688515,19.5057280064,1
505,6.39402890205,19.513477087,1
506,6.40646004677,19.5139360428,1
507,6.41885209084,19.5270290375,1
508,6.4323489666,19.5482590199,3
509,6.44449591637,19.5559880733,3
510,6.45693802834,19.55905509,3
511,6.46911787987,19.5613288879,3
512,6.48140001297,19.5999400616,3
513,6.49393606186,19.611661911,3
514,6.50686001778,19.6160430908,3
515,6.51966786385,19.6191768646,3
516,6.53275609016,19.6215350628,3
517,6.5453209877,19.6247649193,3
518,6.5583178997,19.6306688786,3
519,6.57078695297,19.6351320744,3
520,6.58430099487,19.635627985,3
521,6.59697699547,19.6362838745,3
522,6.60935306549,19.6445660591,3
523,6.62224388123,19.6451120377,3
524,6.63517403603,19.6594059467,3
525,6.64803004265,19.6910569668,3
526,6.66119503975,19.693461895,3
527,6.67409896851,19.6973130703,3
528,6.68693709373,19.6979269981,3
529,6.69945287704,19.7043888569,1
530,6.71262598038,19.7049410343,1
531,6.7250919342,19.7053759098,1
532,6.73812103271,19.7415959835,1
533,6.75066900253,19.7426929474,1
534,6.76383805275,19.7486028671,1
535,6.7767329216,19.7550489902,1
536,6.78928589821,19.7617089748,1
537,6.80168199539,19.7661190033,1
538,6.81514692307,19.7877318859,1
539,6.82804989815,19.8068940639,1
540,6.84031391144,19.8077659607,1
541,6.85241699219,19.8462269306,1
542,6.86492800713,19.8502860069,1
543,6.87737202644,19.8567860126,1
544,6.8898088932,19.8817689419,1
545,6.90236186981,19.8831570148,1
546,6.91481995583,19.9134690762,1
547,6.92756700516,19.9142789841,1
548,6.94028902054,19.9196329117,1
549,6.95318102837,19.923074007,1
550,6.96592593193,19.9278380871,1
551,6.97857093811,19.9525799751,1
552,6.99139785767,19.9579749107,1
553,7.00409007072,19.963518858,1
554,7.01688790321,19.9898638725,1
555,7.02949094772,19.9937410355,1
556,7.04199099541,20.0067589283,3
557,7.05523204803,20.0280549526,3
558,7.06814408302,20.033550024,3
559,7.08138394356,20.0423340797,3
560,7.09388804436,20.0608000755,3
561,7.10661792755,20.0646438599,3
562,7.11945796013,20.0830330849,3
563,7.13240408897,20.0895600319,3
564,7.14496207237,20.1122860909,3
565,7.15701889992,20.1173300743,3
566,7.16912794113,20.1487550735,3
567,7.18145799637,20.1806399822,3
568,7.19423294067,20.1810829639,3
569,7.20670700073,20.1830408573,3
570,7.21898603439,20.3552079201,3
571,7.23153686523,20.3559179306,3
572,7.24419999123,20.3566510677,3
573,7.25695800781,20.3573520184,3
574,7.27032399178,20.3581180573,3
575,7.28318691254,20.3588318825,3
576,7.2958650589,20.3596000671,3
578,7.321007967,20.3800928593,3
579,7.33387494087,20.3939960003,3
580,7.34684085846,20.3964600563,3
581,7.3590528965,20.4052009583,3
582,7.37147188187,20.4288659096,1
583,7.38392400742,20.4381229877,1
584,7.39666604996,20.4452669621,1
585,7.4092130661,20.4514570236,1
586,7.42216992378,20.4520008564,1
587,7.4350168705,20.4549160004,1
588,7.44770789146,20.4647939205,1
589,7.46019101143,20.4653320312,1
590,7.47289586067,20.4657330513,1
591,7.4854118824,20.4848840237,1
592,7.49810695648,20.4855549335,1
593,7.51076602936,20.4962539673,1
594,7.5233528614,20.5047469139,1
595,7.53622794151,20.5703949928,1
596,7.54885387421,20.5740399361,1
597,7.56165599823,20.5842759609,1
598,7.57502293587,20.5874319077,1
599,7.58748698235,20.5954840183,1
600,7.60003995895,20.6019508839,1
601,7.61247086525,20.6051390171,1
602,7.62503504753,20.6101880074,1
603,7.63770198822,20.616330862,1
604,7.65073609352,20.6228239536,1
605,7.66361808777,20.6245620251,1
606,7.67639899254,20.6330430508,1
607,7.68902802467,20.64595294,1
608,7.70115208626,20.6575169563,1
609,7.71340489388,20.6722240448,1
610,7.72649693489,20.6954979897,1
611,7.73888087273,20.7019338608,3
612,7.75170707703,20.731128931,3
613,7.76417899132,20.7315139771,3
614,7.77713990211,20.7391660213,3
615,7.78974699974,20.744371891,3
616,7.80222606659,20.7625288963,3
617,7.81461405754,20.7677578926,3
618,7.82731890678,20.7828259468,3
619,7.83996200562,20.9239869118,3
620,7.85282993317,20.9339799881,3
621,7.86543798447,20.9352688789,3
622,7.87828707695,20.9366240501,3
623,7.89113903046,20.9438679218,3
624,7.90376400948,20.9447109699,3
625,7.91634702682,20.9566009045,3
627,7.94151902199,20.9577450752,3
628,7.95472288132,20.9643740654,3
629,7.96745896339,20.9649190903,3
630,7.98017001152,21.2015280724,3
631,7.99240398407,21.2022418976,3
632,8.00494289398,21.2029728889,3
633,8.01747703552,21.2037830353,3
634,8.03026795387,21.2044959068,3
635,8.04262900352,21.2052180767,3
636,8.05521607399,21.2059149742,3
642,8.13169193268,21.2078430653,1
643,8.14456987381,21.235396862,1
644,8.15702700615,21.2364718914,1
645,8.16966295242,21.2373290062,1
646,8.1824889183,21.2484529018,1
647,8.19482898712,21.2527110577,1
648,8.20781588554,21.253164053,1
649,8.22069096565,21.2535820007,1
650,8.23307108879,21.2591950893,1
651,8.24568891525,21.2624299526,1
652,8.25890398026,21.2629830837,1
653,8.27117204666,21.27282691,1
654,8.2836458683,21.2857949734,1
655,8.29669594765,21.2955539227,1
656,8.30934286118,21.3045220375,1
657,8.32213687897,21.3168649673,1
577,7.30822491646,21.3193469048,1
658,8.33534407616,21.3324480057,1
659,8.34797000885,21.3576490879,1
660,8.36028409004,21.3690710068,1
661,8.3725130558,21.3769240379,1
662,8.38487792015,21.3863449097,1
663,8.39704990387,21.391958952,1
664,8.40985393524,21.4126000404,2
665,8.4223549366,21.4196150303,2
666,8.43520188332,21.422524929,2
667,8.44829893112,21.4314548969,2
668,8.46123695374,21.435076952,2
669,8.47472000122,21.4374279976,2
670,8.48939299583,21.4510889053,2
671,8.50241994858,21.4736828804,2
672,8.51512098312,21.4772288799,2
673,8.52824306488,21.4856379032,2
674,8.54027986526,21.4988379478,2
675,8.55234098434,21.5136249065,2
676,8.56490492821,21.5260648727,2
677,8.57713508606,21.5460629463,2
678,8.58931493759,21.5850410461,2
679,8.60195708275,21.5854320526,2
680,8.61480689049,21.5858089924,2
681,8.62738800049,21.5869128704,2
682,8.64024686813,21.6057319641,2
683,8.65325403214,21.6199510098,2
684,8.66599297523,21.6364250183,2
626,7.92901587486,21.6369640827,2
685,8.67881298065,21.639893055,2
686,8.69133996964,21.6566488743,2
687,8.70409393311,21.6649580002,2
688,8.71700501442,21.6794559956,0
637,8.06828188896,21.685667038,0
689,8.72987103462,21.6861820221,0
638,8.08115005493,21.6866030693,0
639,8.09381699562,21.6910369396,0
690,8.74293208122,21.7001988888,0
640,8.10631108284,21.7124919891,0
691,8.75639200211,21.7131378651,0
641,8.1190469265,21.7135579586,0
692,8.76892399788,21.7411189079,0
693,8.78131198883,21.7415220737,0
694,8.7942340374,21.7496500015,0
695,8.80688405037,21.7645258904,0
696,8.81916499138,21.7738690376,0
697,8.83166503906,21.7918250561,0
698,8.84435796738,21.8183460236,0
699,8.86016201973,21.8206999302,0
700,8.87669897079,21.8314490318,0
701,8.88909006119,21.8440668583,0
702,8.90669393539,21.8677530289,0
703,8.92683196068,21.8936679363,0
704,8.9385330677,21.8992888927,0
705,8.95026302338,21.9062290192,0
706,8.96210694313,21.9329469204,0
707,8.97402501106,21.9382789135,0
708,8.98585486412,21.946171999,0
709,8.99817204475,21.9500470161,0
710,9.01070594788,21.965223074,0
711,9.02332687378,21.9772229195,0
712,9.03675508499,22.0146560669,0
713,9.04886198044,22.0156219006,0
714,9.06084108353,22.0253489017,3
715,9.07337903976,22.0389358997,3
716,9.0860118866,22.0500369072,3
717,9.09845805168,22.0539140701,3
718,9.11144995689,22.0885710716,3
719,9.12409090996,22.0916280746,3
720,9.13671398163,22.1010909081,3
721,9.14890909195,22.1279978752,3
722,9.16104602814,22.1352119446,3
723,9.17307400703,22.147026062,3
724,9.18586397171,22.1489889622,3
725,9.19830298424,22.1562540531,3
726,9.21116089821,22.184212923,3
727,9.22371792793,22.1935629845,3
728,9.23612308502,22.2041819096,3
729,9.2484869957,22.2177259922,3
730,9.26153802872,22.2297179699,3
731,9.27410793304,22.2355048656,3
732,9.28685092926,22.2443099022,3
733,9.29961109161,22.263012886,3
734,9.31252503395,22.2743010521,3
735,9.32555198669,22.2841930389,3
736,9.33863401413,22.2937259674,3
737,9.35119104385,22.3319790363,3
738,9.36402392387,22.3327620029,3
739,9.37674593925,22.3628900051,3
740,9.38916397095,22.3698458672,3
741,9.40157699585,22.4048130512,1
742,9.41472291946,22.4101419449,1
743,9.4275560379,22.4113619328,1
744,9.43979406357,22.418364048,1
745,9.45295405388,22.426377058,1
746,9.46536397934,22.4272890091,1
747,9.47772693634,22.4380569458,1
748,9.49035286903,22.4483029842,1
749,9.50341296196,22.4755580425,1
750,9.51618099213,22.4818248749,1
751,9.52948689461,22.5086278915,1
752,9.54237985611,22.5090680122,1
753,9.55506801605,22.5193269253,1
754,9.56765604019,22.5345799923,1
755,9.58053088188,22.5541620255,1
756,9.59285902977,22.5583078861,1
757,9.60526204109,22.5587000847,1
758,9.61832308769,22.5951340199,1
759,9.63070392609,22.6004519463,1
760,9.64373207092,22.6046640873,1
761,9.65718889236,22.6166639328,1
762,9.66964697838,22.7239789963,1
763,9.68229293823,22.7245869637,1
764,9.6948530674,22.7358219624,1
765,9.70741701126,22.758936882,1
766,9.72031402588,22.7678408623,2
767,9.73304700851,22.7691409588,2
768,9.74576807022,22.7761290073,2
769,9.75851297379,22.7771170139,2
770,9.77164006233,22.7788589001,2
771,9.78466701508,22.7793118954,2
772,9.79759287834,22.7797079086,2
773,9.80983185768,22.7801089287,2
774,9.82215595245,22.7827510834,2
775,9.83453392982,22.7966940403,2
776,9.84708189964,22.8694329262,2
777,9.85984492302,22.8808250427,2
778,9.87282705307,22.8853509426,2
779,9.88522100449,22.9146380424,2
780,9.89747595787,22.915845871,2
781,9.90982198715,22.948114872,2
782,9.92206096649,22.949944973,2
783,9.93467497826,22.9505500793,2
784,9.94708585739,22.9599170685,2
785,9.959430933,22.96043396,2
786,9.97186207771,22.9610230923,2
787,9.98460698128,22.9630579948,2
788,9.99718499184,22.9635288715,2
789,10.0111539364,22.9882268906,2
790,10.0233669281,22.9933140278,0
791,10.0357680321,23.0144879818,0
792,10.0480749607,23.0150539875,0
793,10.0602319241,23.0215499401,0
794,10.0735890865,23.0267899036,0
795,10.0855300426,23.0394129753,0
796,10.0983829498,23.053634882,0
797,10.1102900505,23.1547129154,0
798,10.1243679523,23.1670279503,0
799,10.1365940571,23.1714160442,0
800,10.1485450268,23.183836937,0
801,10.1618828773,23.1846909523,0
802,10.1739518642,23.1913900375,0
803,10.1876718998,23.1966938972,0
804,10.200083971,23.2135958672,0
805,10.2176978588,23.2144300938,0
806,10.2317180634,23.2148470879,0
807,10.2445628643,23.230973959,0
808,10.2571189404,23.2315468788,0
809,10.2707569599,23.2331960201,0
810,10.283577919,23.2413890362,0
811,10.2982120514,23.2545490265,0
812,10.310849905,23.2681229115,3
813,10.3238360882,23.2860598564,3
814,10.3367519379,23.2914419174,3
815,10.3489758968,23.3103249073,3
816,10.3613610268,23.3217890263,3
817,10.373734951,23.3484430313,3
818,10.3860208988,23.3913869858,3
819,10.3984179497,23.3921048641,3
820,10.4107410908,23.5268030167,3
821,10.4232950211,23.5411159992,3
822,10.4378080368,23.6882050037,3
823,10.449614048,23.6897530556,3
824,10.4614450932,23.6904919147,3
825,10.4740409851,23.6912288666,3
826,10.4864618778,23.6922020912,3
828,10.512116909,23.6929130554,3
829,10.525261879,23.6936309338,3
830,10.5384750366,23.694329977,3
831,10.5514039993,23.6950640678,3
832,10.5640048981,23.6957840919,3
827,10.5000350475,23.7152619362,3
833,10.5758800507,23.754914999,3
834,10.5888459682,23.8064870834,1
835,10.6021080017,23.8070189953,1
836,10.6141738892,23.8138918877,1
837,10.6263430119,23.8279230595,1
838,10.6390869617,23.8407409191,1
839,10.6539120674,23.9314939976,1
840,10.6722209454,23.9395520687,1
841,10.6838870049,23.9400699139,1
842,10.696256876,23.9419109821,1
843,10.7143690586,23.9553749561,1
844,10.7284269333,23.9564878941,1
845,10.740459919,23.959102869,1
846,10.7539079189,23.9613358974,1
847,10.7664749622,23.9648160934,1
848,10.7799580097,23.9669148922,1
849,10.792167902,23.9689509869,1
854,10.8547589779,23.9852368832,1
855,10.8677239418,23.9980630875,1
856,10.8805289268,24.0090329647,1
857,10.8929710388,24.0274579525,1
858,10.9060120583,24.051913023,1
859,10.9188120365,24.0543820858,1
860,10.9306390285,24.0588350296,1
861,10.9434850216,24.0615549088,1
862,10.9560940266,24.0711610317,3
863,10.9692189693,24.0718479156,3
864,10.9812719822,24.0749359131,3
865,10.9940090179,24.0761120319,3
866,11.0064020157,24.0833659172,3
867,11.0215730667,24.0898399353,3
868,11.0357739925,24.0933520794,3
869,11.0474860668,24.0976190567,3
870,11.0594990253,24.0994520187,3
871,11.0745170116,24.1170229912,3
872,11.0863490105,24.1178929806,3
873,11.109566927,24.1315910816,3
874,11.1561720371,24.1597750187,3
875,11.2114548683,24.2050149441,3
876,11.2279119492,24.2129530907,3
877,11.250731945,24.2360830307,3
878,11.265955925,24.2385089397,3
879,11.2774569988,24.2409350872,3
880,11.2906248569,24.2561979294,3
881,11.30220294,24.2567050457,3
882,11.3255360126,24.2852549553,3
850,10.8048050404,24.325496912,1
883,11.3830630779,24.3525760174,1
851,10.8168489933,24.3786818981,1
852,10.8298780918,24.379101038,1
884,11.4755969048,24.4300498962,1
885,11.4877729416,24.454267025,1
886,11.5045979023,24.4661989212,1
887,11.5212080479,24.4779419899,1
888,11.5581319332,24.5296978951,1
889,11.5732200146,24.5394439697,1
890,11.5885400772,24.5571770668,1
891,11.6003599167,24.5575799942,1
892,11.612473011,24.5707268715,1
893,11.6320819855,24.5859620571,1
894,11.6447339058,24.6235280037,1
895,11.6708378792,24.6247980595,1
896,11.7020959854,24.6628060341,1
897,11.7141070366,24.6752409935,1
898,11.7293798923,24.6819899082,1
899,11.7518720627,24.7158470154,1
900,11.7634849548,24.7388379574,1
901,11.7904958725,24.7518410683,1
902,11.8103179932,24.7931098938,1
903,11.8276588917,24.7955648899,1
904,11.8401339054,24.8018550873,2
905,11.8530678749,24.8413920403,2
906,11.9078059196,24.8634960651,2
907,11.9227159023,24.970334053,2
908,11.93460989,24.9797079563,2
909,11.9471218586,24.9843690395,2
910,11.9597868919,24.985270977,2
911,11.9712760448,24.9927380085,2
912,11.9884810448,24.9966318607,2
913,12.0029349327,25.0017418861,2
914,12.023485899,25.0149960518,2
915,12.0443129539,25.0325279236,2
916,12.0564649105,25.0482759476,2
917,12.0748288631,25.0543029308,2
918,12.0999619961,25.055742979,2
919,12.1125779152,25.0720410347,2
920,12.1379470825,25.0960350037,2
921,12.1509618759,25.1042490005,2
922,12.1752278805,25.1316978931,2
923,12.2130889893,25.1705470085,2
924,12.2289299965,25.1838400364,2
925,12.2408008575,25.2013309002,2
926,12.2530810833,25.2436308861,2
927,12.2688350677,25.2468218803,2
928,12.2811999321,25.2516970634,2
929,12.2955319881,25.2546038628,2
930,12.3126940727,25.2799448967,2
931,12.3278770447,25.3300950527,0
932,12.3434329033,25.331414938,0
933,12.3647959232,25.3956680298,0
934,12.3816030025,25.4001688957,0
935,12.3948979378,25.4012429714,0
936,12.4077138901,25.4024279118,0
937,12.4195420742,25.4029009342,0
938,12.440500021,25.4869730473,0
939,12.4521520138,25.4914729595,0
940,12.4727170467,25.4997470379,0
941,12.494852066,25.5022130013,0
942,12.5116200447,25.5171349049,0
943,12.5340480804,25.5238518715,0
944,12.5456118584,25.5247840881,0
945,12.5597169399,25.5325469971,0
946,12.5721189976,25.5344839096,0
947,12.5874290466,25.5486469269,0
948,12.6056199074,25.5611379147,0
949,12.6181340218,25.5912189484,0
950,12.6298270226,25.591753006,0
951,12.6451339722,25.6014330387,0
952,12.66229105,25.629981041,0
953,12.6744949818,25.6342990398,0
954,12.6890208721,25.6650090218,2
955,12.7021229267,25.6729688644,2
956,12.7322309017,25.7073838711,2
957,12.745787859,25.7089278698,2
958,12.7715308666,25.7370500565,2
959,12.791684866,25.7442400455,2
960,12.8059389591,25.7648899555,2
961,12.8188040257,25.7752449512,2
962,12.8392219543,25.7967469692,2
963,12.8572480679,25.8189458847,2
964,12.8758149147,25.8573498726,2
965,12.8890230656,25.8583130836,2
966,12.9077489376,25.8674888611,2
967,12.9280569553,25.9024698734,2
968,12.9415090084,25.920306921,2
969,12.9566409588,25.9210140705,2
970,12.9853990078,25.9427540302,2
971,13.0052940845,25.9657518864,2
972,13.0245249271,25.992317915,2
973,13.0416820049,25.9991600513,2
974,13.0582249165,26.015296936,2
975,13.0768389702,26.0393629074,2
976,13.0925440788,26.0647718906,2
977,13.1183278561,26.0726630688,2
978,13.1302058697,26.085848093,0
979,13.1541819572,26.1261959076,0
980,13.1685459614,26.1333038807,0
981,13.1924109459,26.213228941,0
982,13.2108979225,26.3211519718,0
983,13.3853008747,26.3600239754,0
984,13.3970689774,26.3716390133,0
985,13.4149620533,26.3727319241,0
986,13.427093029,26.3943688869,0
987,13.4464190006,26.4389989376,0
988,13.4762299061,26.4434130192,0
989,13.4888219833,26.4447779655,0
990,13.5011248589,26.4628548622,0
991,13.513258934,26.467261076,0
992,13.5289468765,26.4839699268,0
993,13.5459010601,26.5145170689,0
994,13.5691058636,26.5651700497,0
995,13.5811350346,26.566847086,0
996,13.6080040932,26.5722439289,0
997,13.6195349693,26.5942149162,0
998,13.6328248978,26.6078579426,0
999,13.6564919949,26.7248010635,0
1000,13.6687409878,26.7268278599,2
1001,13.681427002,26.7272150517,2
1002,13.694674015,26.7363069057,2
1003,13.7063210011,26.7367560863,2
1004,13.7181499004,26.742814064,2
1005,13.7309150696,26.7435429096,2
1007,13.7619650364,26.7454719543,2
1008,13.779531002,26.7583460808,2
1009,13.7958130836,26.7645599842,2
1006,13.7444479465,26.7651479244,2
1010,13.808453083,26.7720069885,2
1011,13.8253960609,26.7862129211,2
1012,13.8378090858,26.7967689037,2
1013,13.856595993,26.8236680031,2
1014,13.8757388592,26.8302209377,2
1015,13.8887388706,26.858645916,2
1016,13.9064929485,26.8660740852,2
1017,13.9304299355,26.9006180763,2
1018,13.9460110664,26.9045488834,2
1019,13.960463047,26.9225809574,2
1020,13.972687006,26.9374120235,2
1021,13.9889369011,26.9424240589,2
1022,14.0008099079,26.9560000896,2
1023,14.0129859447,26.9672300816,2
1024,14.0304529667,26.9937958717,2
1025,14.0464479923,27.0031809807,0
1026,14.0725409985,27.0286870003,0
1027,14.0890860558,27.0615170002,0
1028,14.10156703,27.0675499439,0
1029,14.1131460667,27.0680470467,0
1030,14.1257779598,27.0953259468,0
1031,14.1389429569,27.1251900196,0
1032,14.1588828564,27.1431469917,0
1033,14.179338932,27.1503820419,0
1034,14.1967270374,27.1636970043,0
1035,14.2098588943,27.1654679775,0
1036,14.2261869907,27.2030000687,0
1037,14.2432608604,27.2065200806,0
1038,14.2553238869,27.208096981,0
1039,14.2735800743,27.2452008724,0
1040,14.2860250473,27.2546188831,0
1041,14.2979769707,27.2551250458,0
1042,14.3129239082,27.2750449181,0
1043,14.3261299133,27.283315897,0
1044,14.3381888866,27.2943389416,0
1045,14.357601881,27.320950985,3
1046,14.3776218891,27.3561010361,3
1047,14.3909299374,27.3613510132,3
1048,14.403580904,27.3733289242,3
1049,14.4155249596,27.3771078587,3
1050,14.4408409595,27.4002239704,3
1051,14.4758379459,27.4427568913,3
1052,14.4890840054,27.4461400509,3
1053,14.5122749805,27.4697659016,3
1054,14.5309090614,27.5010828972,3
1055,14.5463960171,27.5766000748,3
1056,14.563642025,27.5783798695,3
1057,14.5780060291,27.5801968575,3
1058,14.589840889,27.5871129036,3
1059,14.6061840057,27.5879659653,3
1060,14.6265599728,27.6162240505,3
1061,14.6405639648,27.6166479588,3
1062,14.6532230377,27.6171739101,3
1063,14.6650540829,27.6357638836,3
1064,14.6846849918,27.6384348869,3
1065,14.6981918812,27.691988945,3
1066,14.829007864,27.7923340797,3
1067,14.8510010242,27.8090288639,3
1068,14.8631598949,27.8283810616,3
1069,14.8745770454,27.8351960182,3
1070,14.8897020817,27.8503699303,3
1071,14.9013330936,27.8549990654,3
1072,14.9140059948,27.8724989891,3
1073,14.9267239571,27.8791849613,3
1074,14.9401409626,27.9053840637,3
1075,14.9517419338,27.9071240425,1
1076,14.9640359879,27.985738039,1
1077,14.9804310799,27.9909439087,1
1078,14.9959199429,28.007586956,1
1079,15.0117580891,28.0090420246,1
1080,15.023788929,28.016974926,1
1081,15.0379168987,28.0383300781,1
1082,15.0499858856,28.0418639183,1
1083,15.063338995,28.0428578854,1
1084,15.0769388676,28.0691709518,1
1085,15.0940320492,28.083564043,1
1086,15.1233940125,28.1041948795,1
1087,15.1363489628,28.1081590652,1
1088,15.1496260166,28.127450943,1
1089,15.1618540287,28.1278378963,1
1090,15.1772549152,28.1347019672,1
1091,15.1900529861,28.1489498615,1
1092,15.2050840855,28.1640429497,1
1093,15.2173089981,28.1722929478,1
1094,15.2292668819,28.2018690109,1
1095,15.2461769581,28.2141900063,3
1096,15.2650239468,28.2253479958,3
1097,15.2798490524,28.2446260452,3
1098,15.2990210056,28.2556109428,3
1099,15.3211169243,28.2888979912,3
1100,15.3410389423,28.3063149452,3
1101,15.3561580181,28.3223929405,3
1102,15.3681800365,28.323073864,3
1103,15.3802199364,28.3401150703,3
1104,15.396914959,28.3544418812,3
1105,15.4106230736,28.3773770332,3
1106,15.4405078888,28.4159228802,3
1107,15.4542920589,28.4163329601,3
1108,15.4744238853,28.4384610653,3
1109,15.4867799282,28.44363904,3
1110,15.5001158714,28.4909079075,3
1111,15.513586998,28.4969968796,3
1112,15.5303649902,28.5103979111,3
1113,15.5441858768,28.5126678944,3
1114,15.5643489361,28.5434510708,3
1115,15.5843780041,28.5513370037,3
1116,15.6044130325,28.5787680149,3
1117,15.6218550205,28.5841128826,3
1118,15.6337499619,28.5871050358,3
1119,15.6529829502,28.6210708618,1
1120,15.6654629707,28.6268439293,1
1121,15.6801450253,28.6323959827,1
1122,15.6974949837,28.6517059803,1
1123,15.720459938,28.6920740604,1
1124,15.7320539951,28.6986920834,1
1125,15.7592449188,28.7367939949,1
1126,15.7731170654,28.7591919899,1
1127,15.7921700478,28.7596008778,1
1128,15.8036799431,28.7599990368,1
1129,15.8200130463,28.7968990803,1
1130,15.8409690857,28.808054924,1
1131,15.8592970371,28.8158378601,1
1132,15.8775599003,28.8357210159,1
1133,15.889756918,28.8496370316,1
1134,15.9037818909,28.8759870529,1
1135,15.9204249382,28.8768510818,1
1136,15.9326329231,28.8875899315,1
1137,15.9477169514,28.9252510071,1
1138,15.9633779526,28.9258160591,1
1139,15.9807748795,28.9487640858,1
1140,15.9928240776,28.9491779804,1
1141,16.0089678764,28.9620840549,1
1142,16.0216519833,29.0010349751,1
1143,16.0347239971,29.00831604,1
1144,16.0630800724,29.0204470158,3
1145,16.0797600746,29.0371558666,3
1146,16.091438055,29.0768740177,3
1147,16.1078078747,29.0818638802,3
1148,16.1269059181,29.0878779888,3
1149,16.1394689083,29.0967929363,3
1150,16.1511669159,29.1032450199,3
1151,16.1627790928,29.1186749935,3
1152,16.1767148972,29.1468880177,3
1153,16.196860075,29.1546978951,3
1154,16.2100300789,29.1844520569,3
1155,16.2223579884,29.1870648861,3
1156,16.2403268814,29.2337210178,3
1157,16.2605390549,29.2438089848,3
1158,16.2736730576,29.2548530102,3
1159,16.2904009819,29.26572299,3
1160,16.3106238842,29.2968869209,3
1161,16.3247830868,29.2977240086,3
1162,16.3405148983,29.3047120571,3
1163,16.3606688976,29.3403809071,3
1164,16.3806259632,29.3413589001,3
1165,16.4008290768,29.3721129894,3
1166,16.4148519039,29.3814580441,3
1167,16.4309060574,29.3875780106,3
1168,16.4518680573,29.4215018749,3
1169,16.4652440548,29.4299690723,3
1170,16.4809069633,29.4964768887,3
1171,16.4974639416,29.4987139702,3
1172,16.5117609501,29.4998629093,3
1173,16.5253129005,29.5010008812,3
1174,16.5372300148,29.5244178772,1
1175,16.5490698814,29.5248560905,1
1176,16.5607640743,29.5260460377,1
1177,16.5808870792,29.540749073,1
1178,16.5986640453,29.5714519024,1
1179,16.6145279408,29.5787830353,1
1180,16.6276869774,29.5862190723,1
1181,16.659183979,29.6129090786,1
1182,16.6710889339,29.6395540237,1
1183,16.697480917,29.6544098854,1
1184,16.7100188732,29.7187900543,1
1185,16.7263219357,29.7223460674,1
1186,16.7404329777,29.7237789631,1
1187,16.7521820068,29.7250580788,1
1188,16.7722198963,29.7498540878,1
1189,16.7924170494,29.766931057,1
1190,16.8039319515,29.7783448696,1
1191,16.8321430683,29.8096590042,1
1192,16.8455228806,29.8318018913,1
1193,16.8606340885,29.833384037,1
1194,16.8733570576,29.8345890045,1
1195,16.8945810795,29.8747749329,1
1196,16.9079549313,29.9345560074,1
1197,16.9654209614,29.9374449253,1
1198,16.9775328636,29.9403150082,1
1199,16.9909899235,29.9798660278,3
1200,17.0157649517,29.9821329117,3
1201,17.0303359032,30.016299963,3
1202,17.0483150482,30.0252289772,3
1203,17.0631539822,30.0298168659,3
1204,17.0813400745,30.0394690037,3
1205,17.1027300358,30.0568199158,3
1206,17.1154909134,30.0909640789,3
1207,17.1284399033,30.0982990265,3
1208,17.1409358978,30.1056849957,3
1209,17.160228014,30.1219189167,3
1210,17.1757268906,30.1514270306,3
1211,17.1971299648,30.2515108585,3
1212,17.2124609947,30.2605268955,3
1213,17.23904109,30.261081934,3
1214,17.2591650486,30.2676029205,3
1215,17.2750349045,30.2681879997,3
1216,17.2888610363,30.2690110207,3
1217,17.3011310101,30.2754430771,3
1218,17.3136658669,30.2785880566,3
1219,17.3295440674,30.301692009,3
1220,17.3516900539,30.3054890633,3
1221,17.3654770851,30.3764939308,3
1222,17.381469965,30.4105229378,3
1223,17.3950600624,30.4112319946,3
1224,17.4068629742,30.4116539955,3
1225,17.4285719395,30.4120690823,3
1226,17.4446439743,30.4135599136,3
1227,17.4705898762,30.428385973,3
1228,17.4843249321,30.4569458961,1
1229,17.4970190525,30.4575030804,1
1230,17.5095798969,30.4821269512,1
1231,17.5298500061,30.489495039,1
1232,17.5417690277,30.5222048759,1
1233,17.5534710884,30.5363690853,1
1234,17.5689909458,30.5367949009,1
1235,17.5819039345,30.5381569862,1
1236,17.5992438793,30.554502964,1
1237,17.6107769012,30.5646119118,1
1238,17.6262199879,30.6001670361,1
1239,17.6433649063,30.6056089401,1
1240,17.6600999832,30.6152610779,1
1241,17.6786630154,30.6829738617,1
1242,17.6909639835,30.6840639114,1
1243,17.7031729221,30.6848580837,1
1244,17.7164978981,30.6856639385,1
1245,17.7359080315,30.6942448616,1
1246,17.7477278709,30.7438969612,1
1247,17.7748708725,30.7810320854,1
1248,17.7912120819,30.7818670273,1
1249,17.8106989861,30.7841348648,3
1250,17.8224179745,30.8124380112,3
1251,17.8349878788,30.814399004,3
1252,17.8557698727,30.8213028908,3
1253,17.8942558765,30.8603949547,3
1254,17.9105610847,30.8733830452,3
1255,17.9301049709,30.9206058979,3
1256,17.9479160309,31.021889925,3
1257,18.0777668953,31.0366978645,3
1258,18.0899369717,31.0457060337,3
1259,18.102545023,31.060338974,3
1260,18.1153869629,31.0727930069,3
1261,18.1274719238,31.1385009289,3
1262,18.1406970024,31.1393258572,3
1263,18.164028883,31.142013073,3
1264,18.1952860355,31.1640620232,3
1265,18.2313480377,31.2139458656,3
1266,18.259814024,31.2192769051,3
1267,18.2749500275,31.2492969036,3
1268,18.2959969044,31.2556860447,3
1269,18.3107938766,31.2868840694,3
1270,18.3239650726,31.294672966,3
1271,18.3437929153,31.3016049862,3
1272,18.3634619713,31.3268048763,3
1273,18.38342309,31.3533680439,3
1274,18.403580904,31.3674969673,3
1275,18.4184420109,31.3943619728,3
1276,18.4337489605,31.4044249058,3
1277,18.4537539482,31.4283890724,1
1278,18.473553896,31.4292008877,1
1279,18.4874949455,31.4428639412,1
1280,18.498939991,31.467400074,1
1281,18.5162038803,31.4818918705,1
1282,18.5309178829,31.512460947,1
1283,18.5432319641,31.5227210522,1
1284,18.5590779781,31.5262200832,1
1285,18.5759289265,31.5329859257,1
1286,18.5883860588,31.549052,1
1287,18.6130568981,31.5803179741,1
1288,18.6294970512,31.5896098614,1
1289,18.6411600113,31.6185939312,1
1290,18.6590828896,31.6308438778,1
1291,18.6718199253,31.6368920803,1
1292,18.6843180656,31.6451289654,1
1293,18.7019410133,31.668243885,1
1294,18.7220339775,31.6756589413,1
1295,18.7419688702,31.700150013,1
1296,18.7559878826,31.7142310143,1
1297,18.768239975,31.7310419083,1
1298,18.7863068581,31.747647047,1
1299,18.8008999825,31.7693619728,1
1300,18.8159329891,31.815114975,1
1301,18.8279368877,31.8185389042,1
1302,18.8410029411,31.8195490837,1
1303,18.8577609062,31.8280360699,1
1304,18.8787109852,31.8344519138,1
1305,18.890280962,31.8478910923,1
1306,18.9157600403,31.8847219944,2
1307,18.9332070351,31.8919029236,2
1308,18.9494400024,31.9233529568,2
1309,18.9611330032,31.9242329597,2
1310,18.9810678959,31.9591870308,2
1311,18.9938189983,31.9600598812,2
1312,19.0082578659,31.9677109718,2
1313,19.0246040821,31.9996030331,2
1314,19.0544729233,32.0078599453,2
1315,19.0665838718,32.0382890701,2
1316,19.0827078819,32.0391979218,2
1317,19.0949819088,32.0529198647,2
1318,19.1106159687,32.0666749477,2
1319,19.1305608749,32.0899560452,2
1320,19.1421239376,32.0947470665,2
1321,19.1623809338,32.1287760735,2
1322,19.1820459366,32.1529090405,2
1323,19.2021100521,32.1909840107,2
1324,19.2221779823,32.1918160915,2
1325,19.2411699295,32.2297799587,2
1326,19.2627170086,32.230659008,2
1327,19.2819070816,32.2462759018,2
1328,19.2951638699,32.2592048645,2
1329,19.3078019619,32.2844419479,2
1330,19.3212120533,32.2944130898,2
1331,19.3336429596,32.3019070625,2
1332,19.3495590687,32.3032438755,2
1333,19.3623309135,32.3328990936,2
1334,19.373800993,32.3398208618,2
1335,19.4027700424,32.3584239483,0
1336,19.4176619053,32.3993880749,0
1337,19.4330430031,32.4003379345,0
1338,19.4465060234,32.400758028,0
1339,19.4601819515,32.4412989616,0
1340,19.4803459644,32.4456789494,0
1341,19.4946510792,32.4812610149,0
1342,19.5199210644,32.4827580452,0
1343,19.5336709023,32.5165250301,0
1344,19.5497350693,32.5169620514,0
1345,19.5643730164,32.5228619576,0
1346,19.576171875,32.5350339413,0
1347,19.6036410332,32.5605149269,0
1348,19.6359710693,32.6240038872,0
1349,19.6604819298,32.6292660236,0
1350,19.6751980782,32.6337099075,0
1351,19.6915240288,32.6526830196,0
1352,19.712957859,32.66792202,0
1353,19.7302720547,32.727355957,0
1354,19.7421619892,32.7288360596,0
1355,19.7582910061,32.729722023,0
1356,19.77008605,32.7589349747,0
1357,19.7921910286,32.7620229721,0
1358,19.8115420341,32.8034629822,0
1359,19.8300440311,32.8150188923,0
1360,19.8431129456,32.8394548893,0
1361,19.8677170277,32.84314394,0
1362,19.8791670799,32.8574819565,2
1363,19.8919658661,32.8621580601,2
1364,19.9054560661,32.8795518875,2
1365,19.9170429707,32.8906469345,2
1366,19.9478020668,32.9298090935,2
1367,19.9626328945,33.0466220379,2
1368,20.0962660313,33.0573320389,2
1369,20.1138310432,33.0686199665,2
1370,20.1361589432,33.0931270123,2
1371,20.1496319771,33.120208025,2
1372,20.1743769646,33.1298758984,2
1373,20.1941349506,33.159635067,2
1374,20.2109918594,33.1626360416,2
1375,20.225566864,33.1993260384,2
1376,20.2396330833,33.2023088932,2
1377,20.25978899,33.2348558903,2
1378,20.2797529697,33.2409009933,2
1379,20.294770956,33.2471249104,2
1380,20.306568861,33.2717680931,2
1381,20.3214609623,33.2737560272,2
1382,20.3352460861,33.30626297,2
1383,20.3495190144,33.3100039959,2
1384,20.370445013,33.3437380791,2
1385,20.3833110332,33.3454189301,2
1386,20.4108960629,33.3826179504,2
1387,20.4262728691,33.3834979534,2
1388,20.4497718811,33.4229688644,2
1389,20.4682109356,33.4437859058,0
1390,20.4833948612,33.4512429237,0
1391,20.4986619949,33.5069460869,0
1392,20.5191030502,33.5092148781,0
1393,20.5328369141,33.5097229481,0
1394,20.5585160255,33.5378239155,0
1395,20.5706748962,33.538271904,0
1396,20.5861880779,33.545017004,0
1397,20.6008219719,33.575881958,0
1398,20.6175060272,33.5806500912,0
1399,20.6328020096,33.5905160904,0
1400,20.6501870155,33.6155810356,0
1401,20.6621649265,33.6169519424,0
1402,20.6800420284,33.6529939175,0
1403,20.7088198662,33.6887309551,0
1404,20.7362520695,33.6958858967,0
1405,20.7689869404,33.7304499149,0
1406,20.7829549313,33.7744660378,0
1407,20.8059639931,33.8112130165,0
1408,20.8278939724,33.9158089161,0
1409,20.8418190479,33.9162199497,0
1410,20.8583240509,33.9258749485,0
1411,20.8725099564,33.9266819954,0
1412,20.8926808834,33.943862915,3
1413,20.9131469727,33.9445469379,3
1414,20.9352939129,33.9450039864,3
1416,20.9971299171,33.9570319653,3
1415,20.9625098705,33.9718170166,3
1417,21.0091750622,33.9732968807,3
1418,21.0336840153,34.0125110149,3
1419,21.0505139828,34.0191640854,3
1420,21.0682199001,34.0292189121,3
1421,21.0845420361,34.04479599,3
1422,21.0979170799,34.0540270805,3
1423,21.1095659733,34.0698149204,3
1424,21.1283099651,34.0836639404,3
1425,21.1476159096,34.1549749374,3
1426,21.1675610542,34.1654229164,3
1427,21.1842889786,34.1661429405,3
1428,21.2008559704,34.17060709,3
1429,21.2143499851,34.1743569374,3
1430,21.2343080044,34.1921370029,3
1431,21.2638139725,34.2244288921,3
1432,21.2800688744,34.2620940208,3
1433,21.2996070385,34.2701399326,3
1434,21.3192639351,34.2746479511,3
1435,21.334569931,34.3154969215,3
1436,21.3505420685,34.3592779636,3
1437,21.4184570312,34.4383580685,3
1438,21.4978539944,34.4600288868,3
1439,21.5121109486,34.4890010357,3
1440,21.5253920555,34.5047769547,1
1441,21.5377619267,34.6009070873,1
1442,21.5508599281,34.6018390656,1
1443,21.5628590584,34.6025960445,1
1444,21.5831310749,34.6034960747,1
1445,21.6032109261,34.6042659283,1
1446,21.6177759171,34.6110470295,1
1447,21.6302008629,34.611882925,1
1448,21.6530780792,34.6204199791,1
1449,21.6683559418,34.6208438873,1
1450,21.6841669083,34.7077329159,1
1451,21.6979439259,34.7087950706,1
1452,21.7096009254,34.7143800259,1
1453,21.7296319008,34.7177729607,1
1454,21.7508130074,34.7184510231,1
1455,21.769824028,34.7339940071,1
1456,21.789233923,34.7432219982,1
1457,21.8015789986,34.7701010704,1
1458,21.8282139301,34.8096730709,1
1459,21.846834898,34.818778038,1
1460,21.8623650074,34.8233699799,1
1461,21.8745119572,34.8429369926,1
1462,21.8868219852,34.8597328663,1
1463,21.903637886,34.8651230335,1
1464,21.9166409969,34.8758320808,2
1465,21.9400470257,34.8918380737,2
1466,21.9519279003,34.9267709255,2
1467,21.9765560627,34.9594430923,2
1468,21.9883379936,34.9611320496,2
1469,22.0009250641,34.9676179886,2
1470,22.0152270794,34.9752669334,2
1471,22.0267429352,34.9960589409,2
1472,22.046020031,35.0077700615,2
1473,22.0660619736,35.0173108578,2
1474,22.0933349133,35.0513920784,2
1475,22.1090209484,35.0714819431,2
1476,22.1227970123,35.079985857,2
1477,22.1348659992,35.095459938,2
1478,22.1467990875,35.1033670902,2
1479,22.1623549461,35.1450350285,2
1480,22.1801068783,35.1585559845,2
1481,22.2030539513,35.1608569622,2
1482,22.2186579704,35.1795668602,2
1483,22.2356610298,35.1915750504,2
1484,22.2472419739,35.221873045,2
1485,22.2799189091,35.2378230095,2
1486,22.2995588779,35.3201138973,2
1487,22.3123090267,35.332654953,2
1488,22.3342368603,35.3390140533,2
1489,22.347949028,35.3412890434,2
1490,22.363038063,35.3424808979,2
1491,22.3817939758,35.397069931,2
1492,22.4660818577,35.4189090729,0
1493,22.4833850861,35.4535419941,0
1494,22.4957680702,35.4545018673,0
1495,22.5113220215,35.4843609333,0
1496,22.5286939144,35.4986879826,0
1497,22.5451030731,35.5105669498,0
1498,22.5585598946,35.5280559063,0
1499,22.5732319355,35.5288910866,0
1500,22.5934109688,35.5680010319,0
1501,22.6049420834,35.5688898563,0
1502,22.6191880703,35.5794999599,0
1503,22.6360499859,35.5897040367,0
1504,22.6525349617,35.6079759598,0
1505,22.6740250587,35.6430380344,0
1506,22.6867029667,35.643504858,0
1507,22.6999678612,35.6556539536,0
1508,22.7118320465,35.6868920326,0
1509,22.7233889103,35.6874849796,0
1510,22.7359468937,35.6891930103,0
1511,22.752177,35.7265949249,0
1512,22.7697548866,35.7497990131,3
1513,22.7905049324,35.7546739578,3
1514,22.8035850525,35.7709479332,3
1515,22.8184108734,35.77592206,3
1516,22.8302378654,35.7829999924,3
1517,22.8443310261,35.8061289787,3
1518,22.8635630608,35.8193070889,3
1519,22.8840060234,35.8516440392,3
1520,22.8992450237,35.8537299633,3
1521,22.9131829739,35.888272047,3
1522,22.9269120693,35.8911669254,3
1523,22.9431669712,35.976952076,3
1524,22.9593150616,36.0035309792,3
1525,22.9835889339,36.0124049187,3
1526,22.9979279041,36.0128629208,3
1527,23.0132000446,36.0132880211,3
1528,23.0333480835,36.013712883,3
1529,23.0483410358,36.0167379379,3
1530,23.0635929108,36.0227339268,3
1531,23.0834538937,36.0485088825,3
1532,23.0972259045,36.0532338619,3
1533,23.1132259369,36.0720059872,3
1534,23.1273739338,36.0874650478,1
1535,23.143171072,36.10323596,1
1536,23.1731660366,36.139895916,1
1537,23.1848120689,36.1442089081,1
1538,23.1981730461,36.1567869186,1
1539,23.2121598721,36.176653862,1
1540,23.2256650925,36.179598093,1
1541,23.2371809483,36.1908168793,1
1542,23.2513020039,36.2205369473,1
1543,23.268652916,36.2221989632,1
1544,23.2903108597,36.2541439533,1
1545,23.3030700684,36.2590470314,1
1546,23.3296399117,36.2946028709,1
1547,23.3474879265,36.3312819004,1
1548,23.3862428665,36.4153859615,1
1549,23.4811220169,36.4359879494,1
1550,23.4938509464,36.4653940201,1
1551,23.5089058876,36.4708819389,1
1552,23.5218260288,36.4788479805,1
1553,23.5369460583,36.5022568703,1
1554,23.5512349606,36.5129189491,1
1555,23.568199873,36.5369980335,1
1556,23.5833959579,36.5784289837,1
1557,23.6082179546,36.5793349743,1
1558,23.6356909275,36.6173410416,1
1559,23.6728000641,36.6290280819,2
1560,23.6843519211,36.6553890705,2
1561,23.7116239071,36.662940979,2
1562,23.7266218662,36.6944320202,2
1563,23.7520849705,36.7337739468,2
1564,23.7646150589,36.7391040325,2
1565,23.7762870789,36.74888587,2
1566,23.7884230614,36.7494220734,2
1567,23.8015010357,36.7570650578,2
1568,23.8185038567,36.7744979858,2
1569,23.8303389549,36.7842350006,2
1570,23.8423900604,36.8253688812,2
1571,23.8572969437,36.8262569904,2
1572,23.9463300705,36.9007248878,2
1573,23.9665839672,36.9268980026,2
1574,23.9802470207,36.9445490837,2
1575,23.9928600788,37.0438520908,2
1576,24.0058679581,37.0460040569,2
1577,24.0193710327,37.0492038727,2
1578,24.0361409187,37.0503768921,2
1579,24.0479109287,37.1164090633,2
1580,24.0638129711,37.1217610836,2
1581,24.076499939,37.147053957,2
1582,24.1071059704,37.1522860527,2
1583,24.1202509403,37.1628539562,2
1584,24.1323618889,37.1694018841,2
1585,24.1445720196,37.177852869,2
1586,24.1613678932,37.1844089031,2
1587,24.1816270351,37.1908888817,2
1588,24.1984388828,37.1956999302,0
1589,24.2129778862,37.1961979866,0
1590,24.2503540516,37.2180149555,0
1591,24.2637770176,37.2250230312,0
1592,24.2900090218,37.260931015,0
1593,24.302531004,37.2667889595,0
1594,24.3198130131,37.307051897,0
1595,24.3342280388,37.3108370304,0
1596,24.3529069424,37.3403480053,0
1597,24.3680520058,37.3436169624,0
1598,24.3843369484,37.3442530632,0
1599,24.4002940655,37.3888270855,0
1600,24.4152450562,37.3976950645,0
1601,24.4359169006,37.4689919949,0
1602,24.4479670525,37.4950568676,0
1603,24.4681909084,37.4971320629,0
1604,24.4883360863,37.50406003,0
1605,24.500469923,37.6045389175,0
1606,24.5138680935,37.6055080891,0
1607,24.5272259712,37.6068770885,0
1608,24.5386688709,37.6082320213,0
1609,24.5532009602,37.6161770821,2
1610,24.5680639744,37.6209430695,2
1611,24.6050140858,37.668861866,2
1612,24.6212918758,37.6693079472,2
1613,24.6440210342,37.6709969044,2
1614,24.6824140549,37.6715319157,2
1615,24.6947610378,37.6720199585,2
1616,24.7213258743,37.7513768673,2
1617,24.736522913,37.7584090233,2
1618,24.7600178719,37.7615499496,2
1619,24.780600071,37.7632858753,2
1620,24.7942619324,37.7638258934,2
1621,24.8059818745,37.771187067,2
1622,24.8204159737,37.7817869186,2
1623,24.834184885,37.7893929482,2
1624,24.8458499908,37.812748909,2
1625,24.8586308956,37.8131980896,2
1626,24.8740799427,37.8297328949,2
1627,24.8879520893,37.841629982,2
1628,24.9031319618,37.8576169014,2
1629,24.9167590141,37.8722388744,2
1630,24.9349570274,37.8911640644,2
1631,24.9511120319,37.9142179489,2
1632,24.9687888622,37.9273788929,2
1633,24.9863340855,37.9442958832,0
1634,25.001347065,37.9662070274,0
1635,25.016753912,37.9696829319,0
1636,25.0295109749,38.0869879723,0
1637,25.044023037,38.0942518711,0
1638,25.0636088848,38.095099926,0
1639,25.082349062,38.0979158878,0
1640,25.0945789814,38.1027669907,0
1641,25.1098549366,38.1033620834,0
1642,25.1245179176,38.1050848961,0
1643,25.2122938633,38.1707100868,0
1644,25.2297680378,38.2038049698,0
1645,25.2514529228,38.2163510323,0
1646,25.2709798813,38.2298898697,0
1647,25.2868850231,38.2652208805,0
1648,25.3026380539,38.267031908,0
1649,25.3142790794,38.2708389759,0
1650,25.3265769482,38.2990620136,0
1651,25.3383929729,38.3007569313,0
1652,25.3526060581,38.3061389923,0
1653,25.3653240204,38.3422498703,0
1654,25.3769500256,38.3426759243,0
1655,25.4019870758,38.4617249966,0
1656,25.4206678867,38.468100071,0
1657,25.4368219376,38.4709188938,0
1658,25.4484789371,38.4740619659,0
1659,25.4642789364,38.4857468605,0
1660,25.4774050713,38.7451648712,3
1661,25.4937829971,38.7460460663,3
1662,25.5148859024,38.7464990616,3
1663,25.5264689922,38.7508890629,3
1664,25.5557739735,38.7517569065,3
1665,25.5897159576,38.7594819069,3
1666,25.6026279926,38.7636120319,3
1667,25.6146728992,38.7798569202,3
1668,25.6275980473,38.7849738598,3
1669,25.6444499493,38.785435915,3
1670,25.6670849323,38.789413929,3
1671,25.6814210415,38.7900590897,3
1672,25.6978390217,38.7905240059,3
1673,25.714869976,38.8027749062,3
1674,25.7508599758,38.8081018925,3
1675,25.782583952,38.8485689163,3
1676,25.7946228981,38.8506319523,3
1677,25.8098130226,38.856523037,3
1678,25.8249740601,38.8724460602,3
1679,25.8380758762,38.884043932,3
1680,25.8538370132,38.886854887,1
1681,25.875346899,38.8966529369,1
1682,25.894824028,38.9089999199,1
1683,25.9107680321,38.9124119282,1
1684,25.9228298664,38.9235470295,1
1685,25.9348220825,38.9241318703,1
1686,25.9554240704,38.9657740593,1
1687,25.970854044,38.9745399952,1
1688,25.9967660904,38.9838299751,1
1689,26.0112559795,38.9906048775,1
1690,26.0238649845,38.9970929623,1
1691,26.0357160568,39.0021810532,1
1692,26.0472350121,39.0045859814,1
1693,26.0706548691,39.0420129299,1
1694,26.0859079361,39.042468071,1
1695,26.0995779037,39.0853979588,1
1696,26.1207740307,39.0987660885,1
1697,26.1380019188,39.1057980061,1
1698,26.1555800438,39.1190419197,1
1699,26.1715419292,39.1303129196,1
1700,26.1847560406,39.1606519222,1
1701,26.1997230053,39.1615240574,1
1702,26.2201650143,39.2006208897,1
1703,26.2526910305,39.2135179043,1
1704,26.2716360092,39.2399048805,1
1705,26.287391901,39.2494699955,1
1706,26.3050758839,39.2662010193,1
1707,26.3303360939,39.2925260067,1
1708,26.3465619087,39.3044419289,3
1709,26.3664879799,39.3221929073,3
1710,26.3780200481,39.3321979046,3
1711,26.3983519077,39.3621969223,3
1712,26.4098289013,39.3626248837,3
1713,26.4280309677,39.3815169334,3
1714,26.4398210049,39.3962879181,3
1715,26.4664509296,39.4248349667,3
1716,26.4822590351,39.4421410561,3
1717,26.5042488575,39.4700510502,3
1718,26.5222909451,39.4845759869,3
1719,26.5504610538,39.5195510387,3
1720,26.5721518993,39.5253469944,3
1721,26.5865209103,39.5388510227,3
1722,26.6021389961,39.5613260269,3
1723,26.6291699409,39.5967600346,3
1724,26.6455528736,39.6006019115,3
1725,26.656908989,39.612860918,3
1726,26.6687500477,39.6360809803,3
1727,26.6823849678,39.6506869793,3
1728,26.6937499046,39.6575710773,3
1729,26.7056488991,39.6665999889,3
1730,26.7195289135,39.6825320721,1
1731,26.7376489639,39.7367298603,1
1732,26.7519369125,39.7398929596,1
1733,26.7650129795,39.7412209511,1
1734,26.77648592,39.754958868,1
1735,26.8277740479,39.7857489586,1
1736,26.8690459728,39.8301548958,1
1737,26.8828690052,39.8639769554,1
1738,26.8957509995,39.8649070263,1
1739,26.9267370701,39.9062180519,1
1740,26.9386429787,39.9068410397,1
1741,26.9653818607,39.9352099895,1
1742,26.9851469994,39.97179389,1
1743,26.9988999367,39.972233057,1
1744,27.0116419792,39.9734799862,1
1745,27.0432100296,40.0112330914,1
1746,27.0552248955,40.0183110237,1
1747,27.0713188648,40.0522580147,1
1748,27.0838170052,40.0597319603,1
1749,27.0956048965,40.063544035,1
1750,27.1205730438,40.087182045,1
1751,27.1321539879,40.0885670185,1
1752,27.1460208893,40.1014308929,1
1753,27.1578509808,40.136920929,1
1754,27.1725819111,40.1406350136,1
1755,27.1973030567,40.1595420837,1
1756,27.2349669933,40.200083971,2
1757,27.2720460892,40.2384910583,2
1758,27.2893998623,40.2451770306,2
1759,27.3055388927,40.2667920589,2
1760,27.3170630932,40.2716178894,2
1761,27.346724987,40.3198349476,2
1762,27.3586039543,40.3209459782,2
1763,27.3840410709,40.3543748856,2
1764,27.399283886,40.3585529327,2
1765,27.4228670597,40.3865330219,2
1766,27.4357569218,40.3969700336,2
1767,27.4483370781,40.4021689892,2
1768,27.4607889652,40.415571928,2
1769,27.4730770588,40.4305949211,2
1770,27.4997189045,40.4625430107,2
1771,27.5156350136,40.4755260944,2
1772,27.537858963,40.4906229973,2
1773,27.5568819046,40.6428160667,2
1774,27.6907970905,40.6489670277,2
1775,27.7036509514,40.656899929,2
1776,27.7257740498,40.6799759865,2
1777,27.7375378609,40.6927139759,2
1778,27.7608668804,40.716645956,2
1779,27.7726559639,40.7300159931,0
1780,27.7995519638,40.7537620068,0
1781,27.8167729378,40.7794299126,0
1782,27.8346400261,40.7892649174,0
1783,27.8464999199,40.8576769829,0
1784,27.8722920418,40.8585550785,0
1785,27.8877959251,40.8734998703,0
1786,27.9167759418,40.8761820793,0
1787,27.9488990307,40.9056069851,0
1788,27.9605369568,40.9163770676,0
1789,27.9887559414,40.9447219372,0
1790,28.0003759861,41.0281279087,0
1791,28.0254430771,41.0587120056,0
1792,28.0372400284,41.0669550896,0
1793,28.0643420219,41.0675330162,0
1794,28.0769779682,41.0680088997,0
1795,28.0981330872,41.0684449673,0
1796,28.1115250587,41.0718579292,0
1797,28.1415889263,41.099768877,0
1798,28.1572589874,41.1371619701,0
1799,28.1720728874,41.1404418945,0
1800,28.1872918606,41.1419150829,0
1801,28.20195508,41.185587883,0
1802,28.2209010124,41.1889810562,0
1803,28.2331399918,41.1998150349,3
1804,28.259832859,41.2144370079,3
1805,28.2718629837,41.2261679173,3
1806,28.304625988,41.2598469257,3
1807,28.3239030838,41.2832610607,3
1808,28.3388259411,41.3118610382,3
1809,28.3503260612,41.3168389797,3
1810,28.3727450371,41.3257069588,3
1811,28.3859119415,41.3411018848,3
1812,28.4149520397,41.3822469711,3
1813,28.4300119877,41.3886289597,3
1814,28.4566419125,41.4125320911,3
1815,28.4704608917,41.4475209713,3
1816,28.4830329418,41.4541180134,3
1817,28.4946980476,41.4627099037,3
1818,28.5075759888,41.4867680073,3
1819,28.5243010521,41.4876220226,3
1820,28.5627980232,41.5285079479,3
1821,28.5772168636,41.5393650532,3
1822,28.5954539776,41.556374073,3
1823,28.6154088974,41.5695729256,3
1824,28.6419599056,41.6028800011,3
1825,28.6565029621,41.6112689972,3
1826,28.6724760532,41.6339809895,3
1827,28.6902940273,41.6504809856,3
1828,28.7210240364,41.6779088974,3
1829,28.7326209545,41.6919229031,3
1830,28.7456479073,41.7170028687,3
1831,28.7633960247,41.7178649902,3
1832,28.7749688625,41.7295360565,3
1833,28.7981748581,41.7586960793,1
1834,28.8324120045,41.7983908653,1
1835,28.8579540253,41.8258478642,1
1836,28.8724548817,41.8262860775,1
1837,28.8869359493,41.8737459183,1
1838,28.8982050419,41.966629982,1
1839,28.9098598957,41.9676508904,1
1840,28.9244720936,41.9699718952,1
1841,28.9398109913,41.9708440304,1
1842,28.9613630772,41.9738919735,1
1843,28.9997870922,41.9873650074,1
1844,29.0144250393,41.9929969311,1
1845,29.028398037,41.9989659786,1
1846,29.0407459736,42.0035409927,1
1847,29.0524280071,42.0316078663,1
1848,29.0645859241,42.0342969894,1
1849,29.0825769901,42.0456478596,1
1850,29.0967280865,42.0553269386,1
1851,29.1109030247,42.0720388889,1
1852,29.1370918751,42.0950629711,1
1853,29.1535100937,42.1352169514,1
1854,29.1812469959,42.1392059326,1
1855,29.2147688866,42.1756060123,1
1856,29.2277479172,42.1866419315,1
1857,29.2538249493,42.2281560898,1
1858,29.2677340508,42.2399699688,1
1859,29.2799608707,42.2414200306,1
1860,29.29185009,42.2498400211,1
1861,29.306689024,42.2635550499,1
1862,29.3289339542,42.2868950367,1
1863,29.3410089016,42.3277468681,3
1864,29.3560528755,42.3610808849,3
1865,29.3721458912,42.39686203,3
1866,29.3867759705,42.4037280083,3
1867,29.4043629169,42.4181530476,3
1868,29.418585062,42.5135560036,3
1869,29.4463469982,42.5549819469,3
1870,29.4795088768,42.5563440323,3
1871,29.4911420345,42.5636529922,3
1872,29.5178160667,42.5872058868,3
1873,29.5330748558,42.5880630016,3
1874,29.556830883,42.5891129971,3
1875,29.5736730099,42.5899128914,3
1876,29.5873119831,42.5905139446,3
1877,29.5988590717,42.5910859108,3
1878,29.6314170361,42.5915648937,3
1879,29.6432850361,42.6221270561,3
1880,29.669563055,42.6320550442,3
1881,29.6823630333,42.6635210514,3
1882,29.6958630085,42.6642348766,3
1883,29.7073850632,42.6783530712,3
1884,29.7194859982,42.6987528801,3
1885,29.7312130928,42.7042529583,3
1886,29.791615963,42.7774648666,3
1887,29.820152998,42.8378350735,3
1888,29.8392350674,42.8687460423,3
1889,29.9095289707,42.8708229065,3
1890,29.9345788956,42.905755043,3
1891,29.9462220669,42.9099888802,1
1892,29.9731738567,42.9931180477,1
1893,29.9891159534,42.994052887,1
1894,30.0134489536,43.0019450188,1
1895,30.0250170231,43.0115630627,1
1896,30.0503180027,43.1069779396,1
1897,30.0619270802,43.1092069149,1
1898,30.0888249874,43.1131129265,1
1899,30.1016540527,43.1250748634,1
1900,30.1132700443,43.126445055,1
1901,30.1253249645,43.1271760464,1
1902,30.1370079517,43.1315670013,1
1903,30.1647970676,43.1382930279,1
1904,30.1767220497,43.1415798664,1
1905,30.2033770084,43.1690599918,1
1906,30.241658926,43.2294318676,1
1907,30.2549228668,43.2299158573,1
1908,30.2800118923,43.2419600487,1
1909,30.2932779789,43.247125864,1
1910,30.3053500652,43.2592189312,1
1911,30.317401886,43.4477729797,1
1912,30.332392931,43.4762380123,1
1913,30.3450040817,43.4776890278,1
1914,30.3573029041,43.4782068729,1
1915,30.3766880035,43.4796569347,1
1916,30.3913700581,43.4821178913,1
1917,30.4051470757,43.4828920364,1
1921,30.4902830124,43.48762393,1
1922,30.5077719688,43.4890589714,1
1923,30.5459010601,43.5137720108,1
1924,30.5714249611,43.553745985,1
1925,30.5921530724,43.5622189045,1
1926,30.6111328602,43.5865218639,1
1927,30.6231520176,43.5872850418,1
1928,30.6454019547,43.6200449467,1
1929,30.6571478844,43.6310908794,1
1930,30.6695768833,43.6343979836,1
1931,30.6830999851,43.6406109333,1
1932,30.6969430447,43.6677570343,1
1933,30.7181050777,43.6760780811,1
1934,30.7343330383,43.6977598667,1
1935,30.7471899986,43.7055659294,1
1936,30.7723388672,43.7503409386,1
1918,30.4193210602,43.7515048981,1
1937,30.7900500298,43.7887320518,1
1938,30.8134689331,43.7921700478,1
1939,30.8294279575,43.9445250034,1
1940,30.9905788898,43.9575819969,1
1941,31.003633976,43.9865710735,1
1942,31.0182340145,43.9908890724,1
1943,31.0314369202,44.0010869503,1
1944,31.044107914,44.0019450188,1
1945,31.0561959743,44.0153179169,1
1946,31.0739479065,44.0466749668,1
1947,31.0900709629,44.0552039146,1
1948,31.1042878628,44.0642828941,1
1949,31.1170940399,44.0718579292,1
1950,31.1305508614,44.0850260258,1
1951,31.1485059261,44.1008400917,1
1952,31.165792942,44.1201410294,1
1953,31.199379921,44.159514904,1
1954,31.2193789482,44.1910018921,1
1955,31.2312169075,44.1940190792,1
1956,31.2431540489,44.1975030899,1
1957,31.2570800781,44.2394340038,1
1958,31.2740149498,44.2405738831,1
1959,31.2880740166,44.2474629879,1
1960,31.3045589924,44.2829489708,1
1961,31.3208448887,44.2886109352,1
1962,31.3562970161,44.3137280941,1
1963,31.375,44.402438879,1
1964,31.4737839699,44.4302299023,1
1965,31.4868609905,44.442661047,1
1966,31.5016899109,44.4878900051,1
1967,31.517469883,44.489276886,1
1968,31.5502119064,44.5047240257,1
1969,31.5701608658,44.540045023,1
1970,31.5885748863,44.5510299206,1
1971,31.6048049927,44.5892388821,1
1972,31.6297140121,44.5900518894,1
1973,31.6630859375,44.6595680714,1
1974,31.6751930714,44.6619079113,1
1975,31.7017889023,44.6675009727,1
1976,31.7181649208,44.6778268814,1
1977,31.7402179241,44.7047929764,1
1978,31.7790598869,44.7442920208,1
1979,31.8179609776,44.7831680775,1
1980,31.8575088978,44.8215370178,1
1981,31.8750100136,44.8784558773,1
1982,31.890748024,44.8949189186,1
1983,31.9022738934,44.8998959064,1
1984,31.9186630249,44.9009449482,1
1985,31.9331080914,44.910296917,1
1986,31.9505560398,44.911233902,1
1987,31.9706978798,44.9226720333,1
1988,31.990901947,44.956330061,1
1989,32.0052769184,44.9601180553,1
1990,32.0198030472,45.0027329922,1
1991,32.0352110863,45.0071668625,1
1992,32.0563340187,45.0207118988,1
1993,32.0765879154,45.0457279682,1
1994,32.0903110504,45.0516629219,1
1995,32.1022720337,45.0578460693,1
1996,32.1139099598,45.0774269104,1
1997,32.1347079277,45.0915379524,1
1998,32.1478319168,45.1162259579,1
1999,32.1678359509,45.1255989075,1
2000,32.1856548786,45.1819989681,1
