PacketSeqNo,GeneratedTime(sec),ArrivalTime(sec),MulticastIdx
1,0.0020899772644,5.29319095612,1
2,0.0143468379974,5.29433989525,1
3,0.027291059494,5.3002178669,1
4,0.0402100086212,5.31323695183,1
5,0.0531330108643,5.32523798943,1
6,0.0655429363251,5.34386301041,1
7,0.0784599781036,5.35225391388,1
8,0.0910398960114,5.37787604332,1
9,0.103567838669,5.3782889843,1
10,0.115895986557,5.39092898369,1
11,0.130535840988,5.41445684433,1
12,0.142856836319,5.41784501076,1
13,0.155094861984,5.42742586136,1
14,0.167969942093,5.44229483604,1
15,0.180722951889,5.45277190208,1
16,0.193212032318,5.48421502113,1
17,0.221942901611,5.4965069294,1
18,0.233973026276,5.52502703667,1
19,0.246417999268,5.52583885193,1
20,0.25928902626,5.53780293465,1
21,0.271677017212,5.5463809967,1
22,0.28435087204,5.55800294876,1
23,0.2982609272,5.57575893402,1
24,0.312373876572,5.60647797585,1
25,0.325562000275,5.60685396194,1
26,0.337641000748,5.6145169735,1
27,0.349833011627,5.62219905853,1
28,0.361978054047,5.63845205307,1
29,0.374292850494,5.64805197716,1
30,0.38743686676,5.66312384605,1
31,0.399855852127,5.68469285965,1
32,0.41264796257,5.68951797485,1
33,0.425722837448,5.72071099281,1
34,0.438894987106,5.72114300728,1
35,0.451706886292,5.72755098343,1
36,0.465038061142,5.76133394241,1
37,0.47812795639,5.7761080265,3
38,0.490754842758,5.77796697617,3
39,0.503404855728,5.78200697899,3
40,0.515688896179,5.7913620472,3
41,0.527956962585,5.80485391617,3
42,0.540770053864,5.815762043,3
43,0.553318023682,5.83724188805,3
44,0.56599187851,5.84762907028,3
45,0.578851938248,5.87829303741,3
46,0.59156703949,5.8789639473,3
47,0.603895902634,5.87941002846,3
48,0.616412878036,5.89283895493,3
49,0.629138946533,5.90726399422,3
50,0.642187833786,5.92137289047,3
51,0.654774904251,5.92520189285,3
52,0.66764998436,5.94165992737,3
53,0.680594921112,5.95518398285,3
54,0.693790912628,5.96735286713,3
55,0.706332921982,5.99737501144,3
56,0.719259977341,5.99813604355,3
57,0.731981039047,6.00886201859,3
58,0.744792938232,6.01652598381,3
59,0.757001876831,6.02916383743,3
60,0.769486904144,6.04236698151,3
61,0.781936883926,6.05471587181,3
62,0.794095993042,6.07304000854,3
63,0.807050943375,6.08250904083,1
64,0.820242881775,6.1128308773,1
65,0.832695960999,6.11323785782,1
66,0.844895839691,6.11914992332,1
67,0.857524871826,6.15123486519,1
68,0.870674848557,6.15164804459,1
69,0.883525848389,6.15972304344,1
70,0.896123886108,6.17436099052,1
71,0.90887093544,6.18193101883,1
72,0.921480894089,6.1940100193,1
73,0.934005022049,6.20660591125,1
74,0.946269035339,6.22468590736,1
75,0.95911693573,6.23367595673,1
76,0.972192049026,6.26476788521,1
77,0.984524965286,6.2651848793,1
78,0.997190952301,6.2724108696,1
79,1.00996303558,6.29946804047,1
80,1.02251696587,6.29988598824,1
81,1.03524184227,6.30773806572,1
82,1.04832196236,6.34085583687,1
83,1.0612039566,6.38035392761,1
84,1.07415390015,6.39286398888,2
85,1.08656001091,6.39484000206,2
86,1.09897089005,6.40019702911,2
87,1.11157798767,6.40498304367,2
88,1.12449288368,6.42478895187,2
89,1.13708806038,6.43261599541,2
90,1.14987587929,6.43309783936,2
91,1.16281485558,6.43619990349,2
92,1.17560100555,6.45793890953,2
93,1.18859291077,6.46412301064,2
94,1.20177793503,6.49336385727,2
95,1.21456885338,6.49383592606,2
96,1.22669792175,6.50048899651,2
97,1.23908495903,6.53067684174,2
98,1.25218486786,6.53424596786,2
99,1.2649948597,6.53846693039,2
100,1.27830195427,6.5659968853,2
101,1.29115986824,6.56640505791,2
102,1.30363702774,6.58100104332,2
103,1.31650090218,6.60933303833,2
104,1.32989001274,6.615929842,2
105,1.34271383286,6.63163304329,0
106,1.35569190979,6.63357686996,0
107,1.36880397797,6.64600396156,0
108,1.38173484802,6.65374302864,0
109,1.39439296722,6.73395991325,0
110,1.40648388863,6.73916506767,0
111,1.41881585121,6.73971390724,0
112,1.43123984337,6.74019289017,0
113,1.44387388229,6.74722194672,0
114,1.45595002174,6.74776506424,0
115,1.46855688095,6.76560306549,0
116,1.48127293587,6.77096486092,0
117,1.49373292923,6.77670693398,0
118,1.50612592697,6.77830290794,0
119,1.51887583733,6.80059099197,0
120,1.53156900406,6.80874896049,0
121,1.54413485527,6.82171487808,0
122,1.55702400208,6.84907102585,0
123,1.56980895996,6.84947395325,0
124,1.58255386353,6.88309407234,0
125,1.59489798546,6.88610196114,0
126,1.6074090004,6.9752779007,0
127,1.62046003342,6.97587490082,0
128,1.63317394257,7.00436902046,0
129,1.64611291885,7.00673103333,0
130,1.65913295746,7.00845193863,0
131,1.67206192017,7.00889706612,0
132,1.68436098099,7.01218605042,2
133,1.69676494598,7.01419687271,2
134,1.70937490463,7.01481103897,2
135,1.72265696526,7.0153439045,2
136,1.73518896103,7.01578307152,2
137,1.74773001671,7.02501106262,2
138,1.76060605049,7.0391099453,2
139,1.77373194695,7.04783201218,2
140,1.78630900383,7.05820202827,2
141,1.79870605469,7.07969999313,2
142,1.81101489067,7.08658599854,2
143,1.82344293594,7.11637187004,2
144,1.83579683304,7.12094306946,2
145,1.8481669426,7.15272593498,2
146,1.86071586609,7.15883207321,2
147,1.87346386909,7.16098499298,2
148,1.88602495193,7.16314101219,2
149,1.898665905,7.17803287506,2
150,1.91106796265,7.18196105957,2
151,1.9235868454,7.19505596161,2
152,1.93583106995,7.20612096786,2
153,1.94847106934,7.22752594948,0
154,1.96162390709,7.23368906975,0
155,1.97419905663,7.27122402191,0
156,1.98640799522,7.29752206802,0
157,1.99879002571,7.29795694351,0
158,2.01185393333,7.30985689163,0
159,2.02378606796,7.31165599823,0
160,2.03629684448,7.31213188171,0
161,2.04864883423,7.34412288666,0
162,2.06091403961,7.34660100937,0
163,2.07379603386,7.34895586967,0
164,2.08680486679,7.39198088646,0
165,2.09863305092,7.39235687256,0
166,2.11102485657,7.3975110054,0
167,2.12620091438,7.40338897705,0
168,2.13812184334,7.41081190109,0
169,2.1503880024,7.42202496529,0
170,2.162555933,7.434445858,0
171,2.17527794838,7.46491193771,0
172,2.18776798248,7.46529483795,0
173,2.20014500618,7.47477889061,0
174,2.21782684326,7.4997420311,0
175,2.23007392883,7.50325083733,0
176,2.24232387543,7.5936858654,0
177,2.25483703613,7.59433293343,0
178,2.26738190651,7.59474301338,0
179,2.27951788902,7.62485790253,0
180,2.29139399529,7.63627505302,0
181,2.30784487724,7.63722991943,0
182,2.32136201859,7.64437198639,0
183,2.33366990089,7.66700005531,2
184,2.34595894814,7.66752195358,2
185,2.35825705528,7.67020702362,2
186,2.37062001228,7.67110204697,2
187,2.38310599327,7.67644405365,2
188,2.39511394501,7.67695093155,2
189,2.40831804276,7.68483185768,2
190,2.42091393471,7.69302487373,2
191,2.43590593338,7.70628190041,2
192,2.45027589798,7.73601603508,2
193,2.46272492409,7.73641300201,2
194,2.47483801842,7.74778199196,2
195,2.48741698265,7.77608084679,2
196,2.50001788139,7.77650094032,2
197,2.51354503632,7.78649902344,2
198,2.52525496483,7.80280399323,2
199,2.53822088242,7.81209897995,2
200,2.54991602898,7.8250849247,2
201,2.56149291992,7.84063100815,2
202,2.57365989685,7.85234498978,2
203,2.58895087242,7.87595796585,2
204,2.60512685776,7.88173794746,2
205,2.62166285515,7.94800806046,2
206,2.63678097725,7.95069503784,0
207,2.65210604668,7.96344995499,0
208,2.66889691353,7.9640109539,0
209,2.68447995186,7.9697508812,0
210,2.69673585892,7.97226285934,0
211,2.70931506157,8.00147199631,0
212,2.72098898888,8.00461292267,0
213,2.73706793785,8.01668190956,0
214,2.75044393539,8.02750301361,0
215,2.76247406006,8.03463506699,0
216,2.77590799332,8.0512650013,0
217,2.78781604767,8.05867195129,0
218,2.80129885674,8.07587695122,0
219,2.81693601608,8.11114501953,0
220,2.82967686653,8.11155605316,0
221,2.84182286263,8.11987686157,0
222,2.855052948,8.15342497826,0
223,2.86689591408,8.15629005432,0
224,2.87931895256,8.16226100922,0
225,2.8911049366,8.16880393028,0
226,2.90515804291,8.18226599693,0
227,2.91718387604,8.19414901733,0
228,2.92896389961,8.20845484734,0
229,2.94316697121,8.22513699532,0
230,2.95510983467,8.23239803314,0
231,2.96804094315,8.24053287506,0
232,2.98009800911,8.26224589348,2
233,2.99256491661,8.26630401611,2
234,3.00442099571,8.30604696274,2
235,3.02344584465,8.31590485573,2
236,3.04165697098,8.31634187698,2
237,3.05371284485,8.3240840435,2
238,3.06610393524,8.33762192726,2
239,3.08269190788,8.35790491104,2
240,3.09553289413,8.3712079525,2
241,3.12051296234,8.39601302147,2
242,3.14705204964,8.41970896721,2
243,3.16422605515,8.45282888412,2
244,3.17981886864,8.45956897736,2
245,3.19248700142,8.4692299366,2
246,3.20503902435,8.4806098938,2
247,3.22350287437,8.49686598778,2
248,3.23684406281,8.51075196266,2
249,3.26438689232,8.54676699638,2
250,3.28485584259,8.55743384361,2
251,3.29675602913,8.58780503273,2
252,3.30899405479,8.59072303772,0
253,3.33794784546,8.62810897827,0
254,3.35255098343,8.63707494736,0
255,3.36477398872,8.64441084862,0
256,3.37689185143,8.65038084984,0
257,3.38886189461,8.66517996788,0
258,3.41492295265,8.68920302391,0
259,3.42687797546,8.69880104065,0
260,3.45346999168,8.74067091942,0
261,3.46888589859,8.74734592438,0
262,3.4924030304,8.78025889397,0
263,3.50653600693,8.78336405754,0
264,3.52321100235,8.80537700653,0
265,3.53651499748,8.82709789276,0
266,3.54823303223,8.83106589317,0
267,3.56938195229,8.8456530571,0
268,3.5815179348,8.85933804512,0
269,3.60858988762,8.88276100159,0
270,3.62306690216,8.97748494148,0
271,3.64078187943,8.98282885551,0
272,3.65368485451,8.98564195633,3
273,3.6661260128,8.99376296997,3
274,3.67912507057,8.99718594551,3
275,3.69198203087,9.00152587891,3
276,3.70590496063,9.00453495979,3
277,3.72877788544,9.02642703056,3
278,3.75381088257,9.02941894531,3
279,3.76573491096,9.04152393341,3
280,3.78079199791,9.05340385437,3
281,3.80583405495,9.07784485817,3
282,3.82148098946,9.09320092201,3
283,3.84401488304,9.11679291725,3
284,3.85947084427,9.13447904587,3
285,3.88204193115,9.15904998779,3
286,3.89654803276,9.17698097229,3
287,3.91750001907,9.19180583954,3
288,3.93064498901,9.21279287338,3
289,3.95740890503,9.23875188828,3
290,3.97367501259,9.25074100494,3
291,3.99570393562,9.26814985275,3
292,4.01313996315,9.31682395935,3
293,4.07293796539,9.36084294319,3
294,4.08500695229,9.4046318531,1
295,4.11193799973,9.40881490707,1
296,4.12644004822,9.41122794151,1
297,4.14105892181,9.44192695618,1
298,4.15609788895,9.44298100471,1
299,4.1697640419,9.44755506516,1
300,4.18924498558,9.45976185799,1
301,4.20383501053,9.47805404663,1
302,4.22638702393,9.50597286224,1
303,4.23795700073,9.51113986969,1
304,4.26411604881,9.54083895683,1
305,4.28104400635,9.56987690926,1
306,4.30242300034,9.57808494568,1
307,4.31417989731,9.58891487122,1
308,4.33891296387,9.61286187172,1
309,4.35357999802,9.64627599716,1
310,4.36555099487,9.65142703056,1
311,4.37921905518,9.65242195129,1
312,4.3920340538,9.67829585075,1
313,4.40441584587,9.67869997025,1
314,4.41701388359,9.68944096565,1
315,4.42888593674,9.70027589798,1
316,4.44111204147,9.71621394157,1
317,4.45580196381,9.72821497917,1
318,4.47675395012,9.75913596153,1
319,4.49486303329,9.77541089058,1
320,4.50889801979,9.78242087364,1
321,4.52392983437,9.79641389847,1
322,4.53907489777,9.81010985374,1
323,4.55362701416,9.83248186111,2
324,4.5657889843,9.83989500999,2
325,4.58097791672,9.85355997086,2
326,4.60504889488,9.89330887794,2
327,4.65005397797,9.94177293777,2
328,4.66307902336,9.94384789467,2
329,4.69147896767,10.0308699608,2
330,4.70502996445,10.0356309414,2
331,4.73268389702,10.0381820202,2
332,4.74524784088,10.0391309261,2
333,4.75832700729,10.0486290455,2
334,4.77129197121,10.0496280193,2
335,4.7856669426,10.0591878891,2
336,4.80587601662,10.0784640312,2
337,4.81918883324,10.1027009487,2
338,4.8471429348,10.1509530544,2
339,4.88037395477,10.1647360325,2
340,4.89276003838,10.165902853,2
341,4.91105604172,10.1862049103,2
342,4.92539095879,10.1975870132,2
343,4.93696403503,10.2110700607,2
344,4.95389199257,10.2263820171,2
345,4.96556305885,10.240860939,2
346,4.99114584923,10.2728059292,2
347,5.00465202332,10.2771499157,2
348,5.02960705757,10.3022940159,0
349,5.04185295105,10.3148288727,0
350,5.05923604965,10.3332290649,0
351,5.07267189026,10.4594378471,0
352,5.08511686325,10.4622700214,0
353,5.09730386734,10.4686889648,0
354,5.10916304588,10.4752030373,0
355,5.12085294724,10.4758489132,0
356,5.14929103851,10.4762639999,0
357,5.16118001938,10.4766728878,0
358,5.18075585365,10.4770510197,0
359,5.19742894173,10.4805350304,0
360,5.21301102638,10.4927680492,0
361,5.22512888908,10.5141408443,0
362,5.24288392067,10.5175149441,0
363,5.25616502762,10.5355429649,0
364,5.2774310112,10.5738608837,0
365,5.29049706459,10.58314991,0
366,5.3156850338,10.6074359417,0
367,5.3317899704,10.6089708805,0
368,5.35567998886,10.6418049335,0
369,5.37466192245,10.6526870728,0
370,5.38897490501,10.6845240593,0
371,5.41296386719,10.6865260601,0
372,5.42455887794,10.6949708462,0
373,5.43813085556,10.7250669003,0
374,5.45302796364,10.7307019234,0
375,5.46783804893,10.7822389603,0
376,5.48013186455,10.7893409729,0
377,5.50692200661,10.7978439331,2
378,5.52008605003,10.7988610268,2
379,5.5332300663,10.8064198494,2
380,5.54503893852,10.8222420216,2
381,5.55699586868,10.8461580276,2
382,5.57375502586,10.854804039,2
383,5.58918404579,10.8706889153,2
384,5.60249400139,10.8747470379,2
385,5.61502289772,10.9102339745,2
386,5.64301204681,10.9457979202,2
387,5.67942094803,10.9813649654,2
388,5.69304800034,10.9822330475,2
389,5.70516705513,10.9907140732,2
390,5.71704792976,11.0179388523,2
391,5.72851395607,11.0238039494,2
392,5.74002790451,11.0244660378,2
393,5.75459098816,11.0291209221,2
394,5.77382087708,11.0529558659,2
395,5.78683900833,11.0655310154,2
396,5.79994392395,11.0891489983,2
397,5.8122780323,11.0899739265,2
398,5.82425093651,11.1098258495,2
399,5.83723402023,11.1118099689,2
400,5.85167503357,11.1486890316,2
401,5.86923599243,11.1534750462,2
402,5.88090205193,11.1584818363,2
403,5.89268898964,11.1651568413,2
404,5.90448689461,11.1745889187,2
405,5.91936087608,11.1966819763,2
406,5.93966698647,11.2124190331,0
407,5.95484089851,11.2434170246,0
408,5.97358894348,11.2559070587,0
409,5.99116802216,11.2845368385,0
410,6.00584101677,11.2889590263,0
411,6.01733803749,11.2902400494,0
412,6.02954101562,11.3250849247,0
413,6.04552292824,11.3262279034,0
414,6.05772686005,11.3601119518,0
415,6.07074284554,11.3605358601,0
416,6.08518004417,11.3609418869,0
417,6.09919691086,11.3761789799,0
418,6.11349201202,11.3989489079,0
419,6.12873291969,11.4020979404,0
420,6.1418030262,11.4142608643,0
421,6.15757799149,11.4379229546,0
422,6.1737639904,11.4446229935,0
423,6.18950605392,11.4769818783,0
424,6.20934104919,11.49842906,0
425,6.22184205055,11.5122249126,0
426,6.23450994492,11.515969038,0
427,6.2478749752,11.5183620453,0
428,6.26229286194,11.5343060493,0
429,6.27403402328,11.5582990646,0
430,6.2883439064,11.5734698772,0
431,6.30124306679,11.6799938679,0
432,6.31465792656,11.6847498417,0
433,6.33173489571,11.6875660419,0
434,6.34572196007,11.6887059212,0
435,6.35887598991,11.7195520401,3
436,6.37248301506,11.7205989361,3
437,6.3919980526,11.7246210575,3
438,6.42144083977,11.7255849838,3
439,6.43496584892,11.7280099392,3
440,6.44665193558,11.7459030151,3
441,6.45991492271,11.7462899685,3
442,6.47296500206,11.762223959,3
443,6.48579883575,11.7640500069,3
444,6.49815988541,11.7714939117,3
445,6.51056003571,11.7872028351,3
446,6.5222890377,11.7969179153,3
447,6.53882789612,11.8155088425,3
448,6.55095386505,11.8254048824,3
449,6.56823205948,11.8571300507,3
450,6.58582401276,11.8575818539,3
451,6.59772086143,11.871571064,3
452,6.6101038456,11.9047298431,3
453,6.62177991867,11.9065158367,3
454,6.63841700554,11.9201889038,3
455,6.65718102455,11.9421839714,3
456,6.66977095604,11.9505479336,3
457,6.68274188042,11.9549660683,3
458,6.69611287117,11.9807598591,3
459,6.70804691315,11.9883389473,3
460,6.72576284409,12.0172679424,3
461,6.7373020649,12.0261240005,1
462,6.75026297569,12.0292608738,1
463,6.76526093483,12.0405020714,1
464,6.78178501129,12.0536489487,1
465,6.79780697823,12.0690689087,1
466,6.81400895119,12.0948879719,1
467,6.82988286018,12.1009700298,1
468,6.84378600121,12.1282448769,1
469,6.85596585274,12.1350779533,1
470,6.86770987511,12.1853060722,1
471,6.88580703735,12.1875469685,1
472,6.89800691605,12.1883468628,1
473,6.91020703316,12.1928079128,1
474,6.92469787598,12.2035310268,1
475,6.93753886223,12.2085938454,1
476,6.95581889153,12.2272620201,1
477,6.96866106987,12.413465023,1
478,6.98183894157,12.4154920578,1
479,6.99770498276,12.416631937,1
480,7.01680493355,12.4178378582,1
481,7.03812384605,12.4185550213,1
482,7.05031991005,12.43521595,1
483,7.06247806549,12.4380159378,1
484,7.09255003929,12.4393699169,1
485,7.13025903702,12.6352720261,2
486,7.14199090004,12.6362700462,2
487,7.17199087143,12.646999836,2
488,7.18488383293,12.6549599171,2
489,7.19797205925,12.6569509506,2
490,7.21142101288,12.6574020386,2
491,7.22388100624,12.6577959061,2
492,7.23690605164,12.6620638371,2
493,7.24900794029,12.6626589298,2
494,7.26189398766,12.6638219357,2
495,7.27389883995,12.6684269905,2
496,7.29214906693,12.6693139076,2
497,7.3060259819,12.6697049141,2
498,7.32174086571,12.6724159718,2
499,7.33358693123,12.6735868454,2
500,7.35104799271,12.6762928963,2
501,7.37135696411,12.6876418591,2
502,7.38549590111,12.6956870556,2
503,7.4107530117,12.7645719051,2
504,7.42731404305,12.778179884,2
505,7.4427690506,12.7790038586,2
506,7.45519995689,12.7793998718,2
507,7.46695685387,12.7797608376,2
508,7.48884701729,12.7804830074,2
509,7.50111293793,12.7808380127,2
510,7.51586103439,12.7918078899,2
511,7.52984189987,12.8203480244,2
512,7.54222297668,12.8214039803,2
513,7.55501699448,12.8507869244,0
514,7.57074189186,12.859183073,0
515,7.58497285843,12.8613829613,0
516,7.59901499748,12.8890659809,0
517,7.62666797638,12.8967599869,0
518,7.64071702957,12.9316270351,0
519,7.67301392555,12.9698679447,0
520,7.70641589165,12.9789659977,0
521,7.74070096016,13.0175249577,0
522,7.7560749054,13.0475330353,0
523,7.77543306351,13.0517940521,0
524,7.79235506058,13.0630569458,0
525,7.805768013,13.0773439407,0
526,7.83592104912,13.1214959621,0
527,7.8503818512,13.1287209988,0
528,7.874781847,13.1654779911,0
529,7.89618301392,13.1683139801,0
530,7.91357588768,13.1992549896,0
531,7.93101000786,13.2084078789,0
532,7.94983506203,13.246721983,0
533,7.96791195869,13.2576489449,0
534,7.98286795616,13.2630360126,0
535,8.01995801926,13.2957530022,0
536,8.03339195251,13.3115589619,0
537,8.04557991028,13.3193259239,0
538,8.06464505196,13.3511178493,0
539,8.08734798431,13.3609850407,0
540,8.10301995277,13.3874659538,2
541,8.12251591682,13.3934409618,2
542,8.13449406624,13.4045279026,2
543,8.14953589439,13.4304590225,2
544,8.16202998161,13.435008049,2
545,8.17416787148,13.5117368698,2
546,8.19325590134,13.5132689476,2
547,8.2050280571,13.5143890381,2
548,8.22034788132,13.5154850483,2
549,8.23853683472,13.5166890621,2
550,8.25300598145,13.5516479015,2
551,8.26973485947,13.5561330318,2
552,8.28279495239,13.561663866,2
553,8.29778599739,13.57081604,2
554,8.30981588364,13.5841350555,2
555,8.3344810009,13.613079071,2
556,8.34624004364,13.6168010235,2
557,8.36026787758,13.6506359577,2
558,8.37177801132,13.651129961,2
559,8.38611602783,13.6563389301,2
560,8.4118168354,13.6892459393,2
561,8.42713403702,13.7043209076,2
562,8.45702195168,13.7330389023,2
563,8.49027204514,13.7621388435,2
564,8.50585889816,13.7772040367,2
565,8.52587103844,13.8067688942,2
566,8.53737902641,13.8201420307,2
567,8.55000686646,13.8582060337,0
568,8.56868886948,14.0570390224,0
569,8.58472895622,14.0678389072,0
570,8.60244894028,14.0682690144,0
571,8.61873984337,14.0686700344,0
572,8.63412904739,14.0690479279,0
573,8.64623689651,14.0706839561,0
574,8.67210793495,14.0725619793,0
575,8.68420791626,14.0733289719,0
576,8.70023703575,14.0783059597,0
577,8.71429491043,14.0853729248,0
578,8.73491406441,14.0865888596,0
579,8.74671292305,14.092993021,0
580,8.76010489464,14.0940098763,0
581,8.77508997917,14.1062209606,0
582,8.84340691566,14.1627080441,0
583,8.85640406609,14.1637370586,0
584,8.8761548996,14.1667258739,0
585,8.88949990273,14.1969609261,0
586,8.91013383865,14.2005980015,0
587,8.92947506905,14.2389819622,0
588,8.94525098801,14.2418060303,0
589,8.95706105232,14.2433609962,0
590,8.98087596893,14.2550530434,0
591,8.99561691284,14.2673530579,0
592,9.02008199692,14.2921569347,0
593,9.03460097313,14.4105529785,3
594,9.15120506287,14.4795069695,3
595,9.17397689819,14.4873828888,3
596,9.19081497192,14.4884150028,3
597,9.21460604668,14.5081138611,3
598,9.23097586632,14.5085020065,3
599,9.24369001389,14.677298069,3
600,9.25575900078,14.6778149605,3
601,9.2698199749,14.697674036,3
602,9.2895128727,14.704102993,3
603,9.30683398247,14.7045099735,3
604,9.33064889908,14.7049059868,3
605,9.3473918438,14.7052960396,3
606,9.36069393158,14.7103948593,3
607,9.37256193161,14.7108159065,3
608,9.40449500084,14.7167389393,3
609,9.41780591011,14.7172679901,3
610,9.44417500496,14.7176759243,3
611,9.45612597466,14.7388820648,3
612,9.47933197021,14.7616069317,3
613,9.4910569191,14.7915079594,1
614,9.5034070015,14.7920360565,1
615,9.51658606529,14.7938439846,1
616,9.52845883369,14.8213379383,1
617,9.54497003555,14.8285908699,1
618,9.55852890015,14.8427739143,1
619,9.57845306396,14.851017952,1
620,9.59054803848,14.8634650707,1
621,9.60231304169,14.8897349834,1
622,9.63092803955,14.9049429893,1
623,9.64655685425,14.941493988,1
624,9.66638588905,14.9454619884,1
625,9.68080401421,14.9602739811,1
626,9.70730090141,14.9834749699,1
627,9.7191619873,15.0052878857,1
628,9.74649596214,15.030176878,1
629,9.76641798019,15.036370039,1
630,9.78100895882,15.062253952,1
631,9.79353499413,15.0678339005,1
632,9.80852985382,15.0791149139,1
633,9.82735300064,15.1188690662,1
634,9.85729885101,15.1280260086,1
635,9.8690290451,15.1570270061,2
636,9.89779496193,15.1723198891,2
637,9.91755390167,15.2016620636,2
638,9.93467402458,15.2039299011,2
639,9.94693303108,15.2363989353,2
640,9.96404886246,15.2420098782,2
641,9.98421406746,15.271627903,2
642,10.0133118629,15.2823119164,2
643,10.0291359425,15.3217380047,2
644,10.0453188419,15.3254990578,2
645,10.0570788383,15.3304288387,2
646,10.0694918633,15.3439848423,2
647,10.0842180252,15.3575758934,2
648,10.0969469547,15.3900940418,2
649,10.1100158691,15.3966350555,2
650,10.1222169399,15.4041059017,2
651,10.1418628693,15.4175620079,2
652,10.1547288895,15.4369668961,2
653,10.1692428589,15.4415030479,2
654,10.1884348392,15.462403059,2
655,10.2003619671,15.4708280563,2
656,10.2246210575,15.5017910004,2
657,10.2362580299,15.5088829994,2
658,10.2480230331,15.5380859375,2
659,10.2602539062,15.5388760567,2
660,10.2745099068,15.5532639027,2
661,10.2889540195,15.5787658691,2
662,10.3044798374,15.5888869762,2
663,10.3219430447,15.5999519825,0
664,10.3349590302,15.6065819263,0
665,10.3539719582,15.6244440079,0
666,10.3669450283,15.6540210247,0
667,10.3846540451,15.6581959724,0
668,10.4023718834,15.6994700432,0
669,10.4166810513,15.7029678822,0
670,10.4325668812,15.7347369194,0
671,10.4468119144,15.7355439663,0
672,10.4585850239,15.7535049915,0
673,10.4701428413,15.7589299679,0
674,10.4821350574,15.7655739784,0
675,10.4975659847,15.7728078365,0
676,10.5117750168,15.7832870483,0
677,10.5251848698,15.8233690262,0
678,10.5469779968,15.8326349258,0
679,10.5647819042,15.8364589214,0
680,10.5911409855,15.8640420437,0
681,10.6031098366,15.9016299248,0
682,10.6294620037,15.9026720524,0
683,10.6627650261,15.9603250027,0
684,10.6767990589,15.9770710468,0
685,10.7020540237,15.9901368618,0
686,10.7172968388,16.0169410706,0
687,10.7347240448,16.0173430443,0
688,10.7472059727,16.0252430439,0
689,10.7782690525,16.0571570396,2
690,10.7901909351,16.0606479645,2
691,10.8020439148,16.0751769543,2
692,10.8156280518,16.0977928638,2
693,10.8308029175,16.1041240692,2
694,10.8708238602,16.1624948978,2
695,10.88230896,16.1684470177,2
696,10.8942370415,16.1688389778,2
697,10.9075379372,16.2000539303,2
698,10.9326858521,16.2067508698,2
699,10.9510579109,16.2888140678,2
700,11.0481669903,16.3245079517,2
701,11.063783884,16.3386819363,2
702,11.085048914,16.3580129147,2
703,11.1022698879,16.3893089294,2
704,11.1209409237,16.3970010281,2
705,11.1331698895,16.4106910229,2
706,11.1620819569,16.4379858971,2
707,11.1760070324,16.4495658875,2
708,11.2035109997,16.4756200314,2
709,11.235460043,16.5094468594,2
710,11.2529349327,16.5478279591,2
711,11.2770860195,16.5490078926,2
712,11.2901799679,16.5921740532,2
713,11.3017439842,16.5934309959,2
714,11.3169760704,16.6000490189,0
715,11.3352129459,16.6740250587,0
716,11.4265210629,16.7018048763,0
717,11.440171957,16.7408299446,0
718,11.4520819187,16.7477519512,0
719,11.4651329517,16.7554209232,0
720,11.4796149731,16.7628538609,0
721,11.4997060299,16.7725448608,0
722,11.5198090076,16.7919070721,0
723,11.5390570164,16.8149759769,0
724,11.5508408546,16.8303320408,0
725,11.5628349781,16.8381369114,0
726,11.5777008533,16.8548898697,0
727,11.5946269035,16.8639919758,0
728,11.6073169708,16.8853609562,0
729,11.6198308468,16.923017025,0
730,11.6344900131,16.9235179424,0
731,11.7155809402,16.9906768799,0
732,11.7281389236,17.0018649101,0
733,11.748100996,17.0233118534,0
734,11.7674438953,17.0577800274,0
735,11.7879109383,17.0612280369,0
736,11.8018109798,17.0797610283,0
737,11.8181319237,17.0972180367,0
738,11.8384640217,17.1388218403,3
739,11.8549990654,17.1470160484,3
740,11.8678479195,17.167249918,3
741,11.8878529072,17.1676380634,3
742,11.9030098915,17.1755578518,3
743,11.9289078712,17.2256188393,3
744,11.9630098343,17.2399418354,3
745,11.9827699661,17.3010408878,3
746,11.9967050552,17.301954031,3
747,12.0084769726,17.3060648441,3
748,12.0202419758,17.30686903,3
749,12.0385758877,17.3156919479,3
750,12.0518958569,17.3290958405,3
751,12.0682239532,17.341078043,3
752,12.0815548897,17.3614199162,3
753,12.0983428955,17.3715200424,3
754,12.1122460365,17.3858878613,3
755,12.1272349358,17.4026088715,3
756,12.1420960426,17.4165630341,3
757,12.1619918346,17.4506368637,3
758,12.176058054,17.4524190426,3
759,12.1876578331,17.479339838,3
760,12.1994509697,17.4799070358,3
761,12.2110438347,17.4803478718,3
762,12.2241828442,17.4960150719,3
763,12.2374548912,17.5293159485,3
764,12.2542009354,17.5424039364,3
765,12.274009943,17.5660319328,1
766,12.2891008854,17.5677239895,1
767,12.3005599976,17.5852718353,1
768,12.3145978451,17.6093049049,1
769,12.3277518749,17.6108419895,1
770,12.3418090343,17.6229479313,1
771,12.3539328575,17.6268520355,1
772,12.3744249344,17.6632659435,1
773,12.3881299496,17.66416502,1
774,12.4094748497,17.7006540298,1
775,12.4289119244,17.7018990517,1
776,12.4436540604,17.7177188396,1
777,12.4705119133,17.7447190285,1
778,12.4885599613,17.7766449451,1
779,12.5034139156,17.7774050236,1
780,12.5162398815,17.7914719582,1
781,12.5471570492,17.8200149536,1
782,12.5609109402,17.8615300655,1
783,12.5730750561,17.8673689365,1
784,12.5912969112,17.936619997,1
785,12.6231889725,17.9626970291,1
786,12.6369180679,17.981705904,1
787,12.663476944,17.9894258976,1
788,12.68440485,17.9898219109,1
789,12.6969330311,17.99939394,3
790,12.7094919682,17.9999489784,3
791,12.7213149071,18.0003819466,3
792,12.7694890499,18.0408709049,3
793,12.7814400196,18.0731179714,3
794,12.7936608791,18.1127679348,3
795,12.8078360558,18.1140210629,3
796,12.8197720051,18.115489006,3
797,12.833304882,18.1199140549,3
798,12.8527810574,18.1310689449,3
799,12.8642389774,18.1456620693,3
800,12.8896329403,18.1798579693,3
801,12.9280369282,18.2187640667,3
802,12.9402070045,18.2269899845,3
803,12.9672729969,18.3913860321,3
804,12.9795210361,18.3971920013,3
805,13.0054249763,18.3981468678,3
806,13.0187809467,18.3989109993,3
807,13.0539598465,18.3996748924,3
808,13.0680558681,18.4004518986,3
809,13.0795738697,18.4099829197,3
810,13.0940668583,18.411303997,3
811,13.1186618805,18.4238040447,3
812,13.1376440525,18.4248759747,3
813,13.1492350101,18.4409439564,3
814,13.1628420353,18.4525089264,1
815,13.174973011,18.4529349804,1
816,13.1957099438,18.4787900448,1
817,13.232945919,18.520706892,1
818,13.2443909645,18.5214760303,1
819,13.2709710598,18.5660738945,1
820,13.2864398956,18.5671739578,1
821,13.3106629848,18.5970008373,1
822,13.3302409649,18.6055989265,1
823,13.3424639702,18.632393837,1
824,13.3540568352,18.633161068,1
825,13.3660578728,18.6516580582,1
826,13.3898229599,18.6648249626,1
827,13.4023299217,18.685448885,1
828,13.4328968525,18.7096459866,1
829,13.4664549828,18.7430019379,1
830,13.4788269997,18.7708148956,1
831,13.49700284,18.8040180206,1
832,13.5108640194,18.8044128418,1
833,13.5282509327,18.8055789471,1
834,13.5402710438,18.817332983,1
835,13.5684828758,18.8537380695,1
836,13.5812299252,18.860200882,1
837,13.5929720402,18.8705379963,1
838,13.6062319279,18.8796839714,1
839,13.6177279949,18.886703968,1
840,13.6425609589,18.9176950455,1
841,13.6551969051,18.9267859459,3
842,13.6670019627,18.9559159279,3
843,13.6787199974,18.9566700459,3
844,13.6906960011,18.9700469971,3
845,13.702190876,18.9801330566,3
846,13.7172749043,18.9899098873,3
847,13.7303738594,19.0113799572,3
848,13.7501749992,19.0386688709,3
849,13.767665863,19.0448670387,3
850,13.7937190533,19.0731959343,3
851,13.827671051,19.114554882,3
852,13.8663358688,19.1498980522,3
853,13.8896989822,19.1633219719,3
854,13.9043428898,19.1852078438,3
855,13.9211750031,19.1920878887,3
856,13.9372639656,19.224822998,3
857,13.9490869045,19.23052001,3
858,13.9663670063,19.2768929005,3
859,13.9869790077,19.2782399654,3
860,14.0009288788,19.2805519104,3
861,14.0188338757,19.3131709099,3
862,14.03125,19.3191950321,1
863,14.0435249805,19.3337218761,1
864,14.0554289818,19.3342368603,1
865,14.0691618919,19.3389320374,1
866,14.0893669128,19.3603849411,1
867,14.1045160294,19.3813710213,1
868,14.1186718941,19.3920600414,1
869,14.132735014,19.417347908,1
870,14.1473469734,19.4321620464,1
871,14.1590838432,19.4446940422,1
872,14.1711170673,19.4623448849,1
873,14.1829998493,19.4640529156,1
874,14.2034389973,19.4951398373,1
875,14.2184739113,19.4960720539,1
876,14.2369658947,19.5353779793,1
877,14.2487719059,19.5358259678,1
878,14.2639319897,19.5608539581,1
879,14.2783548832,19.5679540634,1
880,14.3021030426,19.5737149715,1
881,14.3221549988,19.6098780632,1
882,14.3361840248,19.610378027,1
883,14.348156929,19.6366698742,1
884,14.3603270054,19.6417679787,1
885,14.3793208599,19.6545829773,1
886,14.391810894,19.6655330658,2
887,14.4048779011,19.7012169361,2
888,14.4173588753,19.7023599148,2
889,14.4294118881,19.7433290482,2
890,14.4456279278,19.7460260391,2
891,14.4693648815,19.7482659817,2
892,14.4887678623,19.7678508759,2
893,14.5051279068,19.776914835,2
894,14.5172729492,19.8134000301,2
895,14.5449268818,19.8174538612,2
896,14.5589799881,19.8379249573,2
897,14.5710060596,19.8407719135,2
898,14.5879979134,19.8582048416,2
899,14.6053409576,19.885819912,2
900,14.6212289333,19.8942759037,2
901,14.6366589069,19.9229738712,2
902,14.6713008881,19.963796854,2
903,14.6955358982,19.9738349915,2
904,14.7151839733,19.9890818596,2
905,14.7291648388,20.0053088665,2
906,14.7413468361,20.0161750317,2
907,14.7555148602,20.0341670513,2
908,14.769507885,20.0442230701,2
909,14.7890000343,20.0772018433,2
910,14.812130928,20.0854320526,2
911,14.8286099434,20.1119968891,2
912,14.8471119404,20.1202130318,2
913,14.8594908714,20.1591908932,2
914,14.872674942,20.160902977,0
915,14.8874158859,20.1660590172,0
916,14.9006550312,20.1715369225,0
917,14.9384138584,20.2091739178,0
918,14.9548020363,20.2281060219,0
919,14.9662370682,20.2420389652,0
920,14.9788608551,20.2618260384,0
921,14.9914779663,20.2626650333,0
922,15.0226049423,20.3061130047,0
923,15.0348820686,20.3102388382,0
924,15.0486650467,20.324616909,0
925,15.0618858337,20.335862875,0
926,15.0745060444,20.3511760235,0
927,15.0941090584,20.3784968853,0
928,15.1105830669,20.3984029293,0
929,15.123226881,20.425538063,0
930,15.1360070705,20.4287178516,0
931,15.1497750282,20.4362938404,0
932,15.174325943,20.4686260223,0
933,15.1886188984,20.4697709084,0
934,15.2077088356,20.500246048,0
935,15.222386837,20.5113110542,0
936,15.2446980476,20.542345047,0
937,15.2562949657,20.5478379726,0
938,15.268242836,20.5482828617,0
939,15.2813110352,20.5743758678,2
940,15.2955429554,20.5761189461,2
941,15.3185229301,20.5911700726,2
942,15.3300619125,20.6218738556,2
943,15.342402935,20.6258268356,2
944,15.3544340134,20.6268470287,2
945,15.3720350266,20.6468908787,2
946,15.4022469521,20.6927108765,2
947,15.4339599609,20.7306568623,2
948,15.4512209892,20.7372128963,2
949,15.4714949131,20.7677369118,2
950,15.4885518551,20.7685279846,2
951,15.5094079971,20.8056979179,2
952,15.5225570202,20.809278965,2
953,15.5378880501,20.8121860027,2
954,15.5493869781,20.8225190639,2
955,15.5617790222,20.8400390148,2
956,15.5932478905,20.8841269016,2
957,15.6152420044,20.8898398876,2
958,15.6269409657,20.9193749428,2
959,15.6386590004,20.9232850075,2
960,15.6502029896,20.929049015,2
961,15.6619200706,20.9362208843,2
962,15.6787559986,21.0540628433,2
963,15.6906199455,21.0578198433,2
964,15.7147479057,21.0793209076,0
965,15.7270588875,21.0837409496,0
966,15.7406828403,21.1007120609,0
967,15.7601208687,21.1082589626,0
968,15.7722568512,21.1115350723,0
969,15.7983369827,21.1123659611,0
970,15.8168690205,21.1548979282,0
971,15.8856348991,21.1579890251,0
972,15.9132969379,21.185972929,0
973,15.9306118488,21.1997518539,0
974,15.9511790276,21.2235958576,0
975,15.9648058414,21.2462248802,0
976,16.0014529228,21.3104379177,0
977,16.035889864,21.3155739307,0
978,16.0525419712,21.3316149712,0
979,16.0697479248,21.3519470692,0
980,16.08989501,21.3689980507,0
981,16.1075508595,21.3905599117,0
982,16.1199669838,21.3929829597,0
983,16.138450861,21.4132750034,0
984,16.1526868343,21.424767971,0
985,16.1729738712,21.4608919621,0
986,16.1889770031,21.4701449871,0
987,16.2050800323,21.4890170097,0
988,16.217040062,21.4898040295,0
989,16.2288918495,21.5254349709,0
990,16.2522029877,21.5409920216,2
991,16.2886168957,21.5831038952,2
992,16.3275339603,21.6203918457,2
993,16.3410139084,21.6242530346,2
994,16.3643219471,21.6352548599,2
995,16.3842229843,21.6592838764,2
996,16.4003829956,21.6890668869,2
997,16.4157400131,21.6993539333,2
998,16.4286520481,21.7001359463,2
999,16.4428780079,21.7593979836,2
1000,16.4592649937,21.7598609924,2
1001,16.470938921,21.774545908,2
1002,16.4972360134,21.7749419212,2
1003,16.5368208885,21.810806036,2
1004,16.5557918549,21.8397538662,2
1005,16.570497036,21.8587298393,2
1006,16.5822958946,21.864536047,2
1007,16.5990738869,21.8828048706,2
1008,16.6123540401,21.8881528378,2
1009,16.6251268387,21.9030299187,2
1010,16.6368658543,21.9063220024,2
1011,16.6597030163,21.9469468594,2
1012,16.6892659664,22.0021870136,2
1013,16.701529026,22.0031049252,2
1014,16.713463068,22.0041520596,2
1015,16.7253148556,22.0263669491,2
1016,16.7383320332,22.1185638905,2
1017,16.7506918907,22.1281039715,0
1018,16.7697479725,22.1309828758,0
1019,16.7908399105,22.1426818371,0
1020,16.8030810356,22.1434259415,0
1021,16.814538002,22.1441619396,0
1022,16.846134901,22.1448888779,0
1023,16.8583889008,22.1452720165,0
1024,16.8830599785,22.1614968777,0
1025,16.8955249786,22.1741440296,0
1026,16.9071788788,22.1865530014,0
1027,16.9186549187,22.1936900616,0
1028,16.9301688671,22.228415966,0
1029,16.9449849129,22.2339470387,0
1030,16.9659879208,22.2530360222,0
1031,16.985781908,22.2607009411,0
1032,16.997784853,22.2945940495,0
1033,17.0094878674,22.2950768471,0
1034,17.0360870361,22.3312969208,0
1035,17.0500218868,22.3404159546,0
1036,17.0667328835,22.3718850613,0
1037,17.0794029236,22.3815820217,0
1038,17.0909869671,22.3824958801,0
1039,17.1119759083,22.3957839012,0
1040,17.1504719257,22.4335429668,0
1041,17.1637458801,22.4360389709,0
1042,17.177697897,22.4634480476,0
1043,17.1894659996,22.4751360416,0
1044,17.2080919743,22.5762438774,0
1045,17.2671170235,22.5955939293,0
1046,17.2818229198,22.6011128426,0
1047,17.3001680374,22.6047039032,3
1048,17.3123049736,22.6052799225,3
1049,17.3240859509,22.6115438938,3
1050,17.3487298489,22.6325268745,3
1051,17.3669030666,22.6393280029,3
1052,17.3811950684,22.6600899696,3
1053,17.3927938938,22.6879479885,3
1054,17.4047629833,22.6917898655,3
1055,17.427257061,22.7989609241,3
1056,17.4407339096,22.8036990166,3
1057,17.5075900555,22.8118460178,3
1058,17.5362510681,22.8524038792,3
1059,17.5507240295,22.8610248566,3
1060,17.5678620338,22.8614728451,3
1061,17.5799489021,22.8793199062,3
1062,17.5917868614,22.880355835,3
1063,17.6137280464,22.8857269287,3
1064,17.6306819916,22.9215760231,3
1065,17.6523280144,22.9494490623,3
1066,17.6885209084,22.9972100258,3
1067,17.7077469826,23.1118910313,3
1068,17.720717907,23.1138379574,1
1069,17.732460022,23.1143138409,1
1070,17.7647509575,23.1280269623,1
1071,17.7799320221,23.1293919086,1
1072,17.8035600185,23.1320018768,1
1073,17.8189299107,23.1436219215,1
1074,17.8417470455,23.1469299793,1
1075,17.8537750244,23.1513450146,1
1076,17.8802139759,23.1591260433,1
1077,17.8964190483,23.1742889881,1
1078,17.9080379009,23.1966090202,1
1079,17.9216048717,23.1980409622,1
1080,17.9342050552,23.2300870419,1
1081,17.9476728439,23.2372710705,1
1082,17.9594218731,23.249630928,1
1083,17.9743008614,23.2501940727,1
1084,17.9952619076,23.2698569298,1
1085,18.0068390369,23.2852709293,1
1086,18.0426578522,23.3134119511,1
1087,18.0574719906,23.402577877,1
1088,18.0780189037,23.4151608944,1
1089,18.0896110535,23.4164118767,1
1090,18.1115920544,23.4183108807,1
1091,18.1239390373,23.42096591,1
1092,18.1395308971,23.4326028824,2
1093,18.1576838493,23.4396169186,2
1094,18.1724460125,23.4576208591,2
1095,18.1991779804,23.475632906,2
1096,18.2167840004,23.5086410046,2
1097,18.2283709049,23.5107409954,2
1098,18.2409238815,23.5320389271,2
1099,18.2680649757,23.5474760532,2
1100,18.2804160118,23.5691859722,2
1101,18.307199955,23.5835318565,2
1102,18.3202929497,23.6211080551,2
1103,18.3461680412,23.6285290718,2
1104,18.3598940372,23.6354238987,2
1105,18.3731589317,23.6431460381,2
1106,18.3856399059,23.6603598595,2
1107,18.4727530479,23.7455298901,2
1108,18.4997699261,23.7724540234,2
1109,18.5149798393,23.7953488827,2
1110,18.5387480259,23.8089809418,2
1111,18.5508520603,23.8363940716,2
1112,18.5698540211,23.8422889709,2
1113,18.581829071,23.8763978481,2
1114,18.6033639908,23.8862400055,2
1115,18.6167099476,23.9598309994,2
1116,18.6332280636,23.9670169353,2
1117,18.6504678726,23.9721808434,2
1118,18.6676800251,23.9762148857,2
1119,18.6811318398,23.9772069454,2
1120,18.6992540359,23.9906978607,2
1121,18.7231900692,23.9981119633,2
1122,18.7572920322,24.0341160297,0
1123,18.7688598633,24.0440509319,0
1124,18.7842299938,24.0719890594,0
1125,18.8002829552,24.0723910332,0
1126,18.8306250572,24.1066598892,0
1127,18.8422129154,24.1196470261,0
1128,18.866560936,24.1440310478,0
1129,18.8860740662,24.1637289524,0
1130,18.9011390209,24.1938998699,0
1131,18.9136660099,24.1980369091,0
1132,18.925344944,24.1989068985,0
1133,18.9372229576,24.3156118393,0
1134,18.9569928646,24.3183219433,0
1135,18.977449894,24.3203349113,0
1136,18.991163969,24.3216838837,0
1137,19.0141558647,24.322783947,0
1138,19.0259430408,24.3288948536,0
1139,19.0395309925,24.3293600082,0
1140,19.0566618443,24.3511888981,0
1141,19.0717830658,24.3572199345,0
1142,19.0896968842,24.3677048683,0
1143,19.1022610664,24.400701046,0
1144,19.1269760132,24.4128739834,0
1145,19.141160965,24.4224150181,2
1146,19.1570458412,24.4389359951,2
1147,19.1795229912,24.4646708965,2
1148,19.1919548512,24.4694600105,2
1149,19.2220518589,24.4990508556,2
1150,19.240967989,24.6245088577,2
1151,19.3537900448,24.6289980412,2
1152,19.3654689789,24.6414959431,2
1153,19.3786439896,24.6540050507,2
1154,19.3918590546,24.6685039997,2
1155,19.4171550274,24.6910719872,2
1156,19.4328939915,24.7282869816,2
1157,19.4570748806,24.72910285,2
1158,19.4925749302,24.7702040672,2
1159,19.5078549385,24.8013119698,2
1160,19.5306279659,24.8022999763,2
1161,19.5422689915,24.8398668766,2
1162,19.5721969604,24.8458139896,2
1163,19.5886750221,24.8811519146,2
1164,19.6016700268,24.8853008747,2
1165,19.6137340069,24.8897979259,2
1166,19.6315889359,24.91868186,2
1167,19.6515500546,24.92096591,2
1168,19.6802549362,24.9628939629,2
1169,19.6926970482,24.9678778648,2
1170,19.7197430134,24.9964540005,2
1171,19.7348909378,25.0042588711,2
1172,19.7579238415,25.040241003,2
1173,19.7748808861,25.0439589024,2
1174,19.7947909832,25.0775089264,0
1175,19.8082339764,25.0813639164,0
1176,19.8204319477,25.1152899265,0
1177,19.83679986,25.1211509705,0
1178,19.8517529964,25.1238019466,0
1179,19.8719389439,25.1479399204,0
1180,19.8843019009,25.1695899963,0
1181,19.9019999504,25.1887090206,0
1182,19.9177129269,25.1975538731,0
1183,19.9520628452,25.2217919827,0
1184,19.9716720581,25.2552099228,0
1185,19.9861559868,25.2628650665,0
1186,19.9993360043,25.2688548565,0
1187,20.0279099941,25.3024840355,0
1188,20.0395488739,25.3124070168,0
1189,20.0715658665,25.3462970257,0
1190,20.105027914,25.3924069405,0
1191,20.1221818924,25.396602869,0
1192,20.1372969151,25.4104659557,0
1193,20.1514248848,25.4231879711,0
1194,20.1633119583,25.4377360344,0
1195,20.1824018955,25.4613170624,0
1196,20.1966688633,25.4726150036,0
1197,20.2090330124,25.4887399673,0
1198,20.2357509136,25.5264499187,0
1199,20.2489140034,25.5289518833,0
1200,20.276843071,25.5717220306,2
1201,20.2899909019,25.572124958,2
1202,20.302382946,25.5782320499,2
1203,20.3193049431,25.6476769447,2
1204,20.3383879662,25.6517970562,2
1205,20.3529798985,25.6573200226,2
1206,20.3687579632,25.6594369411,2
1207,20.3829579353,25.6767120361,2
1208,20.4008848667,25.8523209095,2
1209,20.4124729633,25.887237072,2
1210,20.4252049923,25.8889899254,2
1211,20.4385900497,25.9079768658,2
1212,20.4501819611,25.9154498577,2
1213,20.4617390633,25.9164578915,2
1214,20.4741718769,25.9475438595,2
1215,20.4924738407,25.9502079487,2
1216,20.5099420547,25.9511299133,2
1217,20.5252468586,25.9525959492,2
1218,20.5397069454,26.0336220264,2
1219,20.5676748753,26.0341050625,2
1220,20.5796840191,26.0345418453,2
1221,20.593734026,26.0770030022,2
1222,20.6105558872,26.0774669647,2
1223,20.6437809467,26.0863659382,0
1224,20.6589410305,26.0868148804,0
1225,20.6826329231,26.0872528553,0
1226,20.6941740513,26.0876848698,0
1227,20.7202830315,26.0884640217,0
1228,20.7582550049,26.0909190178,0
1229,20.771946907,26.0919070244,0
1230,20.7987990379,26.0955278873,0
1231,20.8102738857,26.102864027,0
1232,20.8218519688,26.1034598351,0
1233,20.8372039795,26.1155738831,0
1234,20.8566119671,26.1322638988,0
1235,20.872189045,26.1437380314,0
1236,20.8924398422,26.1739499569,0
1237,20.9069960117,26.1771659851,0
1238,20.928123951,26.2078139782,0
1239,20.9609189034,26.2510700226,0
1240,20.9738149643,26.2553460598,0
1241,20.9944779873,26.2648169994,0
1242,21.0065729618,26.2838900089,0
1243,21.0188179016,26.2912118435,0
1244,21.0407099724,26.3276379108,0
1245,21.0766758919,26.3606190681,0
1246,21.0930109024,26.3724150658,0
1247,21.1084580421,26.3855168819,0
1248,21.120691061,26.3939070702,3
1249,21.1341400146,26.4106190205,3
1250,21.1473958492,26.4239008427,3
1251,21.1590368748,26.442168951,3
1252,21.1729550362,26.4459340572,3
1253,21.1909799576,26.4789369106,3
1254,21.2091889381,26.5172848701,3
1255,21.2272658348,26.5215408802,3
1256,21.2388448715,26.5305478573,3
1257,21.2654268742,26.5623059273,3
1258,21.2809538841,26.5678360462,3
1259,21.3055999279,26.5777089596,3
1260,21.3170819283,26.5935928822,3
1261,21.3430728912,26.6121609211,3
1262,21.3577809334,26.6960868835,3
1263,21.3750588894,26.702755928,3
1264,21.3875648975,26.7037210464,3
1265,21.4070999622,26.7060599327,3
1266,21.425080061,26.7103569508,3
1267,21.4393959045,26.7316138744,3
1268,21.4509840012,26.7545368671,3
1269,21.4654428959,26.7656798363,3
1270,21.4782149792,26.7684500217,3
1271,21.4977009296,26.7907090187,3
1272,21.5126109123,26.801928997,1
1273,21.5314218998,26.8357088566,1
1274,21.5499699116,26.8429329395,1
1275,21.5693769455,26.8756859303,1
1276,21.6083030701,26.8799738884,1
1277,21.6226508617,26.9529089928,1
1278,21.6489539146,26.9538400173,1
1279,21.665117979,26.9614188671,1
1280,21.6876268387,26.9802780151,1
1281,21.7033989429,26.9876489639,1
1282,21.7172529697,26.9888198376,1
1283,21.7311909199,27.0244090557,1
1284,21.742869854,27.0283279419,1
1285,21.7664399147,27.0631480217,1
1286,21.7798159122,27.0687839985,1
1287,21.8041369915,27.0765008926,1
1288,21.8230209351,27.1410720348,1
1289,21.8837480545,27.1734969616,1
1290,21.8956530094,27.1824228764,1
1291,21.9158079624,27.2156498432,1
1292,21.927975893,27.2526109219,3
1293,21.9417250156,27.2572779655,3
1294,21.9534568787,27.258908987,3
1295,21.9708309174,27.2640769482,3
1296,21.9823160172,27.2649710178,3
1297,21.9938929081,27.2690799236,3
1298,22.0057439804,27.2915699482,3
1299,22.0176458359,27.2973630428,3
1300,22.0380480289,27.3139369488,3
1301,22.0521838665,27.3300218582,3
1302,22.0659148693,27.3787279129,3
1303,22.0868749619,27.3870429993,3
1304,22.1013000011,27.3874459267,3
1305,22.1312310696,27.4187140465,3
1306,22.1446800232,27.4205570221,3
1307,22.1589460373,27.4660639763,3
1308,22.1764080524,27.5291209221,3
1309,22.1889948845,27.5351278782,3
1310,22.2022969723,27.53708601,3
1311,22.2187318802,27.5451078415,3
1312,22.2308130264,27.5508179665,3
1313,22.2572379112,27.5600159168,1
1314,22.2688720226,27.5656249523,1
1315,22.2956018448,27.567029953,1
1316,22.3096468449,27.5813188553,1
1317,22.333976984,27.614456892,1
1318,22.3538558483,27.6370270252,1
1319,22.3724570274,27.6468858719,1
1320,22.3840229511,27.6573588848,1
1321,22.4043388367,27.6878318787,1
1322,22.4235270023,27.697332859,1
1323,22.443035841,27.8325109482,1
1324,22.5932450294,28.0090868473,1
1325,22.7474629879,28.0307619572,1
1326,22.7692039013,28.0635020733,1
1327,22.7807359695,28.0828690529,1
1328,22.8071329594,28.1170220375,1
1329,22.8231880665,28.1178619862,1
1330,22.8427410126,28.1569468975,1
1331,22.8602788448,28.1579370499,1
1332,22.8728449345,28.1671538353,1
1333,22.8893420696,28.1730148792,1
1334,22.9028348923,28.1823308468,2
1335,22.9223110676,28.1948080063,2
1336,22.9355700016,28.2426879406,2
1337,22.9474020004,28.2492580414,2
1338,22.9592120647,28.2506248951,2
1339,22.9919090271,28.2741179466,2
1340,23.0044260025,28.3115160465,2
1341,23.0212039948,28.311923027,2
1342,23.0383939743,28.3341360092,2
1343,23.0585529804,28.3370819092,2
1344,23.0769789219,28.3491950035,2
1345,23.0907659531,28.3835179806,2
1346,23.1159420013,28.4231829643,2
1347,23.1292910576,28.4235918522,2
1348,23.1412780285,28.4239878654,2
1349,23.1534030437,28.438338995,2
1350,23.1708290577,28.4491989613,2
1351,23.1911439896,28.4693338871,2
1352,23.2106108665,28.5001249313,2
1353,23.2264728546,28.5009880066,2
1354,23.2441928387,28.541394949,2
1355,23.2596478462,28.5418009758,2
1356,23.2720329762,28.5655300617,0
1357,23.2871570587,28.5754170418,0
1358,23.304847002,28.577682972,0
1359,23.3246028423,28.5954520702,0
1360,23.3372559547,28.6135859489,0
1361,23.3487279415,28.6323049068,0
1362,23.3630049229,28.6405408382,0
1363,23.383592844,28.6714630127,0
1364,23.4006009102,28.6722528934,0
1365,23.412817955,28.7111270428,0
1366,23.4247529507,28.7119569778,0
1367,23.4374308586,28.7128179073,0
1368,23.4583199024,28.7282600403,0
1369,23.4739279747,28.7440738678,0
1370,23.4933588505,28.7653689384,0
1371,23.5084569454,28.7856450081,0
1372,23.5267589092,28.8002719879,0
1373,23.5384528637,28.8315889835,0
1374,23.5572929382,28.8355400562,0
1375,23.5772919655,28.8478770256,0
1376,23.5936079025,28.8642189503,0
1377,23.6053669453,28.8796069622,2
1378,23.6170730591,28.9027140141,2
1379,23.6368148327,28.909211874,2
1380,23.6527030468,28.9423348904,2
1381,23.6752970219,28.95125103,2
1382,23.6941649914,28.9661159515,2
1383,23.7220458984,28.9948370457,2
1384,23.7499978542,29.027616024,2
1385,23.7617919445,29.0415449142,2
1386,23.7767159939,29.0465428829,2
1387,23.7918219566,29.0648100376,2
1388,23.8035368919,29.0938470364,2
1389,23.8156208992,29.0947389603,2
1390,23.8279819489,29.1054470539,2
1391,23.840734005,29.1317439079,2
1392,23.8640170097,29.1405858994,2
1393,23.8777699471,29.1624159813,2
1394,23.9016048908,29.1804280281,2
1395,23.9146530628,29.2078399658,2
1396,23.9405460358,29.2118589878,2
1397,23.9529309273,29.2287969589,2
1398,23.9669668674,29.2441339493,2
1399,23.9789938927,29.2494499683,2
1400,23.9946608543,29.2864170074,2
1401,24.0170679092,29.3218269348,2
1402,24.0287499428,29.3228268623,2
1403,24.0404858589,29.3301999569,2
1404,24.0594260693,29.3599209785,0
1405,24.074630022,29.3613219261,0
1406,24.1006259918,29.4001078606,0
1407,24.1135969162,29.4005439281,0
1408,24.1269869804,29.4009640217,0
1409,24.1387009621,29.4394218922,0
1410,24.1506359577,29.4398598671,0
1411,24.1720578671,29.4777078629,0
1412,24.1845309734,29.4787819386,0
1413,24.2106819153,29.4980528355,0
1414,24.2279338837,29.5069339275,0
1415,24.2403569221,29.5129890442,0
1416,24.2553699017,29.5532209873,0
1417,24.2671480179,29.5540339947,0
1418,24.2886970043,29.5731010437,0
1419,24.3042068481,29.5761098862,0
1420,24.3209149837,29.5962269306,0
1421,24.3323209286,29.6066658497,0
1422,24.3441798687,29.6288430691,0
1423,24.3644909859,29.6393258572,0
1424,24.3777248859,29.6628248692,0
1425,24.390568018,29.6777749062,2
1426,24.4024379253,29.6786298752,2
1427,24.4141850471,29.717154026,2
1428,24.4327709675,29.720015049,2
1429,24.4517300129,29.7243180275,2
1430,24.4642808437,29.7451319695,2
1431,24.4809930325,29.7563140392,2
1432,24.4945678711,29.7784688473,2
1433,24.5218820572,29.7936508656,2
1434,24.5339210033,29.8295750618,2
1435,24.5603630543,29.8318300247,2
1436,24.5766859055,29.903826952,2
1437,24.5986258984,29.9079380035,2
1438,24.6114518642,29.9342188835,2
1439,24.6376368999,29.9357669353,2
1440,24.6511409283,29.9483249187,2
1441,24.6763868332,29.9523060322,2
1442,24.6944060326,29.9663870335,2
1443,24.7059090137,29.9762630463,2
1444,24.720099926,29.9917349815,2
1445,24.7330639362,30.0290229321,2
1446,24.7546620369,30.029433012,2
1447,24.7701568604,30.0471918583,2
1448,24.8001060486,30.0779969692,2
1449,24.8312458992,30.1097259521,2
1450,24.8451259136,30.1431288719,2
1451,24.8703169823,30.1439518929,2
1452,24.8843660355,30.2439339161,2
1453,24.8973138332,30.2577118874,0
1454,24.9107768536,30.2644789219,0
1455,24.9223608971,30.2690038681,0
1456,24.947603941,30.4159150124,0
1457,24.9635438919,30.4171340466,0
1458,24.986440897,30.4316329956,0
1459,25.0011210442,30.4368779659,0
1460,25.0247218609,30.4411418438,0
1461,25.0451319218,30.4989109039,0
1462,25.0672159195,30.5000729561,0
1463,25.0804049969,30.5110800266,0
1464,25.1011149883,30.5124800205,0
1466,25.1463890076,30.519329071,0
1467,25.1603660583,30.5273768902,0
1468,25.1801428795,30.5287790298,0
1469,25.1918058395,30.5346260071,0
1470,25.2191388607,30.535255909,0
1471,25.2345559597,30.5357279778,0
1472,25.2543649673,30.595386982,0
1473,25.2666199207,30.6128799915,3
1474,25.2839949131,30.6183459759,3
1475,25.2959890366,30.6189739704,3
1476,25.312474966,30.6206438541,3
1477,25.3239068985,30.6311328411,3
1478,25.3483140469,30.6475739479,3
1479,25.3616359234,30.6481399536,3
1480,25.3739659786,30.6702358723,3
1481,25.3888590336,30.6739430428,3
1482,25.4003589153,30.6813089848,3
1483,25.4263648987,30.7052168846,3
1484,25.4453208447,30.7209050655,3
1485,25.4574389458,30.7347459793,3
1486,25.4695689678,30.7430708408,3
1487,25.4811239243,30.7595510483,3
1488,25.4928209782,30.8379068375,3
1489,25.5050399303,30.838531971,3
1490,25.5196950436,30.8404929638,3
1491,25.537184,30.8441839218,3
1492,25.5506198406,30.8691799641,3
1493,25.5663559437,30.870167017,3
1494,25.5866298676,30.8706169128,3
1495,25.6041550636,30.9014160633,3
1496,25.6158049107,30.9019138813,3
1497,25.6276769638,30.9023659229,3
1498,25.6457779408,30.9415359497,3
1499,25.6610569954,30.9419970512,3
1500,25.6732609272,30.9593808651,1
1501,25.6856999397,30.9942569733,1
1502,25.7004129887,31.0067079067,1
1503,25.7125480175,31.010176897,1
1504,25.7310240269,31.0262348652,1
1505,25.7484400272,31.0372459888,1
1506,25.7640519142,31.0946838856,1
1507,25.7814049721,31.1159629822,1
1508,25.7929329872,31.1163849831,1
1509,25.8158450127,31.1167829037,1
1510,25.8289198875,31.1176218987,1
1511,25.8447270393,31.1370930672,1
1512,25.8600769043,31.3001070023,1
1513,25.8716058731,31.302437067,1
1514,25.9002280235,31.3059549332,1
1515,25.9143369198,31.3120930195,1
1465,25.1198568344,31.313035965,1
1516,25.9281108379,31.3134510517,1
1517,25.9397439957,31.3143699169,1
1518,25.9513089657,31.3156130314,1
1519,25.9673149586,31.3177549839,1
1520,25.9799489975,31.3190798759,1
1521,26.0058479309,31.3859770298,3
1522,26.0433750153,31.39041996,3
1523,26.063423872,31.3915948868,3
1524,26.0806488991,31.3927419186,3
1525,26.0943539143,31.4111809731,3
1526,26.1241459846,31.4392988682,3
1527,26.1558248997,31.4423940182,3
1528,26.1756119728,31.4687359333,3
1529,26.1901988983,31.4707069397,3
1530,26.2022058964,31.476984024,3
1531,26.2164709568,31.4930779934,3
1532,26.2396550179,31.5176489353,3
1533,26.2535200119,31.5244779587,3
1534,26.2734439373,31.5556819439,3
1535,26.2929079533,31.5647158623,3
1536,26.3050739765,31.5909540653,3
1537,26.3196649551,31.5921518803,3
1538,26.335078001,31.6244900227,3
1539,26.3649599552,31.6372699738,3
1540,26.40457201,31.6745409966,3
1541,26.4431970119,31.7341709137,3
1542,26.455124855,31.7363409996,3
1543,26.4725999832,31.7432849407,3
1544,26.4860980511,31.7759099007,1
1545,26.4987499714,31.7771239281,1
1546,26.5189809799,31.8137190342,1
1547,26.55762887,31.8397879601,1
1548,26.57721591,31.8498439789,1
1549,26.5954999924,31.8687839508,1
1550,26.6129169464,31.8889670372,1
1551,26.6356940269,31.9069650173,1
1552,26.6474649906,31.9200119972,1
1553,26.6745820045,31.9637179375,1
1554,26.6876158714,32.0000090599,1
1555,26.7056789398,32.0009839535,1
1556,26.7173428535,32.0013940334,1
1557,26.7304458618,32.0018098354,1
1558,26.7511968613,32.0247969627,1
1559,26.7646708488,32.0419099331,1
1560,26.7787339687,32.0507318974,1
1561,26.7906310558,32.0625510216,1
1562,26.8057169914,32.0836820602,1
1563,26.8268299103,32.1246569157,1
1564,26.8394038677,32.1257119179,1
1565,26.8642599583,32.1336648464,1
1566,26.8792798519,32.1517729759,1
1567,26.8954658508,32.1667768955,1
1568,26.9076709747,32.1885280609,3
1569,26.919369936,32.1893489361,3
1570,26.9416399002,32.2279100418,3
1571,26.9559350014,32.2287268639,3
1572,26.9731779099,32.2650749683,3
1573,26.9849090576,32.2659800053,3
1574,26.9986419678,32.2750439644,3
1575,27.0190010071,32.3041050434,3
1576,27.0311200619,32.3049440384,3
1577,27.0547728539,32.3493058681,3
1578,27.0926718712,32.3811159134,3
1579,27.1320478916,32.4192819595,3
1580,27.145868063,32.4880359173,3
1581,27.1711568832,32.4894008636,3
1582,27.2097740173,32.499163866,3
1583,27.2296969891,32.5043020248,3
1584,27.2456710339,32.5174250603,3
1585,27.2633910179,32.552218914,3
1586,27.2856099606,32.5637159348,3
1587,27.3016500473,32.5754449368,3
1588,27.3135809898,32.5895218849,3
1589,27.3284029961,32.6118209362,3
1590,27.3464620113,32.7062299252,1
1591,27.4349639416,32.7099230289,1
1592,27.4465370178,32.7210249901,1
1593,27.4624049664,32.732118845,1
1594,27.4780268669,32.7711560726,1
1595,27.4898650646,32.8012678623,1
1596,27.5097289085,32.8021459579,1
1597,27.5216598511,32.8239290714,1
1598,27.53332901,32.8247680664,1
1599,27.5458450317,32.8278889656,1
1600,27.562805891,32.8325500488,1
1601,27.5854158401,32.8561339378,1
1602,27.5976400375,32.877548933,1
1603,27.6236820221,32.8999969959,1
1604,27.6358318329,32.9048879147,1
1605,27.6622989178,32.9350700378,1
1606,27.679872036,32.9762098789,1
1607,27.6949219704,32.983041048,1
1608,27.7092349529,33.0131020546,1
1609,27.7277579308,33.03094697,1
1610,27.7397229671,33.0331630707,1
1611,27.7596418858,33.0452618599,3
1612,27.7811100483,33.0529408455,3
1613,27.7929718494,33.0792489052,3
1614,27.8101830482,33.0850658417,3
1615,27.8225028515,33.0987930298,3
1616,27.8358089924,33.1066958904,3
1617,27.8476588726,33.119617939,3
1618,27.8752729893,33.1460149288,3
1619,27.8949139118,33.1878600121,3
1620,27.9162218571,33.195775032,3
1621,27.9303870201,33.2027919292,3
1622,27.9545419216,33.2355849743,3
1623,27.9737758636,33.2655038834,3
1624,27.9854710102,33.2934238911,3
1625,27.9976458549,33.2938418388,3
1626,28.01343894,33.3476209641,3
1627,28.0854320526,33.3789389133,3
1628,28.0976748466,33.3872559071,3
1629,28.110640049,33.3887610435,3
1630,28.1302130222,33.4232900143,3
1631,28.149805069,33.430136919,3
1632,28.1702899933,33.462651968,3
1633,28.1863310337,33.4640240669,3
1634,28.1999850273,33.4975199699,3
1635,28.2137818336,33.5044629574,3
1636,28.22615695,33.5050230026,3
1637,28.240391016,33.5326318741,3
1638,28.2557058334,33.5424389839,3
1639,28.272233963,33.5428709984,3
1640,28.2894518375,33.5620758533,3
1641,28.3009419441,33.5783529282,1
1642,28.3269219398,33.6446628571,1
1643,28.3425898552,33.6495940685,1
1644,28.357396841,33.6791679859,1
1645,28.3698718548,33.6831119061,1
1646,28.3815469742,33.6915450096,1
1647,28.3997559547,33.6925909519,1
1648,28.4136779308,33.6969618797,1
1649,28.4286010265,33.7020339966,1
1650,28.4445369244,33.7222249508,1
1651,28.4652588367,33.7500898838,1
1652,28.4849259853,33.7886269093,1
1653,28.4974009991,33.7894668579,1
1654,28.5131349564,33.8264968395,1
1655,28.5264508724,33.8273320198,1
1656,28.5641880035,33.8417608738,1
1657,28.5809218884,33.8750529289,1
1658,28.6031420231,33.8836610317,1
1659,28.6147449017,33.8883728981,1
1660,28.6299798489,33.9041719437,1
1661,28.6427249908,33.9195258617,1
1662,28.6557278633,33.9412698746,1
1663,28.6837499142,33.978689909,1
1664,28.7154128551,33.9917888641,1
1665,28.730643034,34.0141689777,1
1666,28.7565488815,34.0355319977,3
1667,28.7707760334,34.0396049023,3
1668,28.7888300419,34.0598180294,3
1669,28.8135290146,34.0875349045,3
1670,28.8250739574,34.1038649082,3
1671,28.8485949039,34.1254658699,3
1672,28.8649680614,34.1456010342,3
1673,28.8810510635,34.1722049713,3
1674,28.8927760124,34.1870548725,3
1675,28.9045810699,34.1949419975,3
1676,28.9162149429,34.1954250336,3
1677,28.9276628494,34.2029240131,3
1678,28.9398539066,34.2116508484,3
1679,28.9517638683,34.2487740517,3
1680,28.9643828869,34.2547929287,3
1681,28.9820818901,34.2627809048,3
1682,28.9939439297,34.2647659779,3
1683,29.0075180531,34.3013379574,3
1684,29.0199589729,34.3205828667,3
1685,29.0561549664,34.3543949127,3
1686,29.073392868,34.3565578461,1
1687,29.0903260708,34.4007248878,1
1688,29.1021778584,34.4049348831,1
1689,29.1150100231,34.4070720673,1
1690,29.129762888,34.4117908478,1
1691,29.1475870609,34.4191009998,1
1692,29.1651158333,34.4686470032,1
1693,29.1812109947,34.4695370197,1
1694,29.2017929554,34.5106239319,1
1695,29.2143750191,34.511649847,1
1696,29.2269639969,34.5237908363,1
1697,29.2398438454,34.5312979221,1
1698,29.2555119991,34.5377168655,1
1699,29.2789368629,34.5573849678,1
1700,29.2979660034,34.5726380348,1
1701,29.3136758804,34.6083199978,1
1702,29.3318500519,34.618571043,1
1703,29.3575508595,34.6505229473,1
1704,29.3706798553,34.678812027,1
1705,29.395637989,34.6876869202,1
1706,29.4074800014,34.6935429573,1
1707,29.4328930378,34.7114050388,1
1708,29.4487259388,34.7245419025,1
1709,29.4627599716,34.748914957,1
1710,29.4743559361,34.7576980591,1
1711,29.4863848686,34.7606039047,1
1712,29.5084519386,34.8033258915,1
1713,29.545568943,34.8480198383,3
1714,29.5699489117,34.8665189743,3
1715,29.5830628872,34.8780739307,3
1716,29.5962409973,34.8846988678,3
1717,29.6216609478,34.907542944,3
1718,29.6337580681,34.910476923,3
1719,29.646187067,34.936522007,3
1720,29.6580488682,34.951310873,3
1721,29.6702878475,34.9594950676,3
1722,29.6961228848,34.9841580391,3
1723,29.7082788944,35.017649889,3
1724,29.7332780361,35.0220890045,3
1725,29.7479698658,35.0277318954,3
1726,29.7640230656,35.0503818989,3
1727,29.7755639553,35.0546679497,3
1728,29.7956390381,35.0909729004,3
1729,29.8145239353,35.2503979206,3
1730,29.8380050659,35.2518780231,3
1731,29.8523049355,35.2530779839,3
1732,29.8669550419,35.254242897,3
1733,29.8811159134,35.2637419701,1
1734,29.8965358734,35.2701568604,1
1735,29.9219489098,35.2716569901,1
1736,29.9339718819,35.2744259834,1
1737,29.9606599808,35.3267009258,1
1738,29.9765658379,35.3287599087,1
1739,30.0033459663,35.3306388855,1
1740,30.0371320248,35.3386158943,1
1741,30.0489778519,35.3393938541,1
1742,30.0831270218,35.3818950653,1
1743,30.1138679981,35.3982009888,1
1744,30.1278259754,35.4040248394,1
1745,30.1522529125,35.4244520664,1
1746,30.165045023,35.4380609989,1
1747,30.1920330524,35.4749798775,1
1748,30.2070660591,35.480661869,1
1749,30.2187969685,35.5185799599,1
1750,30.2317669392,35.5244309902,1
1751,30.2458050251,35.5249240398,1
1752,30.2667679787,35.5532419682,1
1753,30.2823929787,35.5575699806,1
1754,30.2952840328,35.5711479187,1
1755,30.3079669476,35.5970339775,1
1756,30.3229708672,35.6003539562,1
1757,30.3438470364,35.6311578751,1
1758,30.3826930523,35.6705560684,1
1759,30.3987140656,35.6793899536,1
1760,30.4212720394,35.6924879551,1
1761,30.4341769218,35.7222800255,1
1762,30.4478318691,35.7243578434,3
1763,30.4608478546,35.7528479099,3
1764,30.4743430614,35.7629499435,3
1765,30.4956200123,35.7868938446,3
1766,30.5082280636,35.8003230095,3
1767,30.5330958366,35.8282139301,3
1768,30.5453848839,35.8346068859,3
1769,30.5573580265,35.8599710464,3
1770,30.5711889267,35.860394001,3
1771,30.5828850269,35.8616809845,3
1772,30.6104619503,35.8972399235,3
1773,30.6226968765,35.9115009308,3
1774,30.6377170086,35.9178309441,3
1775,30.6503870487,35.9404850006,3
1776,30.6618840694,35.9451479912,3
1777,30.6857149601,35.9683458805,3
1778,30.6972589493,35.9726629257,3
1779,30.7092828751,35.9845218658,3
1780,30.7232279778,36.011936903,3
1781,30.7360758781,36.0235228539,3
1782,30.7488110065,36.0592370033,3
1783,30.8011689186,36.0973558426,3
1784,30.8127038479,36.1027159691,3
1785,30.8314740658,36.1126408577,1
1786,30.8432359695,36.1223740578,1
1787,30.8564679623,36.1295239925,1
1788,30.8747098446,36.1600589752,1
1789,30.8899400234,36.1698520184,1
1790,30.9121620655,36.1984388828,1
1791,30.9269008636,36.1994149685,1
1792,30.9420118332,36.2169499397,1
1793,30.9552769661,36.2277810574,1
1794,30.9875218868,36.2735998631,1
1795,31.0010678768,36.292206049,1
1796,31.026350975,36.3456759453,1
1797,31.0640790462,36.3469820023,1
1798,31.0771679878,36.3710708618,1
1799,31.1027829647,36.3857469559,1
1800,31.1157090664,36.386592865,1
1801,31.1273670197,36.4008500576,1
1802,31.141782999,36.4257218838,1
1803,31.1537349224,36.4266319275,1
1804,31.2360379696,36.5244209766,1
1805,31.2575018406,36.5700139999,1
1806,31.2695529461,36.6032779217,1
1807,31.2818388939,36.6139528751,1
1808,31.2936999798,36.614413023,1
1809,31.3058450222,36.6152019501,1
1810,31.3315219879,36.6531329155,1
1811,31.3475348949,36.6536409855,1
1812,31.3767478466,36.7527220249,2
1813,31.4095840454,36.7569718361,2
1814,31.4284820557,36.7668960094,2
1815,31.4412369728,36.7678689957,2
1816,31.4548020363,36.7692189217,2
1817,31.4667420387,36.8777370453,2
1818,31.4832239151,36.8788669109,2
1819,31.4990260601,36.8821339607,2
1820,31.5216779709,36.8888258934,2
1821,31.533728838,36.890308857,2
1822,31.5596039295,36.8914899826,2
1823,31.5752439499,36.8926689625,2
1824,31.6060769558,36.9081339836,2
1825,31.6245779991,36.9130449295,2
1826,31.6366639137,36.9198138714,2
1827,31.6494350433,36.9277849197,2
1828,31.674533844,36.9488859177,2
1829,31.6859879494,36.9732968807,2
1830,31.7119989395,37.0222108364,2
1831,31.7243609428,37.0605289936,2
1832,31.7533290386,37.0629758835,2
1833,31.7659649849,37.0641999245,2
1834,31.7819700241,37.0786719322,0
1835,31.80139184,37.0810570717,0
1836,31.8206870556,37.0915420055,0
1837,31.8326179981,37.1347389221,0
1838,31.8588068485,37.1392049789,0
1839,31.8740818501,37.1660649776,0
1840,31.8967978954,37.1744618416,0
1841,31.9141960144,37.2062289715,0
1842,31.9264159203,37.2141668797,0
1843,31.9405369759,37.2178618908,0
1844,31.9552810192,37.2255909443,0
1845,31.9864768982,37.2621109486,0
1846,32.0024368763,37.3298950195,0
1847,32.0154759884,37.3421158791,0
1848,32.0270550251,37.3443658352,0
1849,32.0491099358,37.3476848602,0
1850,32.0661518574,37.3488719463,0
1851,32.0875020027,37.3581008911,0
1852,32.0996599197,37.3712420464,0
1853,32.1313450336,37.4039480686,0
1854,32.1457278728,37.4311430454,0
1855,32.1591598988,37.4373719692,0
1856,32.1711099148,37.4441268444,0
1857,32.1828889847,37.4539699554,0
1858,32.2143888474,37.4869639874,0
1859,32.2422938347,37.5133759975,0
1860,32.2609789371,37.5530350208,0
1861,32.2767028809,37.5667479038,2
1862,32.2908558846,37.5703868866,2
1863,32.3038480282,37.5798940659,2
1864,32.3163599968,37.5881679058,2
1865,32.3291220665,37.6073930264,2
1866,32.3417308331,37.6287620068,2
1867,32.3562459946,37.6401219368,2
1868,32.3681030273,37.641849041,2
1869,32.3796849251,37.6784820557,2
1870,32.394589901,37.6910588741,2
1871,32.4059419632,37.6982319355,2
1872,32.4179718494,37.7081480026,2
1873,32.4312679768,37.7164800167,2
1874,32.4440579414,37.8174898624,2
1875,32.4578340054,37.8200068474,2
1876,32.4812810421,37.8307938576,2
1877,32.5181610584,37.8520309925,2
1878,32.5563540459,37.853096962,2
1879,32.5739679337,37.8560369015,2
1880,32.5884280205,37.8609259129,2
1881,32.5999588966,37.8860089779,2
1882,32.6169660091,37.8958480358,0
1883,32.6316380501,37.906028986,0
1884,32.6466548443,37.9201040268,0
1885,32.6688809395,37.9603500366,0
1886,32.6835379601,37.9720568657,0
1887,32.6992950439,37.99761796,0
1888,32.7160089016,38.010226965,0
1889,32.7458870411,38.020211935,0
1890,32.7581570148,38.0508849621,0
1891,32.7834289074,38.0554668903,0
1892,32.7986609936,38.0739040375,0
1893,32.8226969242,38.0950398445,0
1894,32.8364038467,38.129791975,0
1895,32.8493988514,38.1439468861,0
1896,32.8624448776,38.1445138454,0
1897,32.8741350174,38.1472530365,0
1898,32.8859920502,38.2372870445,0
1899,32.8994379044,38.2502219677,0
1900,32.911468029,38.2563560009,0
1901,32.9233338833,38.2632248402,0
1902,32.935147047,38.2661578655,0
1903,32.9473838806,38.2753770351,0
1904,32.9618558884,38.2770688534,0
1905,32.9734728336,38.2805459499,0
1906,32.9906108379,38.2901649475,0
1907,33.0184719563,38.310464859,0
1908,33.0337190628,38.3156380653,0
1909,33.0560269356,38.3256728649,0
1910,33.0686998367,38.3553888798,0
1911,33.0960609913,38.3905858994,0
1912,33.1088719368,38.3928608894,3
1913,33.1223139763,38.4066019058,3
1914,33.1352949142,38.4309089184,3
1915,33.1504650116,38.4350168705,3
1916,33.1710639,38.4467029572,3
1917,33.1826350689,38.4558689594,3
1918,33.2107348442,38.4832968712,3
1919,33.22220397,38.515994072,3
1920,33.2489709854,38.5311000347,3
1921,33.2669448853,38.5664479733,3
1922,33.2893240452,38.5704109669,3
1923,33.3014600277,38.5771410465,3
1924,33.3306338787,38.6086368561,3
1925,33.343503952,38.6467878819,3
1926,33.3651759624,38.6476418972,3
1927,33.3785190582,38.6735868454,3
1928,33.4028089046,38.679710865,3
1929,33.4174249172,38.689125061,3
1930,33.4332449436,38.7252190113,3
1931,33.4472329617,38.7286009789,3
1932,33.4794640541,38.7617590427,3
1933,33.4960260391,38.7846848965,3
1934,33.5164449215,38.8021960258,3
1935,33.5336709023,38.8243539333,3
1936,33.5674378872,38.85501194,3
1937,33.5922238827,38.8609199524,3
1938,33.6072309017,38.9781968594,3
1939,33.6296029091,38.9832959175,1
1940,33.642277956,38.9865138531,1
1941,33.6606688499,38.9898409843,1
1942,33.6724939346,39.0040969849,1
1943,33.6842730045,39.0045309067,1
1944,33.7017560005,39.0049569607,1
1945,33.7174949646,39.0149710178,1
1946,33.7569029331,39.0880198479,1
1947,33.7846999168,39.0927319527,1
1948,33.8096208572,39.1729638577,1
1949,33.8281629086,39.1817119122,1
1950,33.8413538933,39.1863880157,1
1951,33.8548250198,39.1939508915,1
1952,33.8665549755,39.1987729073,1
1953,33.8924770355,39.1996259689,1
1954,33.9077608585,39.2043159008,1
1955,33.9305739403,39.2218470573,1
1956,33.9436218739,39.2263019085,1
1957,33.9561648369,39.2388980389,1
1958,33.9724998474,39.2548089027,1
1959,33.984443903,39.2604990005,1
1960,34.014549017,39.2876689434,1
1961,34.0434749126,39.3791089058,1
1962,34.0615680218,39.3820719719,1
1963,34.0736410618,39.3828408718,1
1964,34.085226059,39.4537489414,3
1965,34.0993359089,39.4561960697,3
1966,34.1190209389,39.4811909199,3
1967,34.1340210438,39.4820518494,3
1968,34.1591238976,39.4880440235,3
1969,34.1722569466,39.49061203,3
1970,34.1877429485,39.494838953,3
1971,34.2010500431,39.49898386,3
1972,34.2175679207,39.5081079006,3
1973,34.2343459129,39.5241148472,3
1974,34.2485878468,39.5317549706,3
1975,34.2671380043,39.5495538712,3
1976,34.2823150158,39.5559420586,3
1977,34.2988128662,39.5915670395,3
1978,34.3124680519,39.5973558426,3
1979,34.3300728798,39.6254198551,3
1980,34.3447539806,39.6302988529,3
1981,34.3682148457,39.6605968475,3
1982,34.3855528831,39.6610770226,3
1983,34.3975338936,39.6712958813,3
1984,34.4125368595,39.6980609894,3
1985,34.4273600578,39.7158999443,1
1986,34.4515500069,39.8201360703,1
1987,34.4653730392,39.8244130611,1
1988,34.4770128727,39.8284869194,1
1989,34.4898860455,39.8372468948,1
1990,34.5129549503,39.8417570591,1
1991,34.5299248695,39.8426458836,1
1992,34.5414860249,39.8459429741,1
1993,34.5532560349,39.8525109291,1
1994,34.5647900105,39.9024488926,1
1995,34.5811488628,39.9151940346,1
1996,34.5957348347,39.9399728775,1
1997,34.6156539917,39.9507758617,1
1998,34.6300799847,39.9554889202,1
1999,34.6416678429,39.95855093,1
2000,34.6571109295,39.965818882,1
